0.000000000000000000e+00	-1.984023357943641593e-04	9.469860681581161732e-02	4.622085707133676280e-01	2.000000000000000111e-01	1.199999999999999956e+00	2.843683051699649050e-02
1.000000000000000000e+00	7.239648226618493505e-04	1.689805480762346657e-01	1.893402180643559696e-01	2.000000000000000111e-01	1.199999999999999956e+00	7.123949865109745205e-03
2.000000000000000000e+00	2.202294557442318473e-03	1.210834502120936296e-01	3.917472628396394541e-01	2.000000000000000111e-01	1.199999999999999956e+00	8.257603682359667546e-03
3.000000000000000000e+00	-1.697147614050190123e-04	3.137743388854191129e-01	-1.354567027665565249e-01	2.000000000000000111e-01	1.199999999999999956e+00	5.837603450753102614e-03
4.000000000000000000e+00	-8.211552629686953838e-04	2.578359052018024955e-01	-1.297400348348034527e-01	2.000000000000000111e-01	1.199999999999999956e+00	6.498736733442417660e-03
5.000000000000000000e+00	5.449391201206034083e-03	1.003556829737884820e-01	3.869045981703238546e-01	2.000000000000000111e-01	1.199999999999999956e+00	1.074566176090474036e-02
6.000000000000000000e+00	1.107333844527476872e-03	1.982233636122534282e-01	2.289387908452176212e-01	2.000000000000000111e-01	1.199999999999999956e+00	1.084873398424766530e-02
7.000000000000000000e+00	3.411163480590691417e-03	1.481537797234322718e-01	2.419245939225573849e-01	2.000000000000000111e-01	1.199999999999999956e+00	3.533918165651215876e-03
8.000000000000000000e+00	-3.997984367705153543e-04	1.858254526195997347e-01	4.015028219807534882e-01	2.000000000000000111e-01	1.199999999999999956e+00	1.092924540400855120e-02
9.000000000000000000e+00	3.016914836868573669e-04	1.012794776144700093e-01	4.450208810482716437e-01	2.000000000000000111e-01	1.199999999999999956e+00	8.817207373166701181e-03
1.000000000000000000e+01	4.723299304616576134e-03	2.015954033648991728e-01	2.093495515764427495e-01	2.000000000000000111e-01	1.199999999999999956e+00	4.666726571091854743e-03
1.100000000000000000e+01	3.280030990017654847e-03	1.418602338001065943e-01	3.080290547486801422e-01	2.000000000000000111e-01	1.199999999999999956e+00	6.568441812980353560e-03
1.200000000000000000e+01	7.156100042470720825e-04	1.313600662351866732e-01	3.846980689116339391e-01	2.000000000000000111e-01	1.199999999999999956e+00	3.761691490330713698e-03
1.300000000000000000e+01	-8.256758850053497103e-04	2.050050649824561311e-01	2.608851375339140688e-01	2.000000000000000111e-01	1.199999999999999956e+00	8.162121975784711325e-03
1.400000000000000000e+01	2.499442477053188667e-04	1.500671581799667420e-01	1.738396369313757184e-01	2.000000000000000111e-01	1.199999999999999956e+00	5.718628958035362753e-03
1.500000000000000000e+01	1.672628154354050163e-03	6.611980018637000911e-02	5.633838352361801860e-01	2.000000000000000111e-01	1.199999999999999956e+00	7.965036622001819833e-03
1.600000000000000000e+01	-9.970298035877859111e-04	2.301263208284548278e-01	2.228497666098778751e-01	2.000000000000000111e-01	1.199999999999999956e+00	8.604286980570313367e-03
1.700000000000000000e+01	2.917131739142098112e-03	1.480486395645455866e-01	4.126837447005309301e-01	2.000000000000000111e-01	1.199999999999999956e+00	2.835670310756739122e-03
1.800000000000000000e+01	7.594876944036517549e-04	1.960297661418543280e-01	2.600035660935713366e-01	2.000000000000000111e-01	1.199999999999999956e+00	7.404563463414321964e-03
1.900000000000000000e+01	2.209016830103609826e-03	1.180315929684349618e-01	3.757392853754386586e-01	2.000000000000000111e-01	1.199999999999999956e+00	5.446880618174778158e-03
2.000000000000000000e+01	2.465574084116200441e-03	9.563121589529957611e-02	4.190364849577103978e-01	2.000000000000000111e-01	1.199999999999999956e+00	5.147365037149096399e-03
2.100000000000000000e+01	2.260450962708132183e-03	7.952475236248184032e-02	4.556024774915643505e-01	2.000000000000000111e-01	1.199999999999999956e+00	1.721706740379759602e-03
2.200000000000000000e+01	2.486121144014993931e-03	8.130743047099048271e-02	5.186694412847980828e-01	2.000000000000000111e-01	1.199999999999999956e+00	2.900248904298455364e-03
2.300000000000000000e+01	2.206399831155571398e-03	1.531455951353720146e-01	1.181705032973661140e-01	2.000000000000000111e-01	1.199999999999999956e+00	4.649316674622714154e-03
2.400000000000000000e+01	-6.610189631004186224e-05	2.879966308647183282e-01	2.905499915487430584e-02	2.000000000000000111e-01	1.199999999999999956e+00	5.738039622962299267e-03
2.500000000000000000e+01	9.299353925937260679e-03	2.657175598836793995e-01	-9.335384891535003504e-02	2.000000000000000111e-01	1.199999999999999956e+00	2.436631522421343031e-03
2.600000000000000000e+01	1.634584260815473509e-03	4.635296506681420986e-02	6.746483580550743930e-01	2.000000000000000111e-01	1.199999999999999956e+00	5.999712793725410845e-03
2.700000000000000000e+01	7.983682993594349566e-04	1.562377119128859626e-01	3.730644422485251965e-01	2.000000000000000111e-01	1.199999999999999956e+00	5.110788495763491680e-03
2.800000000000000000e+01	1.309256603000285950e-03	1.973889203630038169e-01	1.910473768595650768e-01	2.000000000000000111e-01	1.199999999999999956e+00	1.413471498389092494e-02
2.900000000000000000e+01	-2.166509658840373720e-02	8.053711682269246719e-01	-1.026740144588234038e+00	2.000000000000000111e-01	1.199999999999999956e+00	1.369469382046506131e-02
3.000000000000000000e+01	-4.210994006341503733e-03	4.289379764005211704e-01	-4.138342496176798946e-01	2.000000000000000111e-01	1.199999999999999956e+00	3.897215565437651009e-03
3.100000000000000000e+01	-1.130988294691006847e-04	1.355245040196845774e-01	4.097950091202657852e-01	2.000000000000000111e-01	1.199999999999999956e+00	1.226286835041491899e-02
3.200000000000000000e+01	-1.578567651316877506e-03	3.200278877274937983e-01	1.176390960734874369e-02	2.000000000000000111e-01	1.199999999999999956e+00	7.349008743603608999e-03
3.300000000000000000e+01	-2.803204767301321551e-03	3.094691400973415552e-01	-1.485656662053127519e-01	2.000000000000000111e-01	1.199999999999999956e+00	2.394923646164720012e-03
3.400000000000000000e+01	1.664274327985331694e-03	9.055140671042603839e-02	4.309516452714428070e-01	2.000000000000000111e-01	1.199999999999999956e+00	5.470805062112794534e-03
3.500000000000000000e+01	6.093608759896473361e-04	1.313420894670738748e-01	4.423235603539019678e-01	2.000000000000000111e-01	1.199999999999999956e+00	6.317427980894118125e-03
3.600000000000000000e+01	-2.359595429617018097e-03	3.043755665865142679e-01	-7.699475349626716536e-02	2.000000000000000111e-01	1.199999999999999956e+00	9.274973034794672944e-03
3.700000000000000000e+01	-3.163482314253693610e-04	3.017649356370792346e-01	-3.041071982828258413e-02	2.000000000000000111e-01	1.199999999999999956e+00	5.748824397780278803e-03
3.800000000000000000e+01	2.470788900897997499e-03	1.818632992340656895e-01	9.984484532517035049e-02	2.000000000000000111e-01	1.199999999999999956e+00	3.801332900143362340e-03
3.900000000000000000e+01	-6.853334547113746657e-03	3.984642241725663836e-01	-6.856972200432718267e-01	2.000000000000000111e-01	1.199999999999999956e+00	1.349946946844850573e-02
4.000000000000000000e+01	9.123801478507248541e-03	3.783728885322558688e-01	-4.889605473508766842e-01	2.000000000000000111e-01	1.199999999999999956e+00	5.887722859021313031e-03
4.100000000000000000e+01	1.622844344358234658e-03	7.535957453213852630e-02	5.189206399629424649e-01	2.000000000000000111e-01	1.199999999999999956e+00	6.886171493920865971e-03
4.200000000000000000e+01	3.118596003556002453e-04	1.511464962654028577e-01	2.859941027638717159e-01	2.000000000000000111e-01	1.199999999999999956e+00	3.990661061854488059e-03
4.300000000000000000e+01	1.669155768584981757e-03	4.703586077878867955e-01	-7.910498523538844751e-01	2.000000000000000111e-01	1.199999999999999956e+00	4.044896727962745721e-03
4.400000000000000000e+01	4.375086138770760435e-04	1.731264421904917528e-01	2.408099211081458080e-01	2.000000000000000111e-01	1.199999999999999956e+00	6.443773627441235982e-03
4.500000000000000000e+01	-3.009178028226850918e-03	2.701065001699460844e-01	-5.591886308681885964e-01	2.000000000000000111e-01	1.199999999999999956e+00	3.080436562069652218e-02
4.600000000000000000e+01	7.640965335737850061e-04	1.128444967281533873e-01	3.999201719093203877e-01	2.000000000000000111e-01	1.199999999999999956e+00	5.768176167683980275e-03
4.700000000000000000e+01	2.074551064504086533e-04	4.609461710089061137e-01	-5.749334009212372365e-01	2.000000000000000111e-01	1.199999999999999956e+00	6.144648900339307399e-03
4.800000000000000000e+01	1.419317296167506336e-03	2.577360739687757363e-01	-9.225607927422885268e-02	2.000000000000000111e-01	1.199999999999999956e+00	2.147023222579435859e-03
4.900000000000000000e+01	-1.066995420750994645e-03	2.490757669085116865e-01	3.195235622954939458e-02	2.000000000000000111e-01	1.199999999999999956e+00	5.478260527752507915e-03
5.000000000000000000e+01	-1.878123384752566493e-04	1.013861482218462173e-01	2.404088178445569213e-01	2.000000000000000111e-01	1.199999999999999956e+00	4.534715448742591623e-03
5.100000000000000000e+01	-9.328091106595680360e-03	7.192621003091499432e-01	-1.032107528505517458e+00	2.000000000000000111e-01	1.199999999999999956e+00	6.231348404928337657e-03
5.200000000000000000e+01	3.026622935141435721e-03	2.596542899518869962e-01	-1.218766602372545194e-02	2.000000000000000111e-01	1.199999999999999956e+00	6.344562795088806197e-03
5.300000000000000000e+01	2.891306610822583982e-04	1.657423745692858663e-01	2.239904703963269128e-01	2.000000000000000111e-01	1.199999999999999956e+00	2.158810964424978402e-03
5.400000000000000000e+01	8.861894737076241339e-04	1.015625828950273424e-01	4.876084426801172711e-01	2.000000000000000111e-01	1.199999999999999956e+00	6.875634885921057260e-03
5.500000000000000000e+01	8.237810954992367662e-04	1.289810899746439421e-01	3.288612629642666541e-01	2.000000000000000111e-01	1.199999999999999956e+00	1.178056992656741336e-03
5.600000000000000000e+01	-2.092389250768380074e-03	3.627017572583746130e-01	-2.608948055615201156e-02	2.000000000000000111e-01	1.199999999999999956e+00	1.075400778454676555e-02
5.700000000000000000e+01	-2.241266777819724346e-02	9.662869545224868073e-01	-1.655879182175607589e+00	2.000000000000000111e-01	1.199999999999999956e+00	5.101367335041158760e-03
5.800000000000000000e+01	4.771455968305850074e-04	1.994291334608958022e-01	1.916581389205500585e-01	2.000000000000000111e-01	1.199999999999999956e+00	3.309093725901145113e-03
5.900000000000000000e+01	5.374582189017650851e-04	2.030378839735533236e-01	1.857584431811991621e-01	2.000000000000000111e-01	1.199999999999999956e+00	7.192452116097499022e-03
6.000000000000000000e+01	4.763501380435256928e-03	1.100724915162031164e-01	4.363737578715711773e-01	2.000000000000000111e-01	1.199999999999999956e+00	1.012665570459858784e-02
6.100000000000000000e+01	-1.061577352922780763e-02	6.465637413320260984e-01	-8.977542538407972117e-01	2.000000000000000111e-01	1.199999999999999956e+00	6.191373824243034951e-03
6.200000000000000000e+01	-1.498062050064685345e-03	2.311022542686644587e-01	-1.122859053912428351e-02	2.000000000000000111e-01	1.199999999999999956e+00	5.211669679900600601e-03
6.300000000000000000e+01	8.906679242729321697e-03	4.225034300126211950e-01	-7.156616653692409180e-01	2.000000000000000111e-01	1.199999999999999956e+00	4.582767733376767912e-03
6.400000000000000000e+01	1.045588733709601611e-03	1.052226095626194874e-01	5.069250885082903224e-01	2.000000000000000111e-01	1.199999999999999956e+00	8.796769399644452370e-03
6.500000000000000000e+01	1.835578731126276527e-03	2.155589535828056624e-01	1.674383537069794592e-01	2.000000000000000111e-01	1.199999999999999956e+00	9.191263259036089317e-03
6.600000000000000000e+01	7.994353263339897030e-04	3.533527861885461530e-01	-1.016618514761566949e-01	2.000000000000000111e-01	1.199999999999999956e+00	3.808157152336147985e-03
6.700000000000000000e+01	-5.005978365965276650e-03	6.097749186116340203e-01	-9.037435093628483074e-01	2.000000000000000111e-01	1.199999999999999956e+00	7.203941457583085302e-03
6.800000000000000000e+01	-1.344045211480620651e-03	2.945783137680154096e-01	-1.413057488564284370e-02	2.000000000000000111e-01	1.199999999999999956e+00	5.718701522842962147e-03
6.900000000000000000e+01	2.799986864836274286e-04	9.035059581242255167e-02	5.241779270664714829e-01	2.000000000000000111e-01	1.199999999999999956e+00	4.911072698755941830e-03
7.000000000000000000e+01	2.597729006946835045e-03	1.460821314752417388e-01	3.663028320122352355e-01	2.000000000000000111e-01	1.199999999999999956e+00	8.178240363283729303e-03
7.100000000000000000e+01	-3.665910725787227282e-03	3.973809062719529384e-01	-3.794469842228860301e-01	2.000000000000000111e-01	1.199999999999999956e+00	7.198400248628235819e-03
7.200000000000000000e+01	1.984096695019131520e-03	2.488296056488815688e-01	1.091001584077728737e-01	2.000000000000000111e-01	1.199999999999999956e+00	5.863650107174543311e-03
7.300000000000000000e+01	4.439120821003127420e-04	1.302905271404372900e-01	3.708567610461210862e-01	2.000000000000000111e-01	1.199999999999999956e+00	5.389517261542376217e-03
7.400000000000000000e+01	1.828877797650541341e-03	1.584058683993837258e-01	2.934597766930471252e-01	2.000000000000000111e-01	1.199999999999999956e+00	8.012869270947749201e-03
7.500000000000000000e+01	4.578993062154781057e-04	1.048747366268450720e-01	4.870969176552044644e-01	2.000000000000000111e-01	1.199999999999999956e+00	7.332601108485692874e-03
7.600000000000000000e+01	9.891050409307265354e-03	6.676020601345707128e-02	5.268512021359429420e-01	2.000000000000000111e-01	1.199999999999999956e+00	1.057997577067433526e-02
7.700000000000000000e+01	-1.373750117250940482e-03	2.765894198976436846e-01	-1.240209977597297453e-01	2.000000000000000111e-01	1.199999999999999956e+00	4.097094997085383786e-03
7.800000000000000000e+01	1.862640105080945940e-03	2.589935585926088080e-01	9.221846697394564529e-02	2.000000000000000111e-01	1.199999999999999956e+00	1.085755961870151290e-02
7.900000000000000000e+01	2.436546085123239992e-03	1.773417761102891177e-01	1.238139445082957479e-01	2.000000000000000111e-01	1.199999999999999956e+00	2.139870403120262745e-03
8.000000000000000000e+01	1.823539101633959167e-03	1.098010041936720860e-01	3.867508173971891949e-01	2.000000000000000111e-01	1.199999999999999956e+00	7.565602803480790846e-03
8.100000000000000000e+01	1.899938965046537361e-03	1.284433051551491234e-01	4.216467486973098922e-01	2.000000000000000111e-01	1.199999999999999956e+00	7.931675204949709124e-03
8.200000000000000000e+01	2.169713237394761598e-03	3.111835768917060041e-01	-9.660317695484632594e-02	2.000000000000000111e-01	1.199999999999999956e+00	1.489713365660497515e-02
8.300000000000000000e+01	2.552864013490736914e-03	4.585742721978355169e-02	6.838310262289623020e-01	2.000000000000000111e-01	1.199999999999999956e+00	2.578182292794945277e-02
8.400000000000000000e+01	1.974795395617068728e-03	7.590218236206537628e-02	4.892991227933050080e-01	2.000000000000000111e-01	1.199999999999999956e+00	3.557433298804671146e-03
8.500000000000000000e+01	3.387927399044024165e-03	1.882394384814735921e-01	1.410378779617298406e-01	2.000000000000000111e-01	1.199999999999999956e+00	5.635671951058378835e-03
8.600000000000000000e+01	1.560565022994132725e-03	2.130071251664376608e-01	1.581999346370266402e-01	2.000000000000000111e-01	1.199999999999999956e+00	6.428871267477715389e-03
8.700000000000000000e+01	6.391827757443981767e-03	1.811042432234021005e-01	2.170801444343717357e-01	2.000000000000000111e-01	1.199999999999999956e+00	7.642847431575642766e-03
8.800000000000000000e+01	1.384252505727320576e-03	1.647476725009465459e-01	3.082569882551466911e-01	2.000000000000000111e-01	1.199999999999999956e+00	4.038667024756844269e-03
8.900000000000000000e+01	3.426491087676386375e-03	2.278097301105885542e-01	8.729998028724317294e-02	2.000000000000000111e-01	1.199999999999999956e+00	9.225242098769669344e-03
9.000000000000000000e+01	6.485899167204472538e-04	6.626203679832007309e-02	6.973739060918706656e-01	2.000000000000000111e-01	1.199999999999999956e+00	1.346134905717429227e-02
9.100000000000000000e+01	1.231895580571301966e-03	1.447578444632436345e-01	2.872548131572880692e-01	2.000000000000000111e-01	1.199999999999999956e+00	3.910390391944630097e-03
9.200000000000000000e+01	-5.213967797468588468e-03	4.167299883654456139e-01	-6.781839816823502787e-01	2.000000000000000111e-01	1.199999999999999956e+00	4.453255226428249128e-03
9.300000000000000000e+01	-1.238276831406238086e-02	6.149722183863338687e-01	-1.071115421262078371e+00	2.000000000000000111e-01	1.199999999999999956e+00	8.453060370110709529e-03
9.400000000000000000e+01	-2.916349268658803041e-04	3.441060141764763491e-01	5.836608121390085557e-02	2.000000000000000111e-01	1.199999999999999956e+00	8.087731673068941640e-03
9.500000000000000000e+01	1.440412456701110975e-04	1.620959995736938053e-01	1.507900417144543148e-01	2.000000000000000111e-01	1.199999999999999956e+00	3.460779090196930419e-03
9.600000000000000000e+01	1.286245717721394566e-03	1.778380917467378142e-01	1.650772565437339523e-01	2.000000000000000111e-01	1.199999999999999956e+00	2.747991240329251267e-03
9.700000000000000000e+01	1.524595857671856179e-03	1.077736661604348188e-02	7.987746894866025738e-01	2.000000000000000111e-01	1.199999999999999956e+00	9.694441208613374661e-03
9.800000000000000000e+01	1.354471386408999736e-03	1.361421543435379078e-01	1.482691183955808789e-01	2.000000000000000111e-01	1.199999999999999956e+00	4.230909020630166557e-03
9.900000000000000000e+01	-4.771965354723517244e-04	4.084184043619892290e-01	-5.978509193021253054e-01	2.000000000000000111e-01	1.199999999999999956e+00	7.521995839317638897e-03
1.000000000000000000e+02	-1.111554958928471365e-02	5.913076181993830449e-01	-5.967879282373971250e-01	2.000000000000000111e-01	1.199999999999999956e+00	8.700756319397021446e-03
1.010000000000000000e+02	2.215230820096854032e-03	1.611721036363450155e-01	3.185105515615589411e-01	2.000000000000000111e-01	1.199999999999999956e+00	9.446173718295782645e-03
1.020000000000000000e+02	1.481878364843296257e-03	1.699151304974484411e-01	1.585109024479143258e-01	2.000000000000000111e-01	1.199999999999999956e+00	2.723584897307065270e-03
1.030000000000000000e+02	8.902253661282886685e-03	3.547638819326958126e-01	-5.130151565371861011e-01	2.000000000000000111e-01	1.199999999999999956e+00	6.912985777929515040e-03
1.040000000000000000e+02	-2.458460418387326072e-03	3.517237084197125108e-01	3.817653666318943095e-02	2.000000000000000111e-01	1.199999999999999956e+00	1.370926536506644929e-02
1.050000000000000000e+02	2.390745073644682910e-03	3.010564525691473148e-01	7.832245975255602843e-02	2.000000000000000111e-01	1.199999999999999956e+00	7.861270680318988707e-03
1.060000000000000000e+02	-2.576131266642938365e-03	9.172736916534111051e-01	-2.374123561054380716e+00	2.000000000000000111e-01	1.199999999999999956e+00	3.542816107090474790e-03
1.070000000000000000e+02	2.232389073667322230e-03	1.014920432400516770e-01	5.006338974476258752e-01	2.000000000000000111e-01	1.199999999999999956e+00	8.063117537181724304e-03
1.080000000000000000e+02	-3.332190046908538750e-04	3.258618717773054119e-01	-3.609790349339601079e-01	2.000000000000000111e-01	1.199999999999999956e+00	2.074301330185507157e-03
1.090000000000000000e+02	-3.302819999655435927e-03	4.161054655592145712e-01	-1.780516459994903045e-01	2.000000000000000111e-01	1.199999999999999956e+00	9.350693779585667054e-03
1.100000000000000000e+02	4.851324282139699365e-03	2.935033602731444424e-01	-2.557898948917167736e-01	2.000000000000000111e-01	1.199999999999999956e+00	4.016515303546853467e-03
1.110000000000000000e+02	-2.315784650099186436e-04	2.045557702075236906e-01	1.097613396184167200e-01	2.000000000000000111e-01	1.199999999999999956e+00	7.430874247123098533e-03
1.120000000000000000e+02	-1.558771413057274122e-04	1.100033514797350426e-01	4.583824926543527134e-01	2.000000000000000111e-01	1.199999999999999956e+00	1.144680031184431949e-02
1.130000000000000000e+02	1.725096456449747321e-03	1.588319411928793001e-01	3.618136993165106396e-01	2.000000000000000111e-01	1.199999999999999956e+00	9.634862169252664948e-03
1.140000000000000000e+02	6.554256393735953187e-03	2.023678250617085561e-01	1.888398986130210844e-01	2.000000000000000111e-01	1.199999999999999956e+00	1.133625932385832168e-02
1.150000000000000000e+02	-7.531447177193608018e-04	3.594847112178980453e-01	-3.477044555724564390e-01	2.000000000000000111e-01	1.199999999999999956e+00	8.582840047339789641e-03
1.160000000000000000e+02	1.074889756610412006e-03	1.495122703381680795e-01	3.171702234573032797e-01	2.000000000000000111e-01	1.199999999999999956e+00	4.665281052470334790e-03
1.170000000000000000e+02	3.568945908744200132e-03	1.114586125771418468e-01	5.142933856347440269e-01	2.000000000000000111e-01	1.199999999999999956e+00	6.689885075799951834e-03
1.180000000000000000e+02	-4.102301230448375698e-03	6.777032094987122113e-01	-9.749387654176286944e-01	2.000000000000000111e-01	1.199999999999999956e+00	8.392402370611893800e-03
1.190000000000000000e+02	1.056727022190632505e-03	8.134901580045063307e-02	5.629640032697056373e-01	2.000000000000000111e-01	1.199999999999999956e+00	6.464239269842080200e-03
1.200000000000000000e+02	1.275551456945747501e-03	2.567291141912822483e-01	-2.768567003129973614e-02	2.000000000000000111e-01	1.199999999999999956e+00	5.207287286773853476e-03
1.210000000000000000e+02	-9.715416644886579189e-03	5.728261556038116709e-01	-1.117755739195017028e+00	2.000000000000000111e-01	1.199999999999999956e+00	6.114614114495117367e-03
1.220000000000000000e+02	-2.959475797160305687e-03	3.469906810039669054e-01	-2.476873199135063430e-01	2.000000000000000111e-01	1.199999999999999956e+00	8.690805374265473879e-03
1.230000000000000000e+02	-1.809001916327956190e-03	2.506694633905295344e-01	1.405469862898920397e-01	2.000000000000000111e-01	1.199999999999999956e+00	3.870064461273903505e-03
1.240000000000000000e+02	-5.078882075059487980e-04	2.362988747823544788e-01	9.082432126263162431e-02	2.000000000000000111e-01	1.199999999999999956e+00	3.573009034837110881e-03
1.250000000000000000e+02	-7.352123787781639523e-04	2.123183622629314649e-01	1.382002772669417290e-01	2.000000000000000111e-01	1.199999999999999956e+00	6.146719232132357748e-03
1.260000000000000000e+02	5.026988096682115034e-03	1.020203949361813967e-01	3.087004344736736794e-01	2.000000000000000111e-01	1.199999999999999956e+00	1.160977426382680741e-02
1.270000000000000000e+02	1.975295734302581156e-03	3.008732153216243654e-01	-1.016816551533268331e-01	2.000000000000000111e-01	1.199999999999999956e+00	9.326180654855608862e-03
1.280000000000000000e+02	6.617493988086232742e-04	3.774783437713778445e-01	-6.085298546333621772e-01	2.000000000000000111e-01	1.199999999999999956e+00	4.930761109092100455e-03
1.290000000000000000e+02	4.922996295008671801e-03	8.048054206504104413e-02	3.552704483562045823e-01	2.000000000000000111e-01	1.199999999999999956e+00	1.060469723997726522e-02
1.300000000000000000e+02	1.911107822576440336e-03	4.996413246557183246e-02	5.729731578094936495e-01	2.000000000000000111e-01	1.199999999999999956e+00	3.827328878636839567e-03
1.310000000000000000e+02	2.382588300321542094e-03	1.785039280697372777e-01	-3.699538161269444458e-03	2.000000000000000111e-01	1.199999999999999956e+00	3.862164685284409909e-03
1.320000000000000000e+02	-3.488087791892910579e-03	3.087912814753262514e-01	-5.432932229736220364e-02	2.000000000000000111e-01	1.199999999999999956e+00	3.653663504545773353e-03
1.330000000000000000e+02	-5.542201281438642564e-05	2.721914837298693990e-01	7.562823974589427678e-02	2.000000000000000111e-01	1.199999999999999956e+00	8.637810446198882636e-03
1.340000000000000000e+02	3.719830259197377462e-03	1.572094304214501082e-02	8.320041602787250357e-01	2.000000000000000111e-01	1.199999999999999956e+00	1.737599486295052578e-02
1.350000000000000000e+02	9.789867650660669714e-04	1.869684140803235528e-01	7.569733913366682998e-02	2.000000000000000111e-01	1.199999999999999956e+00	7.460541061471238043e-03
1.360000000000000000e+02	-7.466392637621230418e-04	3.600059962483494469e-01	-3.857013516185041624e-01	2.000000000000000111e-01	1.199999999999999956e+00	4.236118891172075893e-03
1.370000000000000000e+02	-4.546293007682125414e-04	2.022477959242612588e-01	2.395827974738495847e-01	2.000000000000000111e-01	1.199999999999999956e+00	7.673883931670942918e-03
1.380000000000000000e+02	-9.214249731853173253e-02	2.277113714020744251e+00	-4.790368238089070196e+00	2.000000000000000111e-01	1.199999999999999956e+00	8.141156688339782829e-03
1.390000000000000000e+02	1.254547211911984008e-03	1.685983008484628065e-01	2.819926418494720366e-01	2.000000000000000111e-01	1.199999999999999956e+00	1.657754776293632673e-02
1.400000000000000000e+02	1.102228533024119219e-03	8.976213698122099960e-02	4.921174163538291069e-01	2.000000000000000111e-01	1.199999999999999956e+00	4.753044510528017970e-03
1.410000000000000000e+02	3.005758977528840727e-03	7.041858501642057899e-02	5.931739240140023739e-01	2.000000000000000111e-01	1.199999999999999956e+00	1.076301639429479325e-02
1.420000000000000000e+02	4.925406079663267476e-05	2.502648924549016329e-01	-4.616319914219735310e-02	2.000000000000000111e-01	1.199999999999999956e+00	4.244442427571752489e-03
1.430000000000000000e+02	1.034456417283878028e-03	1.473754650853720816e-01	2.701950959789267692e-01	2.000000000000000111e-01	1.199999999999999956e+00	3.517609418290278383e-03
1.440000000000000000e+02	1.688252563742184556e-04	2.496788824107425420e-01	-1.123222718231042805e-02	2.000000000000000111e-01	1.199999999999999956e+00	3.875643752126638978e-03
1.450000000000000000e+02	-4.026766984711136615e-03	3.361069235277441836e-01	-2.394303492531628663e-01	2.000000000000000111e-01	1.199999999999999956e+00	1.409249774629831552e-02
1.460000000000000000e+02	9.467021237009897762e-04	1.667674868538497335e-01	3.907624907126359126e-01	2.000000000000000111e-01	1.199999999999999956e+00	1.427829643588761875e-02
1.470000000000000000e+02	1.256469615376720360e-03	9.154925685073561636e-02	4.228382501199288157e-01	2.000000000000000111e-01	1.199999999999999956e+00	6.639945725140657985e-03
1.480000000000000000e+02	-1.079531697366942948e-03	2.520044692658416352e-01	6.666747805491990420e-02	2.000000000000000111e-01	1.199999999999999956e+00	8.404877346770913901e-03
1.490000000000000000e+02	-1.033993239961965424e-03	3.740674140146560411e-01	-4.228759356936055980e-01	2.000000000000000111e-01	1.199999999999999956e+00	5.265018225750370436e-03
1.500000000000000000e+02	1.439966455083368764e-03	1.078026870688540279e-01	3.779649411665713110e-01	2.000000000000000111e-01	1.199999999999999956e+00	5.169982851884290589e-03
1.510000000000000000e+02	3.487282618034487380e-04	1.554974721705166263e-01	4.181045167627184256e-01	2.000000000000000111e-01	1.199999999999999956e+00	1.393438983857892000e-02
1.520000000000000000e+02	-2.379170331788018830e-03	2.770963464249229236e-01	-2.344877933361466660e-02	2.000000000000000111e-01	1.199999999999999956e+00	4.812685242957115937e-03
1.530000000000000000e+02	-8.651823901128975368e-04	2.834011846811417823e-01	1.436161471107713083e-01	2.000000000000000111e-01	1.199999999999999956e+00	6.639134026114097524e-03
1.540000000000000000e+02	3.573214539949658240e-04	1.316624384295338457e-01	5.222014392871061617e-01	2.000000000000000111e-01	1.199999999999999956e+00	6.200471844523667078e-03
1.550000000000000000e+02	-5.252352800251785039e-03	5.013538777471391317e-01	-3.443367061235838023e-01	2.000000000000000111e-01	1.199999999999999956e+00	6.376753640452247421e-03
1.560000000000000000e+02	-2.599930283298365098e-03	3.205426639815996959e-01	-4.230645571281677064e-02	2.000000000000000111e-01	1.199999999999999956e+00	7.426506781038917822e-03
1.570000000000000000e+02	7.076793121007175693e-04	5.247447755638970923e-01	-9.612767944589499791e-01	2.000000000000000111e-01	1.199999999999999956e+00	9.182541550738911734e-03
1.580000000000000000e+02	3.300036579166770213e-03	1.673378644383634595e-01	5.004218434119342973e-01	2.000000000000000111e-01	1.199999999999999956e+00	9.302587305139766935e-03
1.590000000000000000e+02	8.504213780049336372e-04	1.340831016117449426e-01	4.368869330378259974e-01	2.000000000000000111e-01	1.199999999999999956e+00	9.512993039733784809e-03
1.600000000000000000e+02	1.131814120131263745e-03	5.339654804014558331e-02	6.354399658082339197e-01	2.000000000000000111e-01	1.199999999999999956e+00	5.990859098189946046e-03
1.610000000000000000e+02	2.055386091116737177e-03	9.575887007922305461e-02	4.811971544947992729e-01	2.000000000000000111e-01	1.199999999999999956e+00	5.499630827773628432e-03
1.620000000000000000e+02	-1.903532092623190031e-03	3.982283344297750105e-01	-1.173472872253675803e-01	2.000000000000000111e-01	1.199999999999999956e+00	9.820830675655468217e-03
1.630000000000000000e+02	1.093444986372762171e-03	1.555355862716927273e-01	1.657442066667238478e-01	2.000000000000000111e-01	1.199999999999999956e+00	3.495487038866008315e-03
1.640000000000000000e+02	6.717553546701571839e-04	1.333045961398051649e-01	3.030122746667993638e-01	2.000000000000000111e-01	1.199999999999999956e+00	2.905380042993711831e-03
1.650000000000000000e+02	1.633919338497836430e-04	2.574262047946958010e-01	4.353514218783871570e-02	2.000000000000000111e-01	1.199999999999999956e+00	3.202581110162956799e-03
1.660000000000000000e+02	7.207145359559237506e-04	2.934522779455923658e-01	-2.833011092733759284e-01	2.000000000000000111e-01	1.199999999999999956e+00	7.389686449079987951e-03
1.670000000000000000e+02	7.982575640583295176e-03	3.882815397595256734e-01	-5.873749435670201358e-01	2.000000000000000111e-01	1.199999999999999956e+00	8.726159725574172618e-03
1.680000000000000000e+02	-4.182737713437745361e-04	1.710273860462399043e-01	3.716915015698361024e-01	2.000000000000000111e-01	1.199999999999999956e+00	4.738847516921143935e-03
1.690000000000000000e+02	3.956872996243892453e-04	1.091417457863633755e-01	5.262682085569747592e-01	2.000000000000000111e-01	1.199999999999999956e+00	7.550447924931333842e-03
1.700000000000000000e+02	-7.915307853374610838e-05	2.400879237386387144e-01	1.207687480309935779e-01	2.000000000000000111e-01	1.199999999999999956e+00	7.455584876203119084e-03
1.710000000000000000e+02	2.305602259831592785e-03	2.239109919681012972e-01	3.475311720597096254e-02	2.000000000000000111e-01	1.199999999999999956e+00	3.154289638308194720e-03
1.720000000000000000e+02	1.096066484152550874e-03	3.176740956185704623e-01	-6.752082605447506936e-02	2.000000000000000111e-01	1.199999999999999956e+00	4.974523895783017867e-03
1.730000000000000000e+02	-2.920483594263340119e-03	3.280438831454822179e-01	-1.625905070349658033e-01	2.000000000000000111e-01	1.199999999999999956e+00	6.267647635021908643e-03
1.740000000000000000e+02	4.706377644647026818e-04	2.693248308731000518e-01	5.736407869388537861e-02	2.000000000000000111e-01	1.199999999999999956e+00	6.055776569806835090e-03
1.750000000000000000e+02	-1.068990702510139602e-03	3.400974649752817047e-01	-1.185938713641405684e-01	2.000000000000000111e-01	1.199999999999999956e+00	7.995135322872430617e-03
1.760000000000000000e+02	8.354300865861624638e-04	9.174463963549889245e-02	5.609694510749507756e-01	2.000000000000000111e-01	1.199999999999999956e+00	7.272436304115753591e-03
1.770000000000000000e+02	-3.125805941079136142e-05	2.058333872750411353e-01	1.158811665687178305e-01	2.000000000000000111e-01	1.199999999999999956e+00	1.074035301496675289e-02
1.780000000000000000e+02	-2.061044240839326937e-03	3.047535257359898497e-01	6.052627218868078529e-02	2.000000000000000111e-01	1.199999999999999956e+00	7.003553936029058118e-03
1.790000000000000000e+02	3.802960600884652017e-04	1.473185704911254279e-01	4.795419332494641473e-01	2.000000000000000111e-01	1.199999999999999956e+00	7.243978505942797949e-03
1.800000000000000000e+02	-1.195458156707405670e-03	3.308811309495022779e-01	-2.397305756547369882e-01	2.000000000000000111e-01	1.199999999999999956e+00	1.665456353241541801e-02
1.810000000000000000e+02	2.897238883849497488e-05	1.775787981997718756e-01	1.456158408505348056e-01	2.000000000000000111e-01	1.199999999999999956e+00	3.080434292212607360e-03
1.820000000000000000e+02	3.390422382056281392e-04	1.453255112042192432e-01	5.507338929356873081e-01	2.000000000000000111e-01	1.199999999999999956e+00	1.523136962890788912e-02
1.830000000000000000e+02	1.019952455899778400e-03	1.212767171999872273e-01	4.768618658231789098e-01	2.000000000000000111e-01	1.199999999999999956e+00	7.364437097055169176e-03
1.840000000000000000e+02	1.797090147989422685e-03	1.213597150886793208e-01	2.631912929549358182e-01	2.000000000000000111e-01	1.199999999999999956e+00	5.417773297044678645e-03
1.850000000000000000e+02	-2.408688081320177130e-03	3.194597445999416974e-01	-1.572475149758547630e-01	2.000000000000000111e-01	1.199999999999999956e+00	6.583616700141676874e-03
1.860000000000000000e+02	-1.426589352528465863e-03	3.134166624083715158e-01	-2.723525055147302254e-02	2.000000000000000111e-01	1.199999999999999956e+00	9.886437999760825865e-03
1.870000000000000000e+02	9.579434151652648508e-04	1.889453820743196011e-01	2.472365656231616526e-01	2.000000000000000111e-01	1.199999999999999956e+00	9.538174492160612569e-03
1.880000000000000000e+02	1.578935580397440889e-03	1.471118356968217078e-01	8.798643987389764831e-02	2.000000000000000111e-01	1.199999999999999956e+00	2.704423755766462070e-03
1.890000000000000000e+02	-6.314210573692527299e-03	4.688673154989654868e-01	-6.413979096335884478e-01	2.000000000000000111e-01	1.199999999999999956e+00	6.102128569375723718e-03
1.900000000000000000e+02	-5.742527294548882203e-05	2.612088571103929335e-01	-3.846170535324811013e-01	2.000000000000000111e-01	1.199999999999999956e+00	7.223572618738751359e-03
1.910000000000000000e+02	-6.197858252729977020e-04	2.527334963767287057e-01	-1.963646984438511822e-01	2.000000000000000111e-01	1.199999999999999956e+00	5.157456823628023788e-03
1.920000000000000000e+02	2.064859156014008188e-03	6.963108345423628387e-02	6.034576637942530297e-01	2.000000000000000111e-01	1.199999999999999956e+00	5.863202252791458423e-03
1.930000000000000000e+02	2.462123488410892114e-03	1.483561899477361390e-01	2.580819452668410285e-01	2.000000000000000111e-01	1.199999999999999956e+00	5.078862545454781129e-03
1.940000000000000000e+02	1.205850562114105977e-03	1.080173625049349190e-01	3.277670076138385902e-01	2.000000000000000111e-01	1.199999999999999956e+00	2.694421771104451354e-03
1.950000000000000000e+02	5.227651362285985759e-03	9.388050327267538631e-02	4.085711813955861249e-01	2.000000000000000111e-01	1.199999999999999956e+00	3.969544842159643434e-03
1.960000000000000000e+02	-3.627664700401871112e-03	4.404251316288111950e-01	-4.058128011079977782e-01	2.000000000000000111e-01	1.199999999999999956e+00	6.665217868029683912e-03
1.970000000000000000e+02	-2.234135037125927706e-03	3.619404220588268717e-01	-2.041581620371557548e-01	2.000000000000000111e-01	1.199999999999999956e+00	5.720925020873126113e-03
1.980000000000000000e+02	5.961859859325632912e-04	1.528067595359412223e-01	3.831757893328511244e-01	2.000000000000000111e-01	1.199999999999999956e+00	5.443970380395251989e-03
1.990000000000000000e+02	2.484957772897500219e-03	1.100814825648225442e-01	4.647181290177326840e-01	2.000000000000000111e-01	1.199999999999999956e+00	5.850692683695724386e-03
2.000000000000000000e+02	2.493852839442547444e-04	9.857377928705410297e-02	4.097490836738493236e-01	2.000000000000000111e-01	1.199999999999999956e+00	4.095788841152847408e-03
2.010000000000000000e+02	3.015559189186395404e-03	2.836168574038728796e-01	3.080281852127964015e-02	2.000000000000000111e-01	1.199999999999999956e+00	7.816435987703835436e-03
2.020000000000000000e+02	1.765804776258751013e-03	3.295191287550415515e-02	6.396902186833998138e-01	2.000000000000000111e-01	1.199999999999999956e+00	2.158972313398624387e-02
2.030000000000000000e+02	4.234778576270643749e-04	1.690429717646778629e-01	1.923774558977959792e-01	2.000000000000000111e-01	1.199999999999999956e+00	4.660757334587151135e-03
2.040000000000000000e+02	7.940676872224640198e-04	9.583298418988774048e-02	5.359229250985930726e-01	2.000000000000000111e-01	1.199999999999999956e+00	1.026356158910450046e-02
2.050000000000000000e+02	2.574671725156476264e-03	1.694562097391853206e-01	1.602898240393781926e-01	2.000000000000000111e-01	1.199999999999999956e+00	2.459749366362235477e-03
2.060000000000000000e+02	-2.320370370068209134e-03	2.975343424019283867e-01	-6.898607026038128254e-02	2.000000000000000111e-01	1.199999999999999956e+00	7.737097798297588695e-03
2.070000000000000000e+02	2.918300144796960420e-03	6.789962576057027854e-02	5.466214270498872541e-01	2.000000000000000111e-01	1.199999999999999956e+00	6.212210128420520006e-03
2.080000000000000000e+02	1.096258615691340270e-03	9.791446691954333592e-02	4.518570859932933281e-01	2.000000000000000111e-01	1.199999999999999956e+00	3.324646826442362573e-03
2.090000000000000000e+02	2.324263395291488801e-03	1.133174341565288679e-01	2.952092672245290039e-01	2.000000000000000111e-01	1.199999999999999956e+00	3.337026381284493009e-03
2.100000000000000000e+02	2.297163472274529016e-03	2.205298210770539891e-01	-9.146438644146659414e-03	2.000000000000000111e-01	1.199999999999999956e+00	7.512511256176214285e-03
2.110000000000000000e+02	6.808457552150959900e-04	1.246244868546711460e-01	3.399973469938841752e-01	2.000000000000000111e-01	1.199999999999999956e+00	2.853656020011946081e-03
2.120000000000000000e+02	5.126927652466712476e-03	1.820146602539116920e-01	2.884900665608554071e-01	2.000000000000000111e-01	1.199999999999999956e+00	1.084236585538405316e-02
2.130000000000000000e+02	2.040158171116194814e-03	7.676197548057830944e-02	4.369251987635582868e-01	2.000000000000000111e-01	1.199999999999999956e+00	4.119798876743534580e-03
2.140000000000000000e+02	2.513977916070256682e-03	7.093226885320486064e-02	5.476786543366032323e-01	2.000000000000000111e-01	1.199999999999999956e+00	8.853375407456979748e-03
2.150000000000000000e+02	4.976448897698640102e-04	1.618276177522526560e-01	3.006578637614034655e-01	2.000000000000000111e-01	1.199999999999999956e+00	5.224015872057841126e-03
2.160000000000000000e+02	-6.462139964200362338e-03	4.498346366896372461e-01	-2.650772314864555668e-01	2.000000000000000111e-01	1.199999999999999956e+00	1.008902842516383284e-02
2.170000000000000000e+02	-5.844230903350748976e-03	5.198775066715701776e-01	-8.879435035961567024e-01	2.000000000000000111e-01	1.199999999999999956e+00	2.596579845814399757e-03
2.180000000000000000e+02	1.327621859090527632e-03	1.704197622837318737e-01	1.534478378939803100e-01	2.000000000000000111e-01	1.199999999999999956e+00	5.122359537485447582e-03
2.190000000000000000e+02	2.448460771052421957e-03	1.318825248077078183e-01	3.940766285640608935e-01	2.000000000000000111e-01	1.199999999999999956e+00	6.237792638418941660e-03
2.200000000000000000e+02	2.690428959846856861e-03	2.392505397111530097e-01	1.510483962178419404e-01	2.000000000000000111e-01	1.199999999999999956e+00	1.397066135781594928e-02
2.210000000000000000e+02	2.581461025592837050e-03	8.772569202966054580e-02	6.211845328345257933e-01	2.000000000000000111e-01	1.199999999999999956e+00	1.647146134755672620e-02
2.220000000000000000e+02	7.273388726962711588e-04	1.226716830432448418e-01	3.631905990107053839e-01	2.000000000000000111e-01	1.199999999999999956e+00	3.148099789561832704e-03
2.230000000000000000e+02	-4.191460869203197524e-04	8.984733977460106213e-02	2.402349291638739004e-01	2.000000000000000111e-01	1.199999999999999956e+00	4.701224358893259236e-02
2.240000000000000000e+02	2.066520550574641076e-03	1.914678148013614079e-01	1.463129812559382792e-01	2.000000000000000111e-01	1.199999999999999956e+00	6.035006945978727520e-03
2.250000000000000000e+02	1.599640849664217719e-03	8.474617466489958728e-02	6.421574316377460789e-01	2.000000000000000111e-01	1.199999999999999956e+00	1.639329489851486243e-02
2.260000000000000000e+02	1.632265324984885071e-03	1.961288920594997098e-01	2.662534775449780788e-01	2.000000000000000111e-01	1.199999999999999956e+00	1.232876302565802558e-02
2.270000000000000000e+02	3.409072385348222919e-03	1.024702207509276403e-01	3.876362130890071978e-01	2.000000000000000111e-01	1.199999999999999956e+00	4.831757480017974914e-03
2.280000000000000000e+02	4.863254996163235899e-04	1.052327157622155313e-01	4.613357493824885580e-01	2.000000000000000111e-01	1.199999999999999956e+00	6.142861485758411254e-03
2.290000000000000000e+02	1.575656685628284764e-03	1.158235669881354513e-01	4.478716876384223333e-01	2.000000000000000111e-01	1.199999999999999956e+00	5.785163780460727580e-03
2.300000000000000000e+02	1.672462677467434575e-03	1.725971466108388030e-01	2.117241196332710906e-01	2.000000000000000111e-01	1.199999999999999956e+00	6.805364909663928763e-03
2.310000000000000000e+02	1.880089173790577351e-03	1.813830619265934252e-01	1.786013971033453274e-01	2.000000000000000111e-01	1.199999999999999956e+00	5.098631585873314442e-03
2.320000000000000000e+02	6.933882782746889593e-04	1.999716757763599362e-01	1.192443812661485580e-01	2.000000000000000111e-01	1.199999999999999956e+00	6.203073979115710304e-03
2.330000000000000000e+02	3.515377801792071190e-03	-2.711168447965128098e-02	9.283994634956564962e-01	2.000000000000000111e-01	1.199999999999999956e+00	2.567019023708619688e-02
2.340000000000000000e+02	8.106266155383634988e-04	2.026740011984873580e-01	2.430116974637495098e-01	2.000000000000000111e-01	1.199999999999999956e+00	6.038342198987971428e-03
2.350000000000000000e+02	-7.337481097787707050e-04	1.986765690011415841e-01	3.232435973846383703e-01	2.000000000000000111e-01	1.199999999999999956e+00	4.677502618264105759e-03
2.360000000000000000e+02	1.528882729425802165e-03	1.598084208320731114e-01	1.432982713166741640e-01	2.000000000000000111e-01	1.199999999999999956e+00	2.259530988153861299e-03
2.370000000000000000e+02	2.080830846368476265e-03	1.327115985095865258e-01	3.643427808707153659e-01	2.000000000000000111e-01	1.199999999999999956e+00	4.496318670712938330e-03
2.380000000000000000e+02	2.594358908824813100e-04	2.601198957610811324e-01	-2.219085499154971330e-02	2.000000000000000111e-01	1.199999999999999956e+00	6.172705334758143633e-03
2.390000000000000000e+02	-9.000873307444467401e-04	2.679976064022339677e-01	6.174360683992308196e-02	2.000000000000000111e-01	1.199999999999999956e+00	4.993908727884363054e-03
2.400000000000000000e+02	1.821039034655498297e-03	1.673536100777427149e-01	2.648314163797995668e-01	2.000000000000000111e-01	1.199999999999999956e+00	3.662179537109310802e-03
2.410000000000000000e+02	2.024095893430963712e-04	1.041265431960613635e-01	6.171951674076368022e-01	2.000000000000000111e-01	1.199999999999999956e+00	7.287306794845664452e-03
2.420000000000000000e+02	-1.628463781161902264e-05	1.123876337492464017e-01	4.641692016385419173e-01	2.000000000000000111e-01	1.199999999999999956e+00	5.163803156777591573e-03
2.430000000000000000e+02	1.182816570551244867e-03	5.172814397139684217e-02	6.535403676200943757e-01	2.000000000000000111e-01	1.199999999999999956e+00	4.692748739802687918e-03
2.440000000000000000e+02	7.356403572360489806e-04	1.826057365486406237e-01	2.453393088854016746e-01	2.000000000000000111e-01	1.199999999999999956e+00	9.585092026468415918e-03
2.450000000000000000e+02	-1.650114982268445843e-02	7.200121756766810766e-01	-8.327911017877971389e-01	2.000000000000000111e-01	1.199999999999999956e+00	3.570228719153481934e-03
2.460000000000000000e+02	1.537514197907262218e-03	9.692692805326166838e-02	5.133015700029568418e-01	2.000000000000000111e-01	1.199999999999999956e+00	1.316132390454785930e-02
2.470000000000000000e+02	2.992377758663298474e-03	1.042021267715621119e-01	3.809838010065720315e-01	2.000000000000000111e-01	1.199999999999999956e+00	3.839684254402519776e-03
2.480000000000000000e+02	9.012082620235108751e-04	1.126432310792701008e-01	5.067929429132571606e-01	2.000000000000000111e-01	1.199999999999999956e+00	1.035578676879637429e-02
2.490000000000000000e+02	1.568418190956561570e-03	1.148427169672445597e-01	3.142481040959226313e-01	2.000000000000000111e-01	1.199999999999999956e+00	4.661286012397992083e-03
2.500000000000000000e+02	1.528036358777707174e-03	8.879663277621192841e-02	4.926051240870914505e-01	2.000000000000000111e-01	1.199999999999999956e+00	6.857229366414107664e-03
2.510000000000000000e+02	3.757462968011599305e-03	4.709680352682501375e-02	6.613557504060121328e-01	2.000000000000000111e-01	1.199999999999999956e+00	1.263557142924246965e-02
2.520000000000000000e+02	1.384939678478018955e-03	2.178117463110962881e-01	1.872268151724827412e-01	2.000000000000000111e-01	1.199999999999999956e+00	3.331801858540950258e-03
2.530000000000000000e+02	5.165736351179102057e-03	1.233527023766057690e-01	2.339852080815203461e-01	2.000000000000000111e-01	1.199999999999999956e+00	5.500683267461685746e-03
2.540000000000000000e+02	1.849210687356064810e-04	1.123683921599928914e-01	5.078654160748810042e-01	2.000000000000000111e-01	1.199999999999999956e+00	6.663222978483459083e-03
2.550000000000000000e+02	1.669950296203519301e-03	2.633395915955996647e-01	-2.215282714630495420e-01	2.000000000000000111e-01	1.199999999999999956e+00	5.161120245194784559e-03
2.560000000000000000e+02	-4.794105394094378444e-04	2.314868931615729486e-01	1.655801213926202387e-01	2.000000000000000111e-01	1.199999999999999956e+00	8.542548319925642036e-03
2.570000000000000000e+02	-1.457101278124425629e-02	5.724683226755169496e-01	-7.658000564845970359e-01	2.000000000000000111e-01	1.199999999999999956e+00	1.238849983307818287e-01
2.580000000000000000e+02	-2.848078106601177086e-03	3.526062223892939551e-01	-1.817845494969629883e-01	2.000000000000000111e-01	1.199999999999999956e+00	8.497477416038162062e-03
2.590000000000000000e+02	-1.088407689714342066e-03	3.100402608690292494e-01	-5.523826811275611703e-03	2.000000000000000111e-01	1.199999999999999956e+00	6.351426547781671879e-03
2.600000000000000000e+02	1.102291258674586993e-03	8.368691741562642172e-02	5.151292057811418523e-01	2.000000000000000111e-01	1.199999999999999956e+00	9.794375618509572681e-03
2.610000000000000000e+02	3.704864070087925468e-03	2.294412779733385477e-01	-5.261387200011524712e-02	2.000000000000000111e-01	1.199999999999999956e+00	5.353910079529200852e-03
2.620000000000000000e+02	-2.391007529657711468e-03	3.247791149822339407e-01	-1.899360073012843486e-01	2.000000000000000111e-01	1.199999999999999956e+00	6.170647884574372542e-03
2.630000000000000000e+02	4.385141620990878897e-03	2.554927922692593056e-01	-2.362708946456120174e-01	2.000000000000000111e-01	1.199999999999999956e+00	3.074558491755579638e-03
2.640000000000000000e+02	-7.706233721936578494e-04	1.753175012700472768e-01	4.455707229710670347e-01	2.000000000000000111e-01	1.199999999999999956e+00	1.272973773854292438e-02
2.650000000000000000e+02	2.040189319006831779e-03	1.520415498552487032e-01	3.103558685903600178e-01	2.000000000000000111e-01	1.199999999999999956e+00	3.734326697924999529e-03
2.660000000000000000e+02	5.309972378859060919e-03	4.466961066438714378e-01	-7.519933713910993411e-01	2.000000000000000111e-01	1.199999999999999956e+00	5.644277465710653696e-03
2.670000000000000000e+02	1.309874064748781358e-03	1.937223166524541240e-01	2.348075607443260715e-01	2.000000000000000111e-01	1.199999999999999956e+00	4.323329028919300869e-03
2.680000000000000000e+02	1.853448347796962832e-03	7.518128828031811484e-02	6.115524904705860187e-01	2.000000000000000111e-01	1.199999999999999956e+00	6.326411737672866901e-03
2.690000000000000000e+02	2.260285901998412492e-03	1.170086883791925658e-01	3.972436620807626717e-01	2.000000000000000111e-01	1.199999999999999956e+00	6.870160164373781235e-03
2.700000000000000000e+02	6.472169006368772969e-04	1.211584655251090603e-01	4.209192610281289326e-01	2.000000000000000111e-01	1.199999999999999956e+00	3.754795112766837108e-03
2.710000000000000000e+02	4.932426951563394224e-03	2.586016363536212670e-01	-2.598852222566820913e-01	2.000000000000000111e-01	1.199999999999999956e+00	5.048577198377405054e-03
2.720000000000000000e+02	3.222671003713706728e-03	7.819566353411594450e-02	4.187938833718569676e-01	2.000000000000000111e-01	1.199999999999999956e+00	3.915543193942695732e-03
2.730000000000000000e+02	-6.399801224413304663e-04	2.806943485499133750e-01	-1.433405613603087048e-01	2.000000000000000111e-01	1.199999999999999956e+00	4.454794789281743030e-03
2.740000000000000000e+02	2.546556536349210437e-03	9.278110911156117746e-02	4.716029683022346930e-01	2.000000000000000111e-01	1.199999999999999956e+00	4.985592666718464787e-03
2.750000000000000000e+02	4.804530323977929986e-03	9.483719082667771416e-02	4.448388982773836542e-01	2.000000000000000111e-01	1.199999999999999956e+00	5.989802465178624587e-03
2.760000000000000000e+02	1.366745091961532512e-03	5.909676444606715845e-02	6.779730876513292426e-01	2.000000000000000111e-01	1.199999999999999956e+00	1.506730153676012415e-02
2.770000000000000000e+02	4.879936628670868918e-04	2.158474990152570716e-01	2.268603480433744046e-01	2.000000000000000111e-01	1.199999999999999956e+00	6.424635556254334849e-03
2.780000000000000000e+02	-2.152141214369715657e-04	2.902869410214496404e-01	-1.761802635930775907e-01	2.000000000000000111e-01	1.199999999999999956e+00	2.180648457406808051e-03
2.790000000000000000e+02	7.437865152431695839e-03	1.736270585910150988e-01	1.905563062583421896e-01	2.000000000000000111e-01	1.199999999999999956e+00	8.999167459280199566e-03
2.800000000000000000e+02	1.252853113239986785e-03	1.069127022262387899e-01	4.297205349402011265e-01	2.000000000000000111e-01	1.199999999999999956e+00	2.539148472587585137e-03
2.810000000000000000e+02	-5.079877961481165088e-04	1.776155821859355666e-01	3.089109880490883420e-01	2.000000000000000111e-01	1.199999999999999956e+00	4.318941394871421771e-03
2.820000000000000000e+02	1.807312053419723877e-03	8.527771956508300999e-02	4.388361030842533594e-01	2.000000000000000111e-01	1.199999999999999956e+00	2.862002853437435514e-03
2.830000000000000000e+02	2.623379300618246127e-04	2.041432822503089217e-01	2.218127750240777019e-01	2.000000000000000111e-01	1.199999999999999956e+00	7.215627616380241617e-03
2.840000000000000000e+02	1.124151620869750243e-03	1.127316092972019401e-01	4.112092533977924624e-01	2.000000000000000111e-01	1.199999999999999956e+00	4.685678433066772959e-03
2.850000000000000000e+02	3.311601580510692856e-03	8.022836234368664610e-02	4.933454135521078143e-01	2.000000000000000111e-01	1.199999999999999956e+00	5.247407863510457522e-03
2.860000000000000000e+02	5.776260574284416971e-04	9.104128506214084759e-02	5.799622980069090161e-01	2.000000000000000111e-01	1.199999999999999956e+00	1.028607272222140101e-02
2.870000000000000000e+02	-1.640491807125056838e-04	3.558729442399299892e-01	-2.597896598554654268e-01	2.000000000000000111e-01	1.199999999999999956e+00	9.566400934337224854e-03
2.880000000000000000e+02	1.818592795817661938e-03	8.874989001117579435e-02	5.519159434984977075e-01	2.000000000000000111e-01	1.199999999999999956e+00	1.435813457576188071e-02
2.890000000000000000e+02	2.751337831613524538e-03	1.740856048596121919e-01	2.500321957959394936e-01	2.000000000000000111e-01	1.199999999999999956e+00	4.339827087121940832e-03
2.900000000000000000e+02	1.943452594650853975e-03	1.370984436559515296e-01	3.690967905960218509e-01	2.000000000000000111e-01	1.199999999999999956e+00	4.663876035568303470e-03
2.910000000000000000e+02	2.174212143745595308e-03	3.346211400243587764e-01	-6.106268243327717116e-01	2.000000000000000111e-01	1.199999999999999956e+00	6.229187435608517752e-03
2.920000000000000000e+02	-2.767791822631035254e-03	4.473348199002599168e-01	-5.273707323675660419e-01	2.000000000000000111e-01	1.199999999999999956e+00	4.782379622829372075e-03
2.930000000000000000e+02	7.399427935397735485e-04	1.397195487694055938e-01	4.534413559092471679e-01	2.000000000000000111e-01	1.199999999999999956e+00	4.267243368999894433e-03
2.940000000000000000e+02	1.055149287685168457e-03	1.279056346369799591e-01	3.850952152396844852e-01	2.000000000000000111e-01	1.199999999999999956e+00	7.686194122236454825e-03
2.950000000000000000e+02	4.004615076248681411e-03	1.837474099898718793e-01	1.901235774456546679e-01	2.000000000000000111e-01	1.199999999999999956e+00	3.428545037433450727e-03
2.960000000000000000e+02	6.571666061311584378e-04	4.554349709981822536e-02	6.453829909045005753e-01	2.000000000000000111e-01	1.199999999999999956e+00	9.005870268998173583e-03
2.970000000000000000e+02	-1.486329945614068865e-04	2.692679212642799524e-01	-2.098905142720131067e-02	2.000000000000000111e-01	1.199999999999999956e+00	7.303217139744984550e-03
2.980000000000000000e+02	8.693720851011572243e-04	4.459758452709068621e-02	5.904155895503089280e-01	2.000000000000000111e-01	1.199999999999999956e+00	9.736012390143055500e-03
2.990000000000000000e+02	1.537313648417925477e-03	4.899367379018054053e-02	6.079192044462806699e-01	2.000000000000000111e-01	1.199999999999999956e+00	3.817930776658808641e-03
3.000000000000000000e+02	-1.316176214467336316e-03	2.039893597879946507e-01	1.364416135016623954e-01	2.000000000000000111e-01	1.199999999999999956e+00	3.718383181135722759e-03
3.010000000000000000e+02	1.390026217602567627e-03	9.697416132463705651e-02	4.014573513482888600e-01	2.000000000000000111e-01	1.199999999999999956e+00	3.556164764347000736e-03
3.020000000000000000e+02	6.159633146128143952e-04	1.800749160747750488e-01	2.717765212490652615e-01	2.000000000000000111e-01	1.199999999999999956e+00	5.306227267820273936e-03
3.030000000000000000e+02	3.532047757642075778e-03	1.505876311718302718e-01	2.247576888915583382e-01	2.000000000000000111e-01	1.199999999999999956e+00	1.021027963262760227e-02
3.040000000000000000e+02	1.964563858336190218e-03	8.494696445296728848e-02	4.667166169413521359e-01	2.000000000000000111e-01	1.199999999999999956e+00	3.784341338540965754e-03
3.050000000000000000e+02	2.696586107944131012e-03	1.401349045053563169e-01	3.806445898454877685e-01	2.000000000000000111e-01	1.199999999999999956e+00	6.659676642712115090e-03
3.060000000000000000e+02	8.345431657986258954e-05	9.251463442772377144e-02	3.927295960414216580e-01	2.000000000000000111e-01	1.199999999999999956e+00	2.610399341856195488e-03
3.070000000000000000e+02	1.364911155407135576e-04	1.337431022107107292e-01	3.601208993766711330e-01	2.000000000000000111e-01	1.199999999999999956e+00	1.127734186681945451e-02
3.080000000000000000e+02	2.341815409514904755e-03	2.268661331783358437e-01	1.444111377990169309e-01	2.000000000000000111e-01	1.199999999999999956e+00	7.480751728218358772e-03
3.090000000000000000e+02	1.794779420348186416e-03	1.667157145437929144e-01	2.046704023899028613e-01	2.000000000000000111e-01	1.199999999999999956e+00	3.049664382497171197e-03
3.100000000000000000e+02	-3.638380096621334067e-04	1.401097911036336685e-01	3.683935701984588640e-01	2.000000000000000111e-01	1.199999999999999956e+00	1.064932754219339618e-02
3.110000000000000000e+02	1.882969951766150880e-03	2.658053948242344311e-01	-1.529762281392552659e-01	2.000000000000000111e-01	1.199999999999999956e+00	3.431398537252696758e-03
3.120000000000000000e+02	-1.909853616954190628e-03	2.119206478485670397e-01	3.423613167225063592e-01	2.000000000000000111e-01	1.199999999999999956e+00	9.751839438184289194e-03
3.130000000000000000e+02	1.182621588107393533e-03	6.070683460020079303e-02	4.802274351901323346e-01	2.000000000000000111e-01	1.199999999999999956e+00	1.138236935969501491e-02
3.140000000000000000e+02	3.008339353545031857e-03	8.381973991951884029e-02	6.078666823735097147e-01	2.000000000000000111e-01	1.199999999999999956e+00	1.295736710492523605e-02
3.150000000000000000e+02	2.277739641139180354e-03	1.339284888752816927e-01	3.115172624040321026e-01	2.000000000000000111e-01	1.199999999999999956e+00	4.462297338339966772e-03
3.160000000000000000e+02	-8.265055640319600829e-04	2.245603167030037206e-01	2.694603999543567774e-01	2.000000000000000111e-01	1.199999999999999956e+00	8.296207127815669394e-03
3.170000000000000000e+02	-3.483435509845951296e-05	2.903666335977916346e-01	-6.662075316905191613e-02	2.000000000000000111e-01	1.199999999999999956e+00	3.454326319437977556e-03
3.180000000000000000e+02	2.836740953939151551e-03	2.510534570919017994e-01	2.583941822707380709e-03	2.000000000000000111e-01	1.199999999999999956e+00	1.167552682691389357e-02
3.190000000000000000e+02	9.692993990789801123e-04	8.748637148910398675e-02	5.698666442958852940e-01	2.000000000000000111e-01	1.199999999999999956e+00	5.865745611180315892e-03
3.200000000000000000e+02	8.958506725079993041e-05	5.899171104022281342e-02	5.849966793512120233e-01	2.000000000000000111e-01	1.199999999999999956e+00	4.933190349828988318e-03
3.210000000000000000e+02	4.143491366660766000e-03	3.376461360589811528e-02	6.891881263368038191e-01	2.000000000000000111e-01	1.199999999999999956e+00	7.104209375640839833e-03
3.220000000000000000e+02	1.011106877341447517e-04	2.193768308327802563e-01	-9.434108939275498429e-02	2.000000000000000111e-01	1.199999999999999956e+00	3.025009865063622242e-03
3.230000000000000000e+02	4.769947669638635742e-04	1.065852841717986610e-01	5.176201017211798927e-01	2.000000000000000111e-01	1.199999999999999956e+00	5.048447649829935699e-03
3.240000000000000000e+02	1.937325723874540545e-03	1.476055308629385665e-01	4.512081743467497574e-01	2.000000000000000111e-01	1.199999999999999956e+00	1.350964740967754672e-02
3.250000000000000000e+02	1.108219926705753281e-03	6.473488165742539990e-02	5.623557485999386429e-01	2.000000000000000111e-01	1.199999999999999956e+00	5.059356582940236977e-03
3.260000000000000000e+02	2.955772600080304523e-04	9.945389341301288932e-02	5.724606135125909212e-01	2.000000000000000111e-01	1.199999999999999956e+00	3.842701114836204884e-02
3.270000000000000000e+02	-2.739834186452056938e-03	3.330771250623358326e-01	4.335283418497226648e-02	2.000000000000000111e-01	1.199999999999999956e+00	9.302578264225671439e-03
3.280000000000000000e+02	1.195709588051766881e-03	1.061681924859872450e-01	2.700571891890488629e-01	2.000000000000000111e-01	1.199999999999999956e+00	5.366411605526734407e-03
3.290000000000000000e+02	-8.230053061110489693e-04	3.072826660658725118e-01	-8.097869110660305125e-02	2.000000000000000111e-01	1.199999999999999956e+00	3.826803124447746961e-03
3.300000000000000000e+02	-1.158187776795700785e-02	6.179997660461293840e-01	-7.358011574828484669e-01	2.000000000000000111e-01	1.199999999999999956e+00	5.452904669477044719e-03
3.310000000000000000e+02	2.149016726318583956e-03	1.264254153849792561e-01	3.033185444914967555e-01	2.000000000000000111e-01	1.199999999999999956e+00	5.706959517505605373e-03
3.320000000000000000e+02	1.450895191477494890e-03	-2.636312640634963077e-03	8.187689712712545864e-01	2.000000000000000111e-01	1.199999999999999956e+00	4.055472130364744243e-03
3.330000000000000000e+02	1.505298524800279588e-03	1.481970922589445905e-01	2.675285886195308827e-01	2.000000000000000111e-01	1.199999999999999956e+00	4.689092789683120717e-03
3.340000000000000000e+02	-2.483876694468740206e-03	3.113344318212127870e-01	1.136759714809763011e-01	2.000000000000000111e-01	1.199999999999999956e+00	1.008307461267580508e-02
3.350000000000000000e+02	3.328568839319645967e-03	1.102006386110040564e-01	3.634187132365851447e-01	2.000000000000000111e-01	1.199999999999999956e+00	9.201913665572561407e-03
3.360000000000000000e+02	2.474746749226425149e-03	1.074076500416032698e-01	3.858233718293129222e-01	2.000000000000000111e-01	1.199999999999999956e+00	4.539642418587058227e-03
3.370000000000000000e+02	3.071386434755498697e-03	2.481070099500365944e-01	-3.987609486045711193e-01	2.000000000000000111e-01	1.199999999999999956e+00	3.046106585612441166e-03
3.380000000000000000e+02	2.495065430298158953e-03	2.304313431404453327e-01	6.161974515036261479e-02	2.000000000000000111e-01	1.199999999999999956e+00	7.805704237396610297e-03
3.390000000000000000e+02	2.025456289254744420e-03	1.492994975725616125e-01	2.914557535138233568e-01	2.000000000000000111e-01	1.199999999999999956e+00	4.256665818329448230e-03
3.400000000000000000e+02	1.120849694953474258e-03	4.976728032975244465e-02	6.595182972789812581e-01	2.000000000000000111e-01	1.199999999999999956e+00	5.931732775217167693e-03
3.410000000000000000e+02	2.691188836746046757e-03	-7.780956685211027138e-03	8.456190124379933115e-01	2.000000000000000111e-01	1.199999999999999956e+00	8.989572367098420599e-03
3.420000000000000000e+02	1.197333449493399800e-04	3.553578287188609297e-02	6.567891532416516576e-01	2.000000000000000111e-01	1.199999999999999956e+00	5.055193832198120671e-03
3.430000000000000000e+02	1.339499957329577228e-03	8.735932162609717777e-02	5.100247057105609105e-01	2.000000000000000111e-01	1.199999999999999956e+00	8.884535417033658303e-03
3.440000000000000000e+02	-5.753296793906376811e-04	1.711470615078040380e-01	1.415775865204755846e-01	2.000000000000000111e-01	1.199999999999999956e+00	3.128374516010111982e-03
3.450000000000000000e+02	2.681029246545249740e-04	1.047060520780850046e-01	5.101225003818883330e-01	2.000000000000000111e-01	1.199999999999999956e+00	1.540924852279636778e-03
3.460000000000000000e+02	4.738597662051131140e-04	1.446021720178523040e-01	2.921496706099810936e-01	2.000000000000000111e-01	1.199999999999999956e+00	7.469275246455840157e-03
3.470000000000000000e+02	-6.100723300511986342e-04	1.885902246608278654e-01	3.238692315194731108e-01	2.000000000000000111e-01	1.199999999999999956e+00	8.240052916509000083e-03
3.480000000000000000e+02	2.439498054316446753e-03	1.194034911763152962e-01	2.873690570866398453e-01	2.000000000000000111e-01	1.199999999999999956e+00	3.865077230036114472e-03
3.490000000000000000e+02	-4.633662518354701699e-04	2.598519772937006866e-01	2.283001858802085060e-01	2.000000000000000111e-01	1.199999999999999956e+00	1.804045799679638781e-02
3.500000000000000000e+02	1.085672859140072001e-03	2.041066998369530094e-01	2.389462753168838383e-01	2.000000000000000111e-01	1.199999999999999956e+00	2.404224580237317339e-03
3.510000000000000000e+02	2.293326782123760767e-04	2.855220599552268923e-01	-4.069244594783816282e-02	2.000000000000000111e-01	1.199999999999999956e+00	6.008427905509998793e-03
3.520000000000000000e+02	5.277878002694899378e-04	1.754160419637983415e-01	3.865973953388528450e-01	2.000000000000000111e-01	1.199999999999999956e+00	7.829014924866034911e-03
3.530000000000000000e+02	-3.433365491482304795e-03	5.589213151898760890e-01	-5.371156179915690387e-01	2.000000000000000111e-01	1.199999999999999956e+00	7.510339874084135357e-03
3.540000000000000000e+02	4.003384762267877747e-03	1.604031367712928091e-01	2.830555561193253133e-01	2.000000000000000111e-01	1.199999999999999956e+00	6.379841043679507738e-03
3.550000000000000000e+02	4.501411910374070158e-04	1.343556272158368536e-01	3.906325445699914134e-01	2.000000000000000111e-01	1.199999999999999956e+00	6.385862922634992674e-03
3.560000000000000000e+02	1.601333389819778377e-03	5.860352485095633029e-02	6.088190090641103502e-01	2.000000000000000111e-01	1.199999999999999956e+00	1.080272691964675146e-02
3.570000000000000000e+02	8.201101225947948639e-04	5.924856564745878407e-02	6.014642104020924140e-01	2.000000000000000111e-01	1.199999999999999956e+00	3.721117766338022468e-03
3.580000000000000000e+02	1.173349774427228688e-03	2.620863198052565401e-01	6.936366630374068976e-02	2.000000000000000111e-01	1.199999999999999956e+00	1.085172827464309965e-02
3.590000000000000000e+02	1.288824200626225965e-03	1.489170672855299506e-02	8.062700437924260610e-01	2.000000000000000111e-01	1.199999999999999956e+00	9.176236486994766503e-03
3.600000000000000000e+02	2.131078842965298051e-04	2.709596518705816859e-01	-6.111078458605145869e-02	2.000000000000000111e-01	1.199999999999999956e+00	8.715540502499464701e-03
3.610000000000000000e+02	2.375353400989529149e-05	7.838323280037756691e-02	5.049031332200546451e-01	2.000000000000000111e-01	1.199999999999999956e+00	8.783415915640802041e-03
3.620000000000000000e+02	-7.662736365140833438e-04	3.115474707244046959e-01	-7.260747205972961638e-02	2.000000000000000111e-01	1.199999999999999956e+00	5.423183397960790013e-03
3.630000000000000000e+02	2.827888910254302245e-03	3.227631906196073291e-02	5.739111642789131995e-01	2.000000000000000111e-01	1.199999999999999956e+00	1.377050601427364136e-02
3.640000000000000000e+02	2.780719801595632826e-04	1.219144614425779483e-01	2.961631542869747058e-01	2.000000000000000111e-01	1.199999999999999956e+00	8.230327926714539263e-03
3.650000000000000000e+02	3.414171260868887605e-04	1.111896747752006420e-01	5.158096992805623060e-01	2.000000000000000111e-01	1.199999999999999956e+00	9.728804387333934642e-03
3.660000000000000000e+02	4.251607569010412702e-03	2.315164033624308448e-01	-6.871901967315929838e-02	2.000000000000000111e-01	1.199999999999999956e+00	4.898362560829114774e-03
3.670000000000000000e+02	2.626853659332785591e-03	5.564416934140924836e-02	6.643166183415927240e-01	2.000000000000000111e-01	1.199999999999999956e+00	1.180742839494986797e-02
3.680000000000000000e+02	-4.267555906064544923e-04	1.403244623406817160e-01	2.069629872752729582e-01	2.000000000000000111e-01	1.199999999999999956e+00	2.422736253601748529e-03
3.690000000000000000e+02	4.396626371486813366e-03	6.560443208391843195e-02	5.835865507488912085e-01	2.000000000000000111e-01	1.199999999999999956e+00	4.392770499171712480e-03
3.700000000000000000e+02	4.200516991023019349e-04	1.327930522146257841e-01	4.402078080773987878e-01	2.000000000000000111e-01	1.199999999999999956e+00	6.590606561846498734e-03
3.710000000000000000e+02	8.929349808861061083e-03	4.483544158723214157e-02	5.615185005110866490e-01	2.000000000000000111e-01	1.199999999999999956e+00	8.084899410137015921e-03
3.720000000000000000e+02	-2.708237011331566927e-04	2.020443185632609662e-01	2.384383131895524421e-01	2.000000000000000111e-01	1.199999999999999956e+00	5.826633966346811064e-03
3.730000000000000000e+02	1.575690479164686044e-03	1.799939601398968247e-01	2.486134301913787148e-01	2.000000000000000111e-01	1.199999999999999956e+00	1.098404729367552513e-02
3.740000000000000000e+02	1.181406908928114277e-03	1.228711380110419776e-01	5.178517250723131404e-01	2.000000000000000111e-01	1.199999999999999956e+00	1.395997999256939556e-02
3.750000000000000000e+02	3.511427781064082026e-03	7.010429558242786685e-02	5.747890620575399900e-01	2.000000000000000111e-01	1.199999999999999956e+00	5.842309563824156157e-03
3.760000000000000000e+02	2.355643274611115244e-03	1.460822823956519356e-01	4.145610775377943646e-01	2.000000000000000111e-01	1.199999999999999956e+00	1.808439567075010440e-02
3.770000000000000000e+02	1.584562128666764172e-03	8.428140441243836545e-02	4.983190345562269474e-01	2.000000000000000111e-01	1.199999999999999956e+00	3.266815556866965471e-03
3.780000000000000000e+02	-3.052321271467247320e-03	3.258978424355195580e-01	-1.153738567198869802e-01	2.000000000000000111e-01	1.199999999999999956e+00	1.181044415729226409e-02
3.790000000000000000e+02	9.433139788623213715e-04	5.917779060565756671e-02	6.306735463204047321e-01	2.000000000000000111e-01	1.199999999999999956e+00	5.471467817864119135e-03
3.800000000000000000e+02	-1.540823784994362587e-02	7.835388054393336299e-01	-1.030823036734546783e+00	2.000000000000000111e-01	1.199999999999999956e+00	1.115904459247377307e-02
3.810000000000000000e+02	-3.908341818674591136e-05	2.695392826368777639e-01	1.138684077645901738e-01	2.000000000000000111e-01	1.199999999999999956e+00	8.229010752480529420e-03
3.820000000000000000e+02	2.516969800909744752e-03	2.567048667881737245e-01	-1.759094164511498803e-02	2.000000000000000111e-01	1.199999999999999956e+00	5.024979774996628235e-03
3.830000000000000000e+02	-2.534802599563075465e-03	3.361917437780187479e-01	-8.689433036383054088e-02	2.000000000000000111e-01	1.199999999999999956e+00	1.268044483658520294e-02
