0.000000000000000000e+00	-1.238755287860504172e-04	1.380471401766934780e-01	2.802423935181064252e-01	2.000000000000000111e-01	1.199999999999999956e+00	3.907328963713953968e-03
1.000000000000000000e+00	1.264249889699676133e-04	1.319390493670421771e-01	2.611170575377865788e-01	2.000000000000000111e-01	1.199999999999999956e+00	3.057135190193138903e-03
2.000000000000000000e+00	5.059111272024734368e-04	1.362881255162897987e-01	3.084099320351558760e-01	2.000000000000000111e-01	1.199999999999999956e+00	4.696414838962046853e-03
3.000000000000000000e+00	8.660095227635124324e-04	1.692850265843466873e-01	2.064562107185072826e-01	2.000000000000000111e-01	1.199999999999999956e+00	5.398938659233148800e-03
4.000000000000000000e+00	-2.020867532602201033e-03	2.661500762721873969e-01	7.109456998031049579e-02	2.000000000000000111e-01	1.199999999999999956e+00	1.781765987173457993e-02
5.000000000000000000e+00	2.455763865097520225e-03	1.481401333412415144e-01	1.073986032087943521e-01	2.000000000000000111e-01	1.199999999999999956e+00	3.583677205744103568e-03
6.000000000000000000e+00	1.955753037769874646e-03	1.140439491899620517e-01	4.728893742889774821e-01	2.000000000000000111e-01	1.199999999999999956e+00	4.710381501455051557e-03
7.000000000000000000e+00	-1.284312096813984318e-05	1.144583828664021835e-01	3.930278270039764266e-01	2.000000000000000111e-01	1.199999999999999956e+00	8.557570994651694796e-03
8.000000000000000000e+00	6.259453728447051269e-04	1.539977613725317107e-01	3.214725787973908844e-01	2.000000000000000111e-01	1.199999999999999956e+00	3.710792235914461227e-03
9.000000000000000000e+00	1.265606711588950373e-03	2.937924133288494777e-01	-3.638781449084178554e-01	2.000000000000000111e-01	1.199999999999999956e+00	4.170296647702922965e-03
1.000000000000000000e+01	2.772772706137872304e-03	1.231417780037624837e-01	2.169651447464442384e-01	2.000000000000000111e-01	1.199999999999999956e+00	3.118299685965406597e-03
1.100000000000000000e+01	-1.857827878280267700e-02	7.903415356385924406e-01	-1.147612206990409334e+00	2.000000000000000111e-01	1.199999999999999956e+00	1.589440827140986209e-02
1.200000000000000000e+01	1.239493194556048287e-03	1.780250663942714306e-01	2.372087882770199663e-01	2.000000000000000111e-01	1.199999999999999956e+00	3.357790758474841781e-03
1.300000000000000000e+01	-9.874954104041091738e-03	4.779483547741811278e-01	-1.183631362225028738e+00	2.000000000000000111e-01	1.199999999999999956e+00	2.099433802811557503e-01
1.400000000000000000e+01	-2.815352848067955837e-03	3.433138546570749794e-01	-1.205903819506977115e-01	2.000000000000000111e-01	1.199999999999999956e+00	9.715806329518130238e-03
1.500000000000000000e+01	-2.745642995293911485e-03	3.558339870386705295e-01	-2.896689312274753902e-01	2.000000000000000111e-01	1.199999999999999956e+00	2.491407026288792927e-03
1.600000000000000000e+01	-4.344065240847670402e-04	1.604768513954988041e-01	4.202252618569288778e-01	2.000000000000000111e-01	1.199999999999999956e+00	8.493856819624974810e-03
1.700000000000000000e+01	4.483527914403815534e-04	2.438290477707395487e-01	1.718651606340593219e-01	2.000000000000000111e-01	1.199999999999999956e+00	4.549266046937140533e-03
1.800000000000000000e+01	3.236029137179320279e-04	2.317906471047788686e-01	-5.116986723788752300e-02	2.000000000000000111e-01	1.199999999999999956e+00	8.139376641640223842e-03
1.900000000000000000e+01	2.558402582814248236e-03	2.296443979845529115e-01	3.060394315019010492e-02	2.000000000000000111e-01	1.199999999999999956e+00	4.189005124408644830e-03
2.000000000000000000e+01	1.745753391612897120e-03	9.218331064838621025e-02	5.199979810734576269e-01	2.000000000000000111e-01	1.199999999999999956e+00	1.061072133374321366e-02
2.100000000000000000e+01	-8.405867486827714235e-04	3.840485155513069793e-01	-2.534320354541561571e-01	2.000000000000000111e-01	1.199999999999999956e+00	7.438156199248307544e-03
2.200000000000000000e+01	8.253569476947312470e-04	1.596361776168719881e-01	3.294024483169395445e-01	2.000000000000000111e-01	1.199999999999999956e+00	8.138109156569933375e-03
2.300000000000000000e+01	3.185063037170150551e-04	1.059658837209294518e-01	5.651266449064431541e-01	2.000000000000000111e-01	1.199999999999999956e+00	7.376758730890463356e-03
2.400000000000000000e+01	-8.013367827714674985e-03	4.371694074813692876e-01	-1.358953240651869621e+00	2.000000000000000111e-01	1.199999999999999956e+00	6.754898801716853474e-02
2.500000000000000000e+01	3.764279339986868560e-04	2.145440591663665963e-01	2.159776110777942293e-01	2.000000000000000111e-01	1.199999999999999956e+00	1.009652797765567267e-02
2.600000000000000000e+01	1.840594811574881385e-03	1.876230887321238550e-01	8.130555377949999496e-02	2.000000000000000111e-01	1.199999999999999956e+00	2.419884199856334791e-03
2.700000000000000000e+01	6.086372523307744193e-04	1.415072339214055730e-01	4.357101678263344269e-01	2.000000000000000111e-01	1.199999999999999956e+00	1.055627678993659169e-02
2.800000000000000000e+01	1.539557156908222301e-03	2.664378287268294732e-01	7.110027853735312320e-02	2.000000000000000111e-01	1.199999999999999956e+00	6.862924735577210535e-03
2.900000000000000000e+01	-5.219882641307761577e-03	6.137454242735422838e-01	-9.081960539269244848e-01	2.000000000000000111e-01	1.199999999999999956e+00	1.041158958522951823e-02
3.000000000000000000e+01	3.118491679119874630e-03	6.232886700501677479e-02	4.576890086236315991e-01	2.000000000000000111e-01	1.199999999999999956e+00	1.206324454344766825e-03
3.100000000000000000e+01	1.726957478288082418e-03	5.135672910827445703e-01	-9.518691683036202278e-01	2.000000000000000111e-01	1.199999999999999956e+00	4.888277744101096611e-03
3.200000000000000000e+01	2.075911155674718938e-03	6.459200537466766590e-02	6.121205620149403615e-01	2.000000000000000111e-01	1.199999999999999956e+00	1.175097688834810840e-02
3.300000000000000000e+01	8.439358480805464122e-04	1.888901939577835865e-01	2.696786731824478700e-01	2.000000000000000111e-01	1.199999999999999956e+00	6.855196360483792155e-03
3.400000000000000000e+01	-7.808200141481089760e-05	1.292861920850960078e-01	3.033423168538846859e-01	2.000000000000000111e-01	1.199999999999999956e+00	8.183872829912765268e-03
3.500000000000000000e+01	1.700105879526102272e-03	1.560333885592953274e-01	3.566632740306281413e-01	2.000000000000000111e-01	1.199999999999999956e+00	7.160005083503573516e-03
3.600000000000000000e+01	-1.652956801523629499e-03	2.460679279226157257e-01	2.040449722191972626e-02	2.000000000000000111e-01	1.199999999999999956e+00	5.912200425715667847e-03
3.700000000000000000e+01	1.031135716894930653e-03	5.739000805576805614e-02	5.214843660543047044e-01	2.000000000000000111e-01	1.199999999999999956e+00	6.136674473430394662e-03
3.800000000000000000e+01	-1.502391379179660383e-03	2.387667144689775423e-01	3.625805615009314309e-01	2.000000000000000111e-01	1.199999999999999956e+00	1.057434613395608243e-02
3.900000000000000000e+01	1.319141177296977738e-04	1.209413179974125896e-01	4.143149221165107754e-01	2.000000000000000111e-01	1.199999999999999956e+00	4.975225373887328870e-03
4.000000000000000000e+01	3.561136233162889072e-04	1.272762427761661985e-01	5.044959539034277185e-01	2.000000000000000111e-01	1.199999999999999956e+00	1.128359741654723532e-02
4.100000000000000000e+01	6.551046187676746694e-06	9.662703925583007725e-02	5.503220443470242529e-01	2.000000000000000111e-01	1.199999999999999956e+00	9.410353418749836663e-03
4.200000000000000000e+01	6.733709023367889595e-05	1.172918054088578216e-01	4.693095115529102301e-01	2.000000000000000111e-01	1.199999999999999956e+00	6.965156498728253265e-03
4.300000000000000000e+01	4.616810526316693407e-04	9.040710390908969496e-02	6.440726190802532614e-01	2.000000000000000111e-01	1.199999999999999956e+00	1.421923433255174209e-02
4.400000000000000000e+01	3.193143574966637410e-04	1.136921235283131076e-01	4.605919819519437297e-01	2.000000000000000111e-01	1.199999999999999956e+00	6.551377635522028821e-03
4.500000000000000000e+01	3.791818399179748252e-04	1.807300748735514162e-01	2.346455490865024807e-01	2.000000000000000111e-01	1.199999999999999956e+00	4.113614678687537406e-03
4.600000000000000000e+01	9.258967839976176397e-04	9.452617116197450930e-02	4.753606315264788940e-01	2.000000000000000111e-01	1.199999999999999956e+00	3.761478458107769558e-03
4.700000000000000000e+01	2.773777939246496933e-04	2.372627339970772298e-01	1.541163704881256535e-01	2.000000000000000111e-01	1.199999999999999956e+00	2.670993577394243073e-03
4.800000000000000000e+01	-3.888312891806792039e-04	2.022593646686358659e-01	2.510195591414436933e-01	2.000000000000000111e-01	1.199999999999999956e+00	7.501333912143825534e-03
4.900000000000000000e+01	-5.874976210597323721e-04	1.800386074482424881e-01	3.179652181858294568e-01	2.000000000000000111e-01	1.199999999999999956e+00	5.875593061533483305e-03
5.000000000000000000e+01	1.380896521879926590e-03	2.036278534774957072e-01	3.680872397446588451e-02	2.000000000000000111e-01	1.199999999999999956e+00	2.615054492750810977e-03
5.100000000000000000e+01	3.120358320506279445e-04	8.286823883163027538e-02	5.824138986334492785e-01	2.000000000000000111e-01	1.199999999999999956e+00	8.662042134309036120e-03
5.200000000000000000e+01	1.847279422608148845e-03	1.253593217444148866e-01	2.755419369260887485e-01	2.000000000000000111e-01	1.199999999999999956e+00	2.893944938516239841e-03
5.300000000000000000e+01	4.596770679876431543e-04	1.337162650529531427e-01	5.167400931459251723e-01	2.000000000000000111e-01	1.199999999999999956e+00	1.005850834057833709e-02
5.400000000000000000e+01	1.090443219349902576e-04	1.728359719290291918e-01	1.580510807580406407e-01	2.000000000000000111e-01	1.199999999999999956e+00	3.293120750611462384e-03
5.500000000000000000e+01	1.096793093674352333e-03	1.074611059826155735e-01	3.689005824809012957e-01	2.000000000000000111e-01	1.199999999999999956e+00	1.808948449138643921e-03
5.600000000000000000e+01	4.763524975108581762e-04	1.300753066280217751e-01	4.007493425569026435e-01	2.000000000000000111e-01	1.199999999999999956e+00	8.068872055290230230e-03
5.700000000000000000e+01	5.805065253231333567e-04	5.002879864114970904e-02	6.211834018263593382e-01	2.000000000000000111e-01	1.199999999999999956e+00	5.431359755290771085e-03
5.800000000000000000e+01	2.157455296694219937e-03	4.359692893341388792e-02	5.785085871694936044e-01	2.000000000000000111e-01	1.199999999999999956e+00	2.348209360788887888e-03
5.900000000000000000e+01	-9.411507603872331859e-04	2.929303335760807814e-01	-2.172913922132302389e-01	2.000000000000000111e-01	1.199999999999999956e+00	3.067463396993639659e-03
6.000000000000000000e+01	2.077893565327911148e-03	1.825434165931974773e-01	1.937141119923140309e-01	2.000000000000000111e-01	1.199999999999999956e+00	5.954196229001592136e-03
6.100000000000000000e+01	2.478716565526036648e-04	1.154723593519630803e-01	3.247337401672418800e-01	2.000000000000000111e-01	1.199999999999999956e+00	1.123769782947596886e-03
6.200000000000000000e+01	5.165867939997480880e-04	1.751017667581724613e-01	1.598287024449152049e-01	2.000000000000000111e-01	1.199999999999999956e+00	6.498572324801524421e-03
6.300000000000000000e+01	-4.081074216569639465e-03	3.383186617546729003e-01	-1.676481670289966530e-01	2.000000000000000111e-01	1.199999999999999956e+00	5.315491274675274158e-03
6.400000000000000000e+01	1.792371275512354549e-05	9.349118993547791967e-02	4.665471552991213855e-01	2.000000000000000111e-01	1.199999999999999956e+00	3.221534522531942918e-03
6.500000000000000000e+01	3.187694688669601845e-03	1.258955021082919512e-01	3.527034986230184188e-01	2.000000000000000111e-01	1.199999999999999956e+00	4.320007505218450249e-03
6.600000000000000000e+01	-1.556318910523569684e-04	1.745662787287818873e-01	1.252621540770970654e-01	2.000000000000000111e-01	1.199999999999999956e+00	4.842347625309474657e-03
6.700000000000000000e+01	-1.915498066497086510e-02	7.562234142187103103e-01	-8.594401427390669923e-01	2.000000000000000111e-01	1.199999999999999956e+00	1.000084041643621059e-02
6.800000000000000000e+01	-3.354841293225416070e-03	3.098134869255755319e-01	-8.372192244337828271e-02	2.000000000000000111e-01	1.199999999999999956e+00	6.804357797796492524e-03
6.900000000000000000e+01	7.202985547701294330e-04	2.166465861588840747e-01	1.775764711052700839e-01	2.000000000000000111e-01	1.199999999999999956e+00	3.668035654229800241e-02
7.000000000000000000e+01	2.099225569865739369e-03	2.589659917520413246e-01	-1.223256297315034047e-02	2.000000000000000111e-01	1.199999999999999956e+00	5.257380456251568510e-03
7.100000000000000000e+01	-2.630590739088291361e-03	2.860577625872470775e-01	-1.924572386178313721e-01	2.000000000000000111e-01	1.199999999999999956e+00	1.042014327385397225e-02
7.200000000000000000e+01	-7.913212201133848489e-03	4.894520785798955331e-01	-6.130671942840590916e-01	2.000000000000000111e-01	1.199999999999999956e+00	8.583232803138701045e-03
7.300000000000000000e+01	1.561022363952249649e-03	5.190547437540534714e-01	-9.867791882027043826e-01	2.000000000000000111e-01	1.199999999999999956e+00	4.157592800976941776e-03
7.400000000000000000e+01	7.038059106411537723e-03	2.283890060755519313e-01	-7.181596840906223633e-02	2.000000000000000111e-01	1.199999999999999956e+00	3.399079336471246861e-03
7.500000000000000000e+01	-5.497166738943060332e-04	2.510734518269457927e-01	-1.233869416563910804e-01	2.000000000000000111e-01	1.199999999999999956e+00	4.845960647725403546e-03
7.600000000000000000e+01	1.647969008619605893e-03	1.318125876383419159e-01	4.067521097405162323e-01	2.000000000000000111e-01	1.199999999999999956e+00	1.047876491249957742e-02
7.700000000000000000e+01	-1.968737137421874579e-03	2.552169076294449890e-01	1.238933733931411041e-01	2.000000000000000111e-01	1.199999999999999956e+00	5.463337703782507500e-03
7.800000000000000000e+01	1.747225988479841202e-03	1.274432630456403814e-01	4.005178906826420970e-01	2.000000000000000111e-01	1.199999999999999956e+00	4.054773648704184351e-03
7.900000000000000000e+01	-5.617822948480739442e-04	1.537683199047661931e-01	1.087307931902126157e-01	2.000000000000000111e-01	1.199999999999999956e+00	3.830974035351471761e-03
8.000000000000000000e+01	-4.997727300271039789e-04	1.910491537943959928e-01	1.058532870684163463e-01	2.000000000000000111e-01	1.199999999999999956e+00	1.163680836525958669e-02
8.100000000000000000e+01	2.736131056827335959e-03	2.209000639720831161e-01	1.702228212490508596e-02	2.000000000000000111e-01	1.199999999999999956e+00	6.226790676547756462e-03
8.200000000000000000e+01	-1.420221195374019854e-03	1.760925114409623293e-01	-2.735518068403663960e-03	2.000000000000000111e-01	1.199999999999999956e+00	2.190624647782091899e-02
8.300000000000000000e+01	5.152288816097947371e-05	6.540196501256152761e-02	6.597868130529844777e-01	2.000000000000000111e-01	1.199999999999999956e+00	8.177147803027478776e-03
8.400000000000000000e+01	-3.731586657878908637e-04	1.114367083485345855e-01	3.724727163643044570e-01	2.000000000000000111e-01	1.199999999999999956e+00	1.042064334584855492e-02
8.500000000000000000e+01	-1.968616955819233513e-03	2.997867577173101705e-01	-2.017871304456759773e-01	2.000000000000000111e-01	1.199999999999999956e+00	3.571534734254145239e-03
8.600000000000000000e+01	1.416672283646818169e-03	7.708440450235114205e-02	4.607530256638487920e-01	2.000000000000000111e-01	1.199999999999999956e+00	5.076590522923972969e-03
8.700000000000000000e+01	3.452036626635175730e-04	5.889615562693066575e-02	5.946152888718185814e-01	2.000000000000000111e-01	1.199999999999999956e+00	6.189265784679369442e-03
8.800000000000000000e+01	-3.186086349521727453e-05	1.379381230602252095e-01	4.433360912603121484e-01	2.000000000000000111e-01	1.199999999999999956e+00	9.589345908982018982e-03
8.900000000000000000e+01	2.932625340040970110e-03	1.212983879651597097e-01	4.152666987533435439e-01	2.000000000000000111e-01	1.199999999999999956e+00	4.255764014061510364e-02
9.000000000000000000e+01	2.332855421301686515e-04	9.652674184669925161e-02	4.342749237016070296e-01	2.000000000000000111e-01	1.199999999999999956e+00	3.619906004679162865e-03
9.100000000000000000e+01	-3.567341562770330252e-04	2.033291862614899359e-01	2.491037369285127312e-01	2.000000000000000111e-01	1.199999999999999956e+00	7.377483659017870440e-03
9.200000000000000000e+01	2.176720021206794177e-03	9.932502342640395221e-02	3.726721345392154383e-01	2.000000000000000111e-01	1.199999999999999956e+00	5.192090191868364846e-03
9.300000000000000000e+01	-3.373582922171210023e-03	2.917289266239267986e-01	-5.315153517019695073e-01	2.000000000000000111e-01	1.199999999999999956e+00	2.020877660586680932e-02
9.400000000000000000e+01	1.025628897250776281e-03	2.067478125926691390e-01	4.114123673238934131e-02	2.000000000000000111e-01	1.199999999999999956e+00	3.314949465103751713e-03
9.500000000000000000e+01	3.768495254911804733e-04	1.145283994262048383e-01	4.801984592923056461e-01	2.000000000000000111e-01	1.199999999999999956e+00	5.658897790338890225e-03
9.600000000000000000e+01	7.721432484178739064e-03	2.147946346294130060e-01	-1.756856522806997667e-01	2.000000000000000111e-01	1.199999999999999956e+00	3.226484124561977002e-03
9.700000000000000000e+01	-1.663514599156893205e-03	2.786650904706870491e-01	-5.348350857990666896e-01	2.000000000000000111e-01	1.199999999999999956e+00	2.759056407429217282e-03
9.800000000000000000e+01	-1.418969288231808823e-03	1.725008273256787295e-01	2.323878654101729779e-02	2.000000000000000111e-01	1.199999999999999956e+00	2.085539425410318226e-02
9.900000000000000000e+01	8.824453291467041806e-04	9.876425854459480735e-02	5.305281024400105849e-01	2.000000000000000111e-01	1.199999999999999956e+00	1.430581905499821345e-02
1.000000000000000000e+02	3.834398655310455027e-04	1.893805610488130398e-01	1.386565038049227816e-01	2.000000000000000111e-01	1.199999999999999956e+00	4.441766955114881052e-03
1.010000000000000000e+02	1.249766871065751241e-03	1.518757324528205166e-01	3.543746164594745451e-01	2.000000000000000111e-01	1.199999999999999956e+00	6.772673846152342525e-03
1.020000000000000000e+02	1.843242465300828394e-04	1.030186157004294445e-01	3.633446717621433564e-01	2.000000000000000111e-01	1.199999999999999956e+00	1.800874319089440468e-03
1.030000000000000000e+02	3.820124133306891477e-05	1.406063358087778215e-01	2.119759593257906083e-01	2.000000000000000111e-01	1.199999999999999956e+00	4.878069059929755237e-03
1.040000000000000000e+02	2.601979453914990544e-06	1.501857320443564514e-01	3.491613493611507302e-01	2.000000000000000111e-01	1.199999999999999956e+00	3.665660012212879851e-03
1.050000000000000000e+02	-1.316201829338021839e-04	9.870054307600067967e-02	4.724161715314441068e-01	2.000000000000000111e-01	1.199999999999999956e+00	1.451427993851922039e-02
1.060000000000000000e+02	3.058868332195685416e-04	1.155929374757336259e-01	3.919628898074494217e-01	2.000000000000000111e-01	1.199999999999999956e+00	1.809848580503218814e-03
1.070000000000000000e+02	-4.851447964299809000e-04	2.493266145910941756e-01	-4.461005436526832568e-02	2.000000000000000111e-01	1.199999999999999956e+00	2.859971454915497414e-03
1.080000000000000000e+02	1.065463098502909172e-03	1.637728960166832948e-01	3.614195537894415722e-01	2.000000000000000111e-01	1.199999999999999956e+00	9.487110621765557431e-03
1.090000000000000000e+02	4.576483855984363257e-04	1.777986374017842264e-01	1.969089374903525425e-01	2.000000000000000111e-01	1.199999999999999956e+00	4.427512290525267673e-03
1.100000000000000000e+02	4.992996276938822114e-03	2.184619127290247653e-01	-9.848792566967778939e-02	2.000000000000000111e-01	1.199999999999999956e+00	3.125997264064192538e-03
1.110000000000000000e+02	-6.282129211019018460e-04	1.785040816417572951e-01	1.956435828460865167e-01	2.000000000000000111e-01	1.199999999999999956e+00	4.328825211968055642e-03
1.120000000000000000e+02	-8.467494423616808621e-04	2.325677177191522726e-01	-3.831583210778788384e-02	2.000000000000000111e-01	1.199999999999999956e+00	6.511001609338040730e-03
1.130000000000000000e+02	7.683093111315752620e-04	2.360386715448951067e-01	4.255413277239172842e-02	2.000000000000000111e-01	1.199999999999999956e+00	6.082509273822109784e-03
1.140000000000000000e+02	-4.045878198654146232e-03	3.659720412046011950e-01	-2.622417797667235817e-01	2.000000000000000111e-01	1.199999999999999956e+00	7.487783096402660619e-03
1.150000000000000000e+02	5.325104003163560551e-04	3.345937363724211383e-02	7.283062986224186908e-01	2.000000000000000111e-01	1.199999999999999956e+00	8.157737040465929193e-03
1.160000000000000000e+02	-2.155361638612113609e-04	8.024497954732287552e-02	4.878609261049877688e-01	2.000000000000000111e-01	1.199999999999999956e+00	5.396869225461788447e-03
1.170000000000000000e+02	-3.114286930765519743e-04	1.252887822972957865e-01	4.703214379172684367e-01	2.000000000000000111e-01	1.199999999999999956e+00	7.897210124899094533e-03
1.180000000000000000e+02	-1.335941057603454120e-03	2.722028171476043035e-01	-3.782226321808792591e-01	2.000000000000000111e-01	1.199999999999999956e+00	8.278319588407787033e-03
1.190000000000000000e+02	1.178586840752293328e-04	1.198427159583723700e-01	4.725044609513489036e-01	2.000000000000000111e-01	1.199999999999999956e+00	7.498563435977360740e-03
1.200000000000000000e+02	2.550624272939072527e-04	8.211007797125485785e-02	5.565196667590162072e-01	2.000000000000000111e-01	1.199999999999999956e+00	5.464151886871244403e-03
1.210000000000000000e+02	2.452941060726964839e-04	1.018789828729549929e-01	4.292893201151937177e-01	2.000000000000000111e-01	1.199999999999999956e+00	4.571143488298754463e-03
1.220000000000000000e+02	3.469999370937697312e-04	1.678397299635333295e-01	2.421021117589448046e-01	2.000000000000000111e-01	1.199999999999999956e+00	5.038199153607590339e-03
1.230000000000000000e+02	1.987901918726703526e-04	4.005265659813725398e-02	5.061473768915112359e-01	2.000000000000000111e-01	1.199999999999999956e+00	4.059620351664484754e-03
1.240000000000000000e+02	-3.495899669907850016e-04	1.002617842600898590e-01	5.080367497657749531e-01	2.000000000000000111e-01	1.199999999999999956e+00	9.500267319003241964e-03
1.250000000000000000e+02	2.171657429604793594e-03	2.125544828291485722e-01	-4.442606452110586801e-02	2.000000000000000111e-01	1.199999999999999956e+00	6.674783219999064210e-03
1.260000000000000000e+02	-7.316112228207724034e-03	4.953704790611470066e-01	-3.755676339119293772e-01	2.000000000000000111e-01	1.199999999999999956e+00	8.560937764691590665e-03
1.270000000000000000e+02	2.833036128195935677e-04	1.782121447946126147e-01	2.936255082644168013e-01	2.000000000000000111e-01	1.199999999999999956e+00	2.763480391972841788e-03
1.280000000000000000e+02	6.904158002624341149e-04	1.963936674362926627e-01	3.446506713732686578e-01	2.000000000000000111e-01	1.199999999999999956e+00	1.122184845297622899e-02
1.290000000000000000e+02	-1.759303414075792139e-04	1.732627856926713117e-01	2.734663094457632226e-01	2.000000000000000111e-01	1.199999999999999956e+00	4.616627549181924646e-03
1.300000000000000000e+02	8.198160795015772091e-04	2.426152392758835485e-01	9.487683510989963764e-02	2.000000000000000111e-01	1.199999999999999956e+00	4.063626799819558544e-03
1.310000000000000000e+02	-6.178782595082568142e-03	4.630780343985573810e-01	-5.979110822307660555e-01	2.000000000000000111e-01	1.199999999999999956e+00	8.813878948993053228e-03
1.320000000000000000e+02	6.006193157899137941e-04	7.935753637236286906e-02	5.459782282314962210e-01	2.000000000000000111e-01	1.199999999999999956e+00	5.825276750650243245e-03
1.330000000000000000e+02	-2.972370186504207697e-03	3.537525390176745610e-01	-2.230820041800791742e-01	2.000000000000000111e-01	1.199999999999999956e+00	1.327037773583605862e-02
1.340000000000000000e+02	9.673039585620609761e-04	9.102335232663483211e-02	5.893816924524988288e-01	2.000000000000000111e-01	1.199999999999999956e+00	1.212836738523213886e-02
1.350000000000000000e+02	2.911478338116417573e-04	2.383668502632382558e-01	1.409117855243424700e-02	2.000000000000000111e-01	1.199999999999999956e+00	8.333427997568592857e-03
1.360000000000000000e+02	4.329757990595418894e-04	6.234885762581800217e-02	5.759099304465595814e-01	2.000000000000000111e-01	1.199999999999999956e+00	3.061605477780831187e-03
1.370000000000000000e+02	-9.121387763255953346e-04	2.543649557552348783e-01	2.477632154163824652e-01	2.000000000000000111e-01	1.199999999999999956e+00	1.050152089622025109e-02
1.380000000000000000e+02	3.704204960570778955e-04	1.216337166233019823e-01	2.195468891484253504e-01	2.000000000000000111e-01	1.199999999999999956e+00	2.219839632575459389e-03
1.390000000000000000e+02	8.925661666923826809e-04	1.260302111524961854e-01	5.056648746742355982e-01	2.000000000000000111e-01	1.199999999999999956e+00	1.450002356001655300e-02
1.400000000000000000e+02	1.037914191615232169e-03	7.084740541242430523e-02	5.710825052007773017e-01	2.000000000000000111e-01	1.199999999999999956e+00	5.678444856631811866e-03
1.410000000000000000e+02	-9.540926304046196994e-04	2.362723548733325074e-01	-1.358626210179076921e-01	2.000000000000000111e-01	1.199999999999999956e+00	2.103164283195989043e-03
1.420000000000000000e+02	-1.584138938474750295e-03	2.867101260118628536e-01	3.528836950820402052e-02	2.000000000000000111e-01	1.199999999999999956e+00	8.294992248169104354e-03
1.430000000000000000e+02	-4.404679764448330044e-03	3.607610435826997808e-01	-3.341360463331284336e-01	2.000000000000000111e-01	1.199999999999999956e+00	5.887715863991086103e-03
1.440000000000000000e+02	1.500758550543245798e-03	5.788052452669125575e-02	6.085093378977994849e-01	2.000000000000000111e-01	1.199999999999999956e+00	8.121369025283849477e-03
1.450000000000000000e+02	2.037959016745778586e-03	1.523180859322575964e-01	3.892119047270128362e-01	2.000000000000000111e-01	1.199999999999999956e+00	1.196764097117271851e-02
1.460000000000000000e+02	-3.096447719236185801e-03	3.648027437119505390e-01	-3.852508687153175515e-01	2.000000000000000111e-01	1.199999999999999956e+00	7.531939979173725257e-03
1.470000000000000000e+02	-1.542261475867299017e-02	6.628691980757042135e-01	-2.063049045932030978e+00	2.000000000000000111e-01	1.199999999999999956e+00	1.226611505570655673e-02
1.480000000000000000e+02	1.442165754415487573e-03	5.005665169153646066e-02	5.597137549307846793e-01	2.000000000000000111e-01	1.199999999999999956e+00	4.223209144320861155e-03
1.490000000000000000e+02	3.595906623919025661e-03	1.596609546037187632e-01	1.753156037205236828e-01	2.000000000000000111e-01	1.199999999999999956e+00	6.784278556858235228e-03
1.500000000000000000e+02	1.121411952429582793e-03	6.341394187776933089e-02	5.783528020408141845e-01	2.000000000000000111e-01	1.199999999999999956e+00	4.477876440629948752e-03
1.510000000000000000e+02	-9.665982388369612124e-04	2.380024646043450154e-01	1.284331563531351250e-01	2.000000000000000111e-01	1.199999999999999956e+00	5.664223151581539335e-03
1.520000000000000000e+02	4.313074948032922205e-03	1.343315208294547369e-01	3.353907424026403294e-01	2.000000000000000111e-01	1.199999999999999956e+00	6.258725578600138860e-03
1.530000000000000000e+02	-1.352108843795731723e-03	1.773226679525354288e-01	-1.179068613232132634e-01	2.000000000000000111e-01	1.199999999999999956e+00	2.784544215998921088e-02
1.540000000000000000e+02	-2.375960212756993758e-03	3.468754944780337302e-01	-7.973105908461617375e-01	2.000000000000000111e-01	1.199999999999999956e+00	5.692405436810110859e-03
1.550000000000000000e+02	1.124168603331656595e-03	1.125584407585908248e-01	4.076529422807397829e-01	2.000000000000000111e-01	1.199999999999999956e+00	4.965568942689691130e-03
1.560000000000000000e+02	8.981234845284055907e-04	4.047144173260058125e-02	6.129064234998931049e-01	2.000000000000000111e-01	1.199999999999999956e+00	3.392873159194982093e-03
1.570000000000000000e+02	-1.717033181591853572e-05	8.873312204157451921e-02	4.854922199528854954e-01	2.000000000000000111e-01	1.199999999999999956e+00	6.189164820343686681e-03
1.580000000000000000e+02	8.204686149968218930e-04	9.549512281029982896e-02	5.086565294754477051e-01	2.000000000000000111e-01	1.199999999999999956e+00	4.609272649468453172e-03
1.590000000000000000e+02	-4.153392879926693195e-05	1.970358961572928058e-01	1.948645138671389887e-01	2.000000000000000111e-01	1.199999999999999956e+00	6.958169595330128236e-03
1.600000000000000000e+02	1.435462336508323573e-03	3.612841895003651715e-02	6.863184207518218116e-01	2.000000000000000111e-01	1.199999999999999956e+00	7.818184731648894839e-03
1.610000000000000000e+02	-2.723278458068105999e-03	2.307786474713682534e-01	1.703172087704842852e-01	2.000000000000000111e-01	1.199999999999999956e+00	2.722033940050936490e-02
1.620000000000000000e+02	-7.070532333526452799e-04	2.035217561157061372e-01	2.898767377454096739e-01	2.000000000000000111e-01	1.199999999999999956e+00	7.854976466629231407e-03
1.630000000000000000e+02	-4.840489004149101972e-03	3.156825516389232811e-01	-3.310808897448076493e-01	2.000000000000000111e-01	1.199999999999999956e+00	2.533505916768726343e-02
1.640000000000000000e+02	1.034168040667030747e-03	1.819349862279560914e-01	2.177099230690431320e-01	2.000000000000000111e-01	1.199999999999999956e+00	1.847578340703440181e-03
1.650000000000000000e+02	2.964495020939885827e-03	3.232014786288331942e-01	-3.899490111609291709e-01	2.000000000000000111e-01	1.199999999999999956e+00	3.556373452944360664e-03
1.660000000000000000e+02	1.390539679442722668e-03	1.750000949369831527e-01	1.423551106549942880e-01	2.000000000000000111e-01	1.199999999999999956e+00	6.020042097223488563e-03
1.670000000000000000e+02	4.322601522376571387e-03	2.676355543853474184e-01	-1.532970498072963039e-01	2.000000000000000111e-01	1.199999999999999956e+00	3.893681399457039893e-03
1.680000000000000000e+02	4.000687861353512120e-04	1.520444706543606084e-01	3.861864896317732665e-01	2.000000000000000111e-01	1.199999999999999956e+00	7.866478679238366606e-03
1.690000000000000000e+02	2.981527315714298330e-03	1.535235178871975636e-01	2.005454517644347234e-01	2.000000000000000111e-01	1.199999999999999956e+00	3.938705526752730654e-03
1.700000000000000000e+02	-6.431477450996477257e-04	1.509657121076876385e-01	3.562777757987083405e-01	2.000000000000000111e-01	1.199999999999999956e+00	8.186493019888222561e-03
1.710000000000000000e+02	1.656242881465658972e-03	1.129115792379536409e-01	4.879990450705768978e-01	2.000000000000000111e-01	1.199999999999999956e+00	6.329052243793354370e-03
1.720000000000000000e+02	1.012078452238200253e-03	7.794091589865859149e-02	4.832414429066254069e-01	2.000000000000000111e-01	1.199999999999999956e+00	3.984703391478023639e-03
1.730000000000000000e+02	3.572154060854020410e-04	2.963399116466737260e-01	-3.767757616070568361e-01	2.000000000000000111e-01	1.199999999999999956e+00	2.586018674296809185e-03
1.740000000000000000e+02	1.239522025140839777e-03	1.081758671002749916e-01	4.046407332305110849e-01	2.000000000000000111e-01	1.199999999999999956e+00	5.475286700126439678e-03
1.750000000000000000e+02	-2.509475556055804860e-03	2.630434392185106440e-01	-2.626506808458781705e-01	2.000000000000000111e-01	1.199999999999999956e+00	2.343065882980401721e-02
1.760000000000000000e+02	-1.592035601306279616e-03	3.296119206591295314e-01	-2.498378692224640929e-01	2.000000000000000111e-01	1.199999999999999956e+00	3.111451542648393121e-03
1.770000000000000000e+02	-8.918834952183471226e-04	5.087061077861128044e-01	-8.765044635439513954e-01	2.000000000000000111e-01	1.199999999999999956e+00	8.566842113668522371e-03
1.780000000000000000e+02	-8.533411256442320798e-04	3.732368376130955068e-01	-3.395954344165454941e-01	2.000000000000000111e-01	1.199999999999999956e+00	4.511387805005743872e-03
1.790000000000000000e+02	-2.008554924685394729e-04	7.261635004935355908e-02	3.341191549422477536e-01	2.000000000000000111e-01	1.199999999999999956e+00	3.396276016243533064e-02
1.800000000000000000e+02	1.732135460041881207e-03	9.490228079750252788e-02	6.101796587235421843e-01	2.000000000000000111e-01	1.199999999999999956e+00	7.626014904630042113e-02
1.810000000000000000e+02	7.989971301091931073e-05	1.014065989313394783e-01	4.971633750819561826e-01	2.000000000000000111e-01	1.199999999999999956e+00	8.857044182934899548e-03
1.820000000000000000e+02	1.254888785956007101e-03	2.634209773951759481e-01	1.315529689673318181e-01	2.000000000000000111e-01	1.199999999999999956e+00	3.624091221842745854e-03
1.830000000000000000e+02	-9.154966494121703248e-04	1.941403099639149865e-01	2.814086467765446464e-01	2.000000000000000111e-01	1.199999999999999956e+00	6.519761735800899162e-03
1.840000000000000000e+02	-4.120145415943474512e-03	3.900278541169365787e-01	-5.143339318266066940e-01	2.000000000000000111e-01	1.199999999999999956e+00	2.332466503891463764e-03
1.850000000000000000e+02	-2.677868530132903745e-05	2.007325614906213807e-01	1.152724882978937160e-01	2.000000000000000111e-01	1.199999999999999956e+00	3.215137894575957004e-03
1.860000000000000000e+02	7.479069928405534824e-04	6.070048960375428598e-02	5.039123337005244618e-01	2.000000000000000111e-01	1.199999999999999956e+00	4.912789539803181192e-03
1.870000000000000000e+02	5.652769671797109674e-04	9.055463870297300599e-02	5.413996886586471824e-01	2.000000000000000111e-01	1.199999999999999956e+00	5.166875972461668076e-03
1.880000000000000000e+02	-6.400705871805559841e-04	2.346271010249478262e-01	-4.014222460840155549e-02	2.000000000000000111e-01	1.199999999999999956e+00	5.201393701235568212e-03
1.890000000000000000e+02	2.759317292713544655e-03	8.985976475740647951e-02	5.434925620190929063e-01	2.000000000000000111e-01	1.199999999999999956e+00	9.762408650599676760e-03
1.900000000000000000e+02	4.581523035404357069e-03	3.085235343423617937e-01	-2.934136059938166063e-01	2.000000000000000111e-01	1.199999999999999956e+00	4.506693674259383553e-03
1.910000000000000000e+02	1.425550983682732096e-03	3.938218400812751319e-02	6.531562588331323305e-01	2.000000000000000111e-01	1.199999999999999956e+00	6.787333812254527088e-03
1.920000000000000000e+02	1.387049059126316914e-03	1.285845324839686166e-01	4.587743515137061578e-01	2.000000000000000111e-01	1.199999999999999956e+00	7.315226981542696273e-03
1.930000000000000000e+02	-9.382737501785208588e-04	2.628874116792839777e-01	-3.407495598159382411e-02	2.000000000000000111e-01	1.199999999999999956e+00	9.286323276686691761e-03
1.940000000000000000e+02	7.903231353751233312e-04	9.039156720446066273e-02	5.542199916159145090e-01	2.000000000000000111e-01	1.199999999999999956e+00	8.926470114500954442e-03
1.950000000000000000e+02	8.972262717548461566e-04	1.072936044438146524e-01	4.174756926785221367e-01	2.000000000000000111e-01	1.199999999999999956e+00	1.612554371173066312e-02
1.960000000000000000e+02	1.828075288435283493e-04	1.803155131145444956e-01	3.772331763538643301e-01	2.000000000000000111e-01	1.199999999999999956e+00	1.377068164951784392e-02
1.970000000000000000e+02	1.418392357323452167e-03	4.991330849119419988e-02	5.178668889668811559e-01	2.000000000000000111e-01	1.199999999999999956e+00	3.766859822227144883e-03
1.980000000000000000e+02	6.588500792169525461e-04	8.664328123627296208e-02	5.636099906813272220e-01	2.000000000000000111e-01	1.199999999999999956e+00	4.011315721673264223e-02
1.990000000000000000e+02	5.904087375532814184e-04	4.240588481166716883e-02	5.978391635319844077e-01	2.000000000000000111e-01	1.199999999999999956e+00	3.677838749932775281e-03
2.000000000000000000e+02	1.225498209828552098e-03	1.158686181087599520e-01	4.198624257570604534e-01	2.000000000000000111e-01	1.199999999999999956e+00	6.263512322945983916e-03
2.010000000000000000e+02	1.332043614290474593e-03	1.251423916297603744e-01	3.072438611965653266e-01	2.000000000000000111e-01	1.199999999999999956e+00	4.588183144827998571e-03
2.020000000000000000e+02	1.999927645552519728e-03	6.142246965224076871e-02	6.280193741929187556e-01	2.000000000000000111e-01	1.199999999999999956e+00	9.858002491199452030e-03
2.030000000000000000e+02	1.023778497142434352e-03	8.683700096464552765e-02	4.534374981376694258e-01	2.000000000000000111e-01	1.199999999999999956e+00	3.497722850379270023e-03
2.040000000000000000e+02	7.802795943605920354e-04	2.357323300679628475e-02	7.635776234952595942e-01	2.000000000000000111e-01	1.199999999999999956e+00	9.155449901547723160e-03
2.050000000000000000e+02	5.083348720641643051e-04	1.656419649107502279e-01	3.532927465685227197e-01	2.000000000000000111e-01	1.199999999999999956e+00	5.516986363532770492e-03
2.060000000000000000e+02	3.463439846355100167e-03	1.880467298500407280e-02	6.784041995200446040e-01	2.000000000000000111e-01	1.199999999999999956e+00	5.558070282160531075e-03
2.070000000000000000e+02	-1.171062483591331317e-03	2.131211946051093375e-01	3.517540994176107105e-01	2.000000000000000111e-01	1.199999999999999956e+00	7.241239170106239867e-03
2.080000000000000000e+02	-4.530236624400970692e-04	2.331024083532524382e-01	4.814793197023270466e-03	2.000000000000000111e-01	1.199999999999999956e+00	4.872189804986354345e-03
2.090000000000000000e+02	1.227049112742531478e-03	1.848443264423696719e-01	2.493930042846148609e-01	2.000000000000000111e-01	1.199999999999999956e+00	5.986895877267690673e-03
2.100000000000000000e+02	1.843175062098397670e-03	8.105386256190917627e-02	6.510791471848971224e-01	2.000000000000000111e-01	1.199999999999999956e+00	5.041708845113467008e-02
2.110000000000000000e+02	1.142393791346811848e-04	1.322760697068121605e-01	4.347840249086596387e-01	2.000000000000000111e-01	1.199999999999999956e+00	9.985766139631308339e-03
2.120000000000000000e+02	3.734806128297847409e-03	3.639013543969590314e-01	-5.849013554283279959e-01	2.000000000000000111e-01	1.199999999999999956e+00	5.123812688502537259e-03
2.130000000000000000e+02	1.552950421744487414e-03	1.180279072624039888e-01	3.570702962062370922e-01	2.000000000000000111e-01	1.199999999999999956e+00	3.170701231519229297e-03
2.140000000000000000e+02	4.014422748187903471e-04	3.318966053988872678e-02	6.244968773078662938e-01	2.000000000000000111e-01	1.199999999999999956e+00	4.145023427434237594e-03
2.150000000000000000e+02	1.726280799579240450e-04	2.502997631430704528e-01	4.009073957827169465e-02	2.000000000000000111e-01	1.199999999999999956e+00	5.257078316235756429e-03
2.160000000000000000e+02	4.088409160701323439e-04	1.018863181538879753e-01	5.081175708713785433e-01	2.000000000000000111e-01	1.199999999999999956e+00	7.182615652194226409e-03
2.170000000000000000e+02	3.268052809899271369e-03	1.937848992796539771e-01	2.609318391580974783e-01	2.000000000000000111e-01	1.199999999999999956e+00	9.364207960320234184e-03
2.180000000000000000e+02	7.400165372273374018e-04	1.355437071581479525e-01	4.144021791775034380e-01	2.000000000000000111e-01	1.199999999999999956e+00	7.024587382094225722e-03
2.190000000000000000e+02	5.545053793596424994e-04	6.617806769981786352e-02	5.260729524560479042e-01	2.000000000000000111e-01	1.199999999999999956e+00	4.624092998828294165e-03
2.200000000000000000e+02	-1.892092956547055055e-03	2.959816719797020435e-01	6.401676602822981010e-03	2.000000000000000111e-01	1.199999999999999956e+00	1.273989486331357501e-02
2.210000000000000000e+02	1.416899352026806252e-03	1.374434321450079544e-01	3.457975328831244255e-01	2.000000000000000111e-01	1.199999999999999956e+00	6.162547993358124046e-03
2.220000000000000000e+02	-3.943176235032636208e-03	2.845055515734430385e-01	-3.247323668566766131e-01	2.000000000000000111e-01	1.199999999999999956e+00	3.300161594760373657e-02
2.230000000000000000e+02	-7.308871380831560719e-04	3.070260966580364848e-01	6.891830773747598116e-02	2.000000000000000111e-01	1.199999999999999956e+00	4.651331544891068766e-03
2.240000000000000000e+02	1.174855597254379673e-03	1.399127692589328120e-01	4.759741240130019868e-01	2.000000000000000111e-01	1.199999999999999956e+00	6.336657609104445581e-03
2.250000000000000000e+02	1.370466087864183249e-03	8.947086987705007988e-02	4.456526929822728356e-01	2.000000000000000111e-01	1.199999999999999956e+00	4.223886459869506671e-03
2.260000000000000000e+02	-8.325080222412526007e-04	1.376959413390111686e-01	1.852549803209058155e-02	2.000000000000000111e-01	1.199999999999999956e+00	5.581982382149188598e-02
2.270000000000000000e+02	-2.080028304059562509e-03	2.745864847017098764e-01	4.650462412724110095e-02	2.000000000000000111e-01	1.199999999999999956e+00	1.133606200113823105e-02
2.280000000000000000e+02	1.578159352234906809e-03	1.605290451800993057e-01	1.971681294114357996e-01	2.000000000000000111e-01	1.199999999999999956e+00	3.956411264626797861e-03
2.290000000000000000e+02	1.126951486228958523e-03	5.514856865515437023e-02	5.711445667111021418e-01	2.000000000000000111e-01	1.199999999999999956e+00	3.551415164605833778e-03
2.300000000000000000e+02	6.163272307751233589e-04	4.920786159396430687e-02	5.915958108449479447e-01	2.000000000000000111e-01	1.199999999999999956e+00	3.260122140205683715e-03
2.310000000000000000e+02	1.479732257201137871e-03	1.080200191666132459e-01	5.234831286272405571e-01	2.000000000000000111e-01	1.199999999999999956e+00	6.464385377650584859e-03
2.320000000000000000e+02	3.553993887398054861e-04	1.003705211089747779e-01	4.954519785444353452e-01	2.000000000000000111e-01	1.199999999999999956e+00	6.517134081291411918e-03
2.330000000000000000e+02	4.607751508830623568e-04	1.052283346693594496e-01	4.107809512093267834e-01	2.000000000000000111e-01	1.199999999999999956e+00	7.418620117440616162e-03
2.340000000000000000e+02	7.277966162712244365e-04	1.130787429631694846e-01	5.032729538430431582e-01	2.000000000000000111e-01	1.199999999999999956e+00	7.339105207399416499e-03
2.350000000000000000e+02	-7.439247395986902083e-04	1.253729475938951399e-01	3.670091733122413657e-01	2.000000000000000111e-01	1.199999999999999956e+00	5.432987532000082415e-02
2.360000000000000000e+02	1.970454134213807084e-05	1.417752324761926142e-01	2.931808157846598206e-01	2.000000000000000111e-01	1.199999999999999956e+00	4.444306603743065388e-03
2.370000000000000000e+02	5.430918762390307642e-04	1.202239316242895845e-01	4.128164849263167291e-01	2.000000000000000111e-01	1.199999999999999956e+00	4.556509888791633427e-03
2.380000000000000000e+02	-4.666863108856927206e-03	3.241914299757304163e-01	-5.889078856757254954e-01	2.000000000000000111e-01	1.199999999999999956e+00	2.269355310470472231e-02
2.390000000000000000e+02	-7.692313358681650455e-03	4.067912646440925428e-01	-5.816129983586408869e-01	2.000000000000000111e-01	1.199999999999999956e+00	2.860461528732147554e-02
2.400000000000000000e+02	4.349492666116414681e-04	1.167907643203664747e-01	3.756368229031248340e-01	2.000000000000000111e-01	1.199999999999999956e+00	4.060123213840861368e-03
2.410000000000000000e+02	1.365013826662215234e-03	2.064296595448382177e-01	7.421977131167700747e-02	2.000000000000000111e-01	1.199999999999999956e+00	3.332698463006400404e-03
2.420000000000000000e+02	1.334860682171312490e-03	1.228056030882113958e-01	3.577217058089980917e-01	2.000000000000000111e-01	1.199999999999999956e+00	8.920929499536890336e-03
2.430000000000000000e+02	2.402893376517051607e-03	8.675671071965630754e-02	5.633789410719802770e-01	2.000000000000000111e-01	1.199999999999999956e+00	7.862635861700079110e-03
2.440000000000000000e+02	-3.196691214689041920e-03	2.688177104192169264e-01	1.230651476683490841e-01	2.000000000000000111e-01	1.199999999999999956e+00	1.615096513515535195e-02
2.450000000000000000e+02	8.386657536074243425e-04	1.109124846082770871e-01	4.824106379657409072e-01	2.000000000000000111e-01	1.199999999999999956e+00	3.980042414419577256e-03
2.460000000000000000e+02	9.302099190523735765e-04	1.166686754186245234e-01	4.211738561408067127e-01	2.000000000000000111e-01	1.199999999999999956e+00	5.640752231981576922e-03
2.470000000000000000e+02	-4.306362815536679198e-03	4.601628341567236546e-01	-7.983790673542436878e-01	2.000000000000000111e-01	1.199999999999999956e+00	8.618357058520887889e-03
2.480000000000000000e+02	4.226135691756961179e-04	1.442678706890898055e-01	4.055014411702630994e-01	2.000000000000000111e-01	1.199999999999999956e+00	1.039551048135684171e-02
2.490000000000000000e+02	-2.487665996450967435e-04	1.051516517289679820e-01	4.648469798046632739e-01	2.000000000000000111e-01	1.199999999999999956e+00	4.501492006125143094e-03
2.500000000000000000e+02	5.697447520601625626e-03	2.362697143326704385e-01	1.671714942513085056e-01	2.000000000000000111e-01	1.199999999999999956e+00	7.329581116901707008e-03
2.510000000000000000e+02	2.877850279992561627e-03	2.517111768383866605e-02	6.198352040251682293e-01	2.000000000000000111e-01	1.199999999999999956e+00	8.376959482338526553e-03
2.520000000000000000e+02	1.713256118775392757e-03	1.118173050406250923e-01	4.158688854889427411e-01	2.000000000000000111e-01	1.199999999999999956e+00	4.573306870195530290e-03
2.530000000000000000e+02	-2.239291529784970258e-03	3.042507729062630673e-01	-7.444995172778501313e-02	2.000000000000000111e-01	1.199999999999999956e+00	9.500002018830657965e-03
2.540000000000000000e+02	4.441238675805282417e-04	6.987122563074851800e-02	5.605591526535071978e-01	2.000000000000000111e-01	1.199999999999999956e+00	4.481815230628280466e-03
2.550000000000000000e+02	-2.154606319123944546e-04	1.616775607273341353e-01	2.487918273736426933e-01	2.000000000000000111e-01	1.199999999999999956e+00	3.536187031426705520e-03
2.560000000000000000e+02	-1.147698579167670245e-05	1.384472858012852359e-01	4.439526297490594686e-01	2.000000000000000111e-01	1.199999999999999956e+00	1.011040105751531346e-02
2.570000000000000000e+02	3.797424415201552592e-04	5.723590793085750472e-02	5.987323272338729296e-01	2.000000000000000111e-01	1.199999999999999956e+00	3.018206523170613442e-03
2.580000000000000000e+02	2.034670351213344519e-04	1.316525369253211675e-01	2.380776775871438211e-01	2.000000000000000111e-01	1.199999999999999956e+00	1.585573518099089299e-03
2.590000000000000000e+02	1.047136605102652824e-03	5.339776454102628661e-02	6.110349614067627222e-01	2.000000000000000111e-01	1.199999999999999956e+00	6.996616325145506646e-03
2.600000000000000000e+02	1.656116963124504857e-03	1.408389604039880783e-01	4.514273063874463254e-01	2.000000000000000111e-01	1.199999999999999956e+00	1.087562140754931225e-02
2.610000000000000000e+02	1.617044502673802096e-03	5.781214731744823698e-01	-1.585263939981836678e+00	2.000000000000000111e-01	1.199999999999999956e+00	1.134837444405567379e-02
2.620000000000000000e+02	9.419695448821186661e-04	1.491632133562511009e-01	4.024961212220636853e-01	2.000000000000000111e-01	1.199999999999999956e+00	9.144425943402164844e-03
2.630000000000000000e+02	1.606018908736442071e-03	1.332247740317915319e-01	3.112038383463309188e-01	2.000000000000000111e-01	1.199999999999999956e+00	1.080729342084990954e-02
2.640000000000000000e+02	1.144410034631940763e-03	1.972871157438119416e-01	2.178606391031983058e-01	2.000000000000000111e-01	1.199999999999999956e+00	4.763299248591044803e-03
2.650000000000000000e+02	6.351095718141564839e-04	1.423790144938589242e-01	4.442791823444154353e-01	2.000000000000000111e-01	1.199999999999999956e+00	4.923859739444451898e-03
2.660000000000000000e+02	-6.154387013427791526e-04	2.296335379806815624e-01	1.644817164864433856e-01	2.000000000000000111e-01	1.199999999999999956e+00	2.141014872775869916e-03
2.670000000000000000e+02	2.783787812593072064e-03	1.279132446482688368e-01	5.224988554381397865e-01	2.000000000000000111e-01	1.199999999999999956e+00	1.644748208177208848e-02
2.680000000000000000e+02	2.806568460317462920e-04	2.348702709414109482e-02	7.217619082980482048e-01	2.000000000000000111e-01	1.199999999999999956e+00	6.450106897448159779e-03
2.690000000000000000e+02	-1.223131604128444884e-03	1.626925306259179860e-01	-1.128675821680147351e-01	2.000000000000000111e-01	1.199999999999999956e+00	2.410092839985116669e-02
2.700000000000000000e+02	1.930789599629409523e-03	6.309574363885663006e-02	5.188117020412368330e-01	2.000000000000000111e-01	1.199999999999999956e+00	4.536058244194030378e-03
2.710000000000000000e+02	3.044657141130804835e-04	1.556623262421747700e-01	3.623780795546478473e-01	2.000000000000000111e-01	1.199999999999999956e+00	5.447412676302367841e-03
2.720000000000000000e+02	8.208173746503756628e-04	6.650166821265095229e-02	5.987775331955622615e-01	2.000000000000000111e-01	1.199999999999999956e+00	8.576531493472514672e-03
2.730000000000000000e+02	1.203081198556572601e-03	6.264848069548527298e-02	5.469823487523661765e-01	2.000000000000000111e-01	1.199999999999999956e+00	8.091438931027679707e-03
2.740000000000000000e+02	6.318526747458832115e-04	8.173584062925766391e-02	5.326161427300615259e-01	2.000000000000000111e-01	1.199999999999999956e+00	5.425502416547029957e-03
2.750000000000000000e+02	-9.697670885133257519e-04	2.390097054128403065e-01	3.128615385736104315e-01	2.000000000000000111e-01	1.199999999999999956e+00	8.797906395639437313e-03
2.760000000000000000e+02	4.734641282465597940e-04	2.296980761468469801e-01	9.611509559664277447e-02	2.000000000000000111e-01	1.199999999999999956e+00	8.297455350874288413e-03
2.770000000000000000e+02	3.692940282517115629e-03	1.857232212282452777e-01	1.837219313141602584e-01	2.000000000000000111e-01	1.199999999999999956e+00	7.392779691787101058e-03
2.780000000000000000e+02	1.646661276108470507e-03	2.409165983039518733e-01	5.804156972837093420e-02	2.000000000000000111e-01	1.199999999999999956e+00	6.445859415848094638e-03
2.790000000000000000e+02	1.379069428553791540e-03	2.082143937841416381e-01	1.096440415629285070e-03	2.000000000000000111e-01	1.199999999999999956e+00	2.930927233423506924e-03
2.800000000000000000e+02	1.065944809719692648e-03	9.391106350717605411e-02	4.551922089357471890e-01	2.000000000000000111e-01	1.199999999999999956e+00	3.874863195573327156e-03
2.810000000000000000e+02	1.063133509818433436e-02	9.034222744949066408e-02	3.771301114048652980e-01	2.000000000000000111e-01	1.199999999999999956e+00	4.434587410229015939e-03
2.820000000000000000e+02	-3.654427452907130442e-04	1.745209449395781487e-01	3.634389186889874779e-01	2.000000000000000111e-01	1.199999999999999956e+00	1.223272642052953760e-02
2.830000000000000000e+02	1.166244467417474392e-03	1.945746172253501050e-01	6.516930181490243612e-02	2.000000000000000111e-01	1.199999999999999956e+00	6.480628333057535106e-03
2.840000000000000000e+02	-6.883838472127478314e-05	6.029610971875834502e-02	5.705081887693310705e-01	2.000000000000000111e-01	1.199999999999999956e+00	2.945183573369460767e-02
2.850000000000000000e+02	-6.548941359385012815e-04	3.797153172176823688e-01	-4.137174607828759676e-01	2.000000000000000111e-01	1.199999999999999956e+00	3.267028866492680504e-03
2.860000000000000000e+02	4.264690856574791149e-04	2.215191312732625942e-02	7.225398747474355288e-01	2.000000000000000111e-01	1.199999999999999956e+00	6.712998735196380740e-03
2.870000000000000000e+02	-7.265112396002471919e-05	1.539819285972350293e-01	4.588307948383283374e-01	2.000000000000000111e-01	1.199999999999999956e+00	1.117194437416629826e-02
2.880000000000000000e+02	-6.902918441647961116e-04	1.589075250576023057e-01	1.122161137100947670e-01	2.000000000000000111e-01	1.199999999999999956e+00	3.532305175823496294e-03
2.890000000000000000e+02	6.848380497536725410e-04	1.317036991531689849e-01	2.777456919000398372e-01	2.000000000000000111e-01	1.199999999999999956e+00	5.200818799006394315e-03
2.900000000000000000e+02	5.010070132421687913e-04	9.805222814680544796e-02	5.508037023481171524e-01	2.000000000000000111e-01	1.199999999999999956e+00	7.217761625680642334e-03
2.910000000000000000e+02	2.706507836816936821e-05	7.999496875416463315e-02	4.992888226570149079e-01	2.000000000000000111e-01	1.199999999999999956e+00	3.554561541955550668e-03
2.920000000000000000e+02	-7.075026113035804993e-04	2.409106198187737080e-01	1.872124349839481283e-01	2.000000000000000111e-01	1.199999999999999956e+00	5.017324927372962366e-03
2.930000000000000000e+02	4.065601422019527789e-05	1.034762866161395845e-01	4.275629082269092329e-01	2.000000000000000111e-01	1.199999999999999956e+00	3.275683718907667491e-03
2.940000000000000000e+02	4.390429047020305781e-04	1.271213387282677798e-01	4.277479524838869729e-01	2.000000000000000111e-01	1.199999999999999956e+00	4.806690581604389396e-03
2.950000000000000000e+02	2.090997066850740476e-03	8.939948578815308522e-02	6.060563741354925149e-01	2.000000000000000111e-01	1.199999999999999956e+00	1.146518117920113447e-02
2.960000000000000000e+02	-4.191108972678564133e-04	1.420635082934660898e-01	4.756325761270199237e-01	2.000000000000000111e-01	1.199999999999999956e+00	8.116867936343896348e-03
2.970000000000000000e+02	6.998979584767826400e-04	1.104036184901904527e-01	5.291711848327147472e-01	2.000000000000000111e-01	1.199999999999999956e+00	7.239243712577472963e-03
2.980000000000000000e+02	3.562277870902205799e-03	3.284561497312056821e-01	-2.305838174191641166e-01	2.000000000000000111e-01	1.199999999999999956e+00	4.139456465690707909e-03
2.990000000000000000e+02	2.344342905036072688e-03	1.391161689305395188e-01	1.156631974205954982e-01	2.000000000000000111e-01	1.199999999999999956e+00	6.446279369040024305e-03
3.000000000000000000e+02	7.601804484637546874e-04	1.396669660422066306e-01	2.183298890344547161e-01	2.000000000000000111e-01	1.199999999999999956e+00	1.648462658114186906e-03
3.010000000000000000e+02	-4.546456741558891484e-04	2.392706177489260233e-01	5.694207235456882898e-02	2.000000000000000111e-01	1.199999999999999956e+00	6.078593360295419558e-03
3.020000000000000000e+02	5.957978320424095952e-04	1.171350551055349298e-01	3.636503884890660565e-01	2.000000000000000111e-01	1.199999999999999956e+00	5.722797220093055713e-03
3.030000000000000000e+02	1.317183619591360188e-03	1.057930891990989802e-01	4.064995753207423235e-01	2.000000000000000111e-01	1.199999999999999956e+00	3.721254484260489142e-03
3.040000000000000000e+02	1.157219530407660631e-03	1.438013218246681491e-01	4.160695320374063755e-01	2.000000000000000111e-01	1.199999999999999956e+00	1.576855734010116153e-02
3.050000000000000000e+02	-4.749779452496634435e-04	1.069966969958854042e-01	1.532651951268766410e-01	2.000000000000000111e-01	1.199999999999999956e+00	2.533065656345881086e-02
3.060000000000000000e+02	2.530009119067822064e-04	1.273353767639207046e-01	4.486647064592395040e-01	2.000000000000000111e-01	1.199999999999999956e+00	7.194950649300638733e-03
3.070000000000000000e+02	1.159055572532440492e-03	1.053314507178909898e-01	3.545784219493488543e-01	2.000000000000000111e-01	1.199999999999999956e+00	3.498703523018817634e-03
3.080000000000000000e+02	-3.880467914287362582e-04	2.178511546716377367e-01	2.736390003347644040e-02	2.000000000000000111e-01	1.199999999999999956e+00	5.457716804803662558e-03
3.090000000000000000e+02	9.149433482758796915e-04	4.471346370671147596e-02	5.640278789172072926e-01	2.000000000000000111e-01	1.199999999999999956e+00	4.850313428919631777e-03
3.100000000000000000e+02	5.876603268348714985e-04	1.102762083428427409e-01	4.577859513043005535e-01	2.000000000000000111e-01	1.199999999999999956e+00	7.318987743505159238e-03
3.110000000000000000e+02	7.748728358998365623e-04	4.112318278912922842e-02	6.151938787516777474e-01	2.000000000000000111e-01	1.199999999999999956e+00	3.776641357121496723e-03
3.120000000000000000e+02	7.554766659294642837e-04	7.517898288900748405e-02	4.419828499720561688e-01	2.000000000000000111e-01	1.199999999999999956e+00	3.124183627318703055e-03
3.130000000000000000e+02	4.301561371963275471e-04	7.694035020206792252e-02	5.669679875467328323e-01	2.000000000000000111e-01	1.199999999999999956e+00	6.602936202706928721e-03
3.140000000000000000e+02	1.292993071813416852e-03	1.675715726605049860e-01	2.260433473085350364e-01	2.000000000000000111e-01	1.199999999999999956e+00	4.841261001154843931e-03
3.150000000000000000e+02	3.982946955946855758e-04	1.142976800607450466e-01	2.450085474333136837e-01	2.000000000000000111e-01	1.199999999999999956e+00	2.654508259946489982e-03
3.160000000000000000e+02	-3.689967956495069615e-04	2.257331012810646076e-01	1.388091317431832117e-01	2.000000000000000111e-01	1.199999999999999956e+00	5.758443648277627135e-03
3.170000000000000000e+02	1.044027204364511856e-04	9.431623068424004053e-02	4.435599955574645037e-01	2.000000000000000111e-01	1.199999999999999956e+00	3.680956825181538102e-03
3.180000000000000000e+02	4.618402548156585194e-04	6.533341468287116871e-02	4.783447547177437364e-01	2.000000000000000111e-01	1.199999999999999956e+00	3.597264375659763903e-03
3.190000000000000000e+02	9.790221636403067824e-04	7.787036709127834189e-02	6.104858496469554030e-01	2.000000000000000111e-01	1.199999999999999956e+00	1.007585688382270708e-02
3.200000000000000000e+02	1.101887459100710752e-03	9.720552760279276006e-02	4.139860814262319444e-01	2.000000000000000111e-01	1.199999999999999956e+00	5.239623300246175688e-03
3.210000000000000000e+02	8.836206029547500826e-03	1.378559559665746836e-01	1.597414718457610405e-01	2.000000000000000111e-01	1.199999999999999956e+00	4.052270990887040999e-03
3.220000000000000000e+02	3.484519948888106702e-03	1.585731451220854238e-01	2.915627901936406197e-01	2.000000000000000111e-01	1.199999999999999956e+00	9.486383338015935696e-03
3.230000000000000000e+02	1.923023331264026866e-05	8.093398457785676292e-02	4.136583922386383172e-01	2.000000000000000111e-01	1.199999999999999956e+00	1.077818493388704377e-02
3.240000000000000000e+02	1.254092466427606011e-03	1.434949597675254929e-01	2.034158171977278329e-01	2.000000000000000111e-01	1.199999999999999956e+00	1.302398690200604319e-03
3.250000000000000000e+02	1.402977783263999417e-04	1.105912889654730863e-01	3.660007939004206179e-01	2.000000000000000111e-01	1.199999999999999956e+00	4.201528996885938762e-03
3.260000000000000000e+02	2.943068700711570437e-03	7.762628649044635287e-02	3.608628154080917305e-01	2.000000000000000111e-01	1.199999999999999956e+00	1.086928067722026971e-02
3.270000000000000000e+02	9.598015239200938676e-04	1.088207856153539099e-01	3.060222912672068141e-01	2.000000000000000111e-01	1.199999999999999956e+00	6.923062246057704603e-04
3.280000000000000000e+02	1.288521084093540445e-03	1.820310742200604015e-01	1.736639168106433040e-01	2.000000000000000111e-01	1.199999999999999956e+00	6.446709815060268529e-03
3.290000000000000000e+02	1.464209433311848378e-03	3.982867751667838740e-02	7.159158434832024742e-01	2.000000000000000111e-01	1.199999999999999956e+00	1.127033001203790394e-02
3.300000000000000000e+02	8.409662190830801938e-04	1.277510705033176874e-01	4.287143546338856304e-01	2.000000000000000111e-01	1.199999999999999956e+00	1.066297908531266443e-02
3.310000000000000000e+02	-1.339538365720469894e-03	1.860020943457190712e-01	9.644254348341085858e-02	2.000000000000000111e-01	1.199999999999999956e+00	4.524035359402527740e-02
3.320000000000000000e+02	6.873109566833739094e-05	2.090889927238041013e-01	1.486964398941781340e-02	2.000000000000000111e-01	1.199999999999999956e+00	1.899913269133216833e-03
3.330000000000000000e+02	8.586154483339175896e-04	1.076957932974078880e-01	4.123171645688965548e-01	2.000000000000000111e-01	1.199999999999999956e+00	4.042841117038536991e-03
3.340000000000000000e+02	5.810188182301677428e-04	4.876108988876012851e-02	5.327818404877495695e-01	2.000000000000000111e-01	1.199999999999999956e+00	2.725262038079166119e-03
3.350000000000000000e+02	5.510649638100439084e-04	1.948255651979159120e-01	3.406409420889104922e-01	2.000000000000000111e-01	1.199999999999999956e+00	9.714339214231699007e-03
3.360000000000000000e+02	5.251310845166605673e-04	1.615149975820986683e-01	3.760540246948398391e-01	2.000000000000000111e-01	1.199999999999999956e+00	8.245434296490760165e-03
3.370000000000000000e+02	6.901488557895854841e-04	2.079466434569409994e-01	1.865799218151664718e-01	2.000000000000000111e-01	1.199999999999999956e+00	6.393812715232797921e-03
3.380000000000000000e+02	1.064799001439544401e-03	5.269255938495698982e-02	5.543738335750019175e-01	2.000000000000000111e-01	1.199999999999999956e+00	3.432056507063834232e-03
3.390000000000000000e+02	1.821360848065790069e-03	2.027388223169648285e-01	-6.942015735573292545e-03	2.000000000000000111e-01	1.199999999999999956e+00	4.035320490488340274e-03
3.400000000000000000e+02	-1.477765680906735751e-03	1.997846630831961456e-01	-1.451794394144050315e-01	2.000000000000000111e-01	1.199999999999999956e+00	5.425615721892491916e-03
3.410000000000000000e+02	-1.539488680563195848e-04	1.903966818436720887e-01	1.233337965349536880e-01	2.000000000000000111e-01	1.199999999999999956e+00	6.635209527482829536e-03
3.420000000000000000e+02	1.982968697914624413e-03	7.444119531165623027e-02	5.800235263908675165e-01	2.000000000000000111e-01	1.199999999999999956e+00	7.277215192132276307e-03
3.430000000000000000e+02	6.831051658403824826e-04	1.872274557707279130e-01	1.389035576804524830e-01	2.000000000000000111e-01	1.199999999999999956e+00	3.276354094212818955e-03
3.440000000000000000e+02	-1.509389920899758663e-03	1.973934146667554457e-01	-1.576528741264038302e-02	2.000000000000000111e-01	1.199999999999999956e+00	7.722930287850733946e-03
3.450000000000000000e+02	1.019165595664903081e-03	8.029510211493603999e-02	5.084412040539567634e-01	2.000000000000000111e-01	1.199999999999999956e+00	3.664597540998949105e-03
3.460000000000000000e+02	9.530566405519107524e-04	6.840814055919000602e-02	4.518773771152646557e-01	2.000000000000000111e-01	1.199999999999999956e+00	2.270973356025629466e-03
3.470000000000000000e+02	1.059714216201823166e-03	2.444437812371872409e-01	-1.394692505552086459e-01	2.000000000000000111e-01	1.199999999999999956e+00	3.495296038725687320e-03
3.480000000000000000e+02	1.321355769478455748e-03	7.261049739248714996e-02	6.358528847815780871e-01	2.000000000000000111e-01	1.199999999999999956e+00	2.113666165541469230e-02
3.490000000000000000e+02	1.343276412937862742e-03	1.350064580668556835e-01	2.037237926566328738e-01	2.000000000000000111e-01	1.199999999999999956e+00	3.042187811461579371e-03
3.500000000000000000e+02	1.975802124995831041e-04	2.001601471595438053e-01	1.720898286480432304e-01	2.000000000000000111e-01	1.199999999999999956e+00	5.185461595196806488e-03
3.510000000000000000e+02	7.284722023420536763e-04	1.005610539909976425e-01	3.421965726566167376e-01	2.000000000000000111e-01	1.199999999999999956e+00	3.504628939489416468e-03
3.520000000000000000e+02	1.024871585559025076e-04	3.441600049330958422e-01	-2.811001888167323770e-01	2.000000000000000111e-01	1.199999999999999956e+00	7.963680092908893143e-03
3.530000000000000000e+02	3.548561356255748632e-04	1.332890610765274930e-01	3.536133917727846132e-01	2.000000000000000111e-01	1.199999999999999956e+00	5.714173779025976015e-03
3.540000000000000000e+02	-2.842724975099037896e-04	1.705717439031742833e-01	2.133023834810860997e-01	2.000000000000000111e-01	1.199999999999999956e+00	2.791236671882570738e-03
3.550000000000000000e+02	7.891879542010574742e-04	2.082526923360651372e-01	-1.388636368066809013e-02	2.000000000000000111e-01	1.199999999999999956e+00	3.963526473694678302e-03
3.560000000000000000e+02	1.077187346615523459e-03	7.650877706004895196e-02	4.996392745835875893e-01	2.000000000000000111e-01	1.199999999999999956e+00	5.395719078510419729e-03
3.570000000000000000e+02	-1.069419686707623763e-03	1.448324163866651360e-01	-3.881528972670889033e-02	2.000000000000000111e-01	1.199999999999999956e+00	2.787735157888856716e-02
3.580000000000000000e+02	1.613009947783447312e-04	1.664837383945703408e-01	2.967757248466664777e-01	2.000000000000000111e-01	1.199999999999999956e+00	6.708365489176414641e-03
3.590000000000000000e+02	5.070854969489153527e-03	2.892172345216709184e-02	5.763909091846110000e-01	2.000000000000000111e-01	1.199999999999999956e+00	8.704530540047227677e-03
3.600000000000000000e+02	-5.486433711208584760e-05	1.082708992978443779e-01	4.529864041786533235e-01	2.000000000000000111e-01	1.199999999999999956e+00	5.626663045771316922e-03
3.610000000000000000e+02	1.215176431034299502e-03	1.700953046698935045e-01	2.325141795701060055e-01	2.000000000000000111e-01	1.199999999999999956e+00	3.290333915819624450e-03
3.620000000000000000e+02	1.768672508254068982e-04	7.015726538646101240e-02	4.992119003371109365e-01	2.000000000000000111e-01	1.199999999999999956e+00	1.884788184216820272e-03
3.630000000000000000e+02	3.562745401724025330e-04	1.307726323371320720e-01	4.737480347846036999e-01	2.000000000000000111e-01	1.199999999999999956e+00	6.129847796571808415e-03
3.640000000000000000e+02	1.271754906038581340e-03	9.900639566474915554e-02	3.784687384597891224e-01	2.000000000000000111e-01	1.199999999999999956e+00	1.247339553140042710e-02
3.650000000000000000e+02	1.258286188770650106e-03	1.614265370252422893e-01	3.680956462300040144e-01	2.000000000000000111e-01	1.199999999999999956e+00	1.226233190890019253e-02
3.660000000000000000e+02	1.552128973934149966e-03	8.396407860341602303e-02	3.943819449919618858e-01	2.000000000000000111e-01	1.199999999999999956e+00	2.365060381695398804e-03
3.670000000000000000e+02	7.149817786910463808e-04	1.137948630776906694e-01	4.854397721828056511e-01	2.000000000000000111e-01	1.199999999999999956e+00	6.846319499270156483e-03
3.680000000000000000e+02	-1.400600333737979201e-03	2.203339771340109277e-01	2.827430498283369786e-01	2.000000000000000111e-01	1.199999999999999956e+00	1.322946952927397425e-02
3.690000000000000000e+02	1.780835503327136190e-03	7.097340661008598450e-02	5.156167529234134683e-01	2.000000000000000111e-01	1.199999999999999956e+00	3.223378832566085352e-03
3.700000000000000000e+02	7.862467495953538808e-04	5.971866498109686811e-02	6.769015504265452066e-01	2.000000000000000111e-01	1.199999999999999956e+00	6.771335808424839946e-03
3.710000000000000000e+02	2.934712648208500458e-04	1.323052648164136091e-01	3.971878481960016138e-01	2.000000000000000111e-01	1.199999999999999956e+00	4.459806878402862787e-03
3.720000000000000000e+02	-5.036145300605067649e-04	2.246794040063205822e-01	1.444294064433901958e-01	2.000000000000000111e-01	1.199999999999999956e+00	5.320645359396475836e-03
3.730000000000000000e+02	9.946653115498614757e-04	6.909556797815144535e-02	5.120085521595774125e-01	2.000000000000000111e-01	1.199999999999999956e+00	4.301495923993156958e-03
3.740000000000000000e+02	3.546320049365344327e-04	9.073334182434356077e-02	4.778247661933310297e-01	2.000000000000000111e-01	1.199999999999999956e+00	5.887885051889626964e-03
3.750000000000000000e+02	1.933832575145455132e-02	1.548674034712722858e-01	9.400863059800368404e-02	2.000000000000000111e-01	1.199999999999999956e+00	4.587929568009019993e-02
3.760000000000000000e+02	-3.565789288868425255e-04	1.928629065616582206e-01	2.542857236527700238e-01	2.000000000000000111e-01	1.199999999999999956e+00	6.396826844987828393e-03
3.770000000000000000e+02	3.795282339110465919e-03	5.539745316734017051e-03	8.133115877081539269e-01	2.000000000000000111e-01	1.199999999999999956e+00	9.445185015722093805e-03
3.780000000000000000e+02	-6.105003320080509745e-04	2.545569146130082228e-01	-3.717025846441757153e-02	2.000000000000000111e-01	1.199999999999999956e+00	4.446967941825107941e-03
3.790000000000000000e+02	1.471468468582686840e-03	1.179663463904893766e-01	2.541811719119420054e-01	2.000000000000000111e-01	1.199999999999999956e+00	4.641060474920144681e-03
3.800000000000000000e+02	8.723376414266624827e-04	1.094720781546408006e-01	3.528349270159440998e-01	2.000000000000000111e-01	1.199999999999999956e+00	4.251307127535860521e-03
3.810000000000000000e+02	5.700808693528675161e-04	1.720557893083652645e-01	3.976261651285986076e-01	2.000000000000000111e-01	1.199999999999999956e+00	7.882797493978990072e-03
3.820000000000000000e+02	1.998263011842512770e-03	6.447126431693886439e-02	5.432913161696972804e-01	2.000000000000000111e-01	1.199999999999999956e+00	8.712025163430218988e-03
3.830000000000000000e+02	8.323549628104837854e-04	1.177121898952255968e-01	2.812983121530661101e-01	2.000000000000000111e-01	1.199999999999999956e+00	2.452549152680371432e-03
