0.000000000000000000e+00	-1.042221900252142570e-02	7.145623293659602027e-01	-1.203660023990973826e+00	2.000000000000000111e-01	1.199999999999999956e+00	8.019571467737690237e-03
1.000000000000000000e+00	-9.315807190380644360e-04	1.865765802091104153e-01	2.375673955864270326e-01	2.000000000000000111e-01	1.199999999999999956e+00	9.273530606978891075e-03
2.000000000000000000e+00	-1.202315559618009726e-03	2.738595315370558336e-01	-3.154344191845037670e-01	2.000000000000000111e-01	1.199999999999999956e+00	2.461493423561330468e-03
3.000000000000000000e+00	-6.215676903750366050e-03	5.737634477354913720e-01	-9.711242471443446433e-01	2.000000000000000111e-01	1.199999999999999956e+00	3.864873257428113554e-03
4.000000000000000000e+00	-2.037528778330090305e-03	2.888087472729711225e-01	-1.124864851475715355e-01	2.000000000000000111e-01	1.199999999999999956e+00	5.864904376554797537e-03
5.000000000000000000e+00	3.435157603361555477e-04	1.499569394276140388e-01	3.155459488606120466e-01	2.000000000000000111e-01	1.199999999999999956e+00	4.467370314796756392e-03
6.000000000000000000e+00	-2.097557843740700898e-03	3.024167283295244313e-01	-1.637585480990937370e-01	2.000000000000000111e-01	1.199999999999999956e+00	6.077828471007478209e-03
7.000000000000000000e+00	-1.411906731570846101e-03	2.827564670372600952e-01	-3.529865546527499731e-02	2.000000000000000111e-01	1.199999999999999956e+00	7.497441238155473295e-03
8.000000000000000000e+00	-2.256770027067262017e-03	3.986244726117274539e-01	-9.489976772883501610e-02	2.000000000000000111e-01	1.199999999999999956e+00	6.800719566309391083e-03
9.000000000000000000e+00	-8.162683283981892260e-03	4.740094903265485438e-01	-3.914832753094170670e-01	2.000000000000000111e-01	1.199999999999999956e+00	7.151921718314794250e-03
1.000000000000000000e+01	-4.273498091062117622e-03	4.024190359102736703e-01	-5.902055293660080082e-02	2.000000000000000111e-01	1.199999999999999956e+00	1.148526818049143763e-02
1.100000000000000000e+01	-1.883338461270292474e-02	7.453996585770129579e-01	-8.287961157348000540e-01	2.000000000000000111e-01	1.199999999999999956e+00	1.059903558652439473e-02
1.200000000000000000e+01	-3.305499366747451789e-03	3.275845666714461979e-01	-6.024102929617720648e-01	2.000000000000000111e-01	1.199999999999999956e+00	3.274116109207932286e-03
1.300000000000000000e+01	5.323313142427127257e-04	6.124472403471479393e-02	6.175955561729074006e-01	2.000000000000000111e-01	1.199999999999999956e+00	1.145581839422393430e-02
1.400000000000000000e+01	-1.345910212283130125e-02	6.740001972181097756e-01	-1.126245362870958111e+00	2.000000000000000111e-01	1.199999999999999956e+00	5.538827707457915674e-03
1.500000000000000000e+01	-9.406362922849425059e-03	5.362653295909156625e-01	-3.824165689614229535e-01	2.000000000000000111e-01	1.199999999999999956e+00	8.454626291383385978e-03
1.600000000000000000e+01	1.564804829663374829e-03	1.056540492804419196e-01	5.654665103433722528e-01	2.000000000000000111e-01	1.199999999999999956e+00	1.201489235498767218e-02
1.700000000000000000e+01	1.008030214865157171e-03	2.198804049269091621e-01	6.178169381063991494e-02	2.000000000000000111e-01	1.199999999999999956e+00	6.542838939687344035e-03
1.800000000000000000e+01	-1.152234680005551163e-04	1.856804080724075712e-01	1.709712452947744765e-01	2.000000000000000111e-01	1.199999999999999956e+00	4.173296786818587664e-03
1.900000000000000000e+01	5.189290309575266946e-04	8.065398319382544035e-02	5.452709988694106613e-01	2.000000000000000111e-01	1.199999999999999956e+00	5.243359491237699344e-03
2.000000000000000000e+01	1.510807967995648560e-03	3.815424827142535058e-01	-4.418760766861900002e-01	2.000000000000000111e-01	1.199999999999999956e+00	5.022360960112081003e-03
2.100000000000000000e+01	4.720116826797333726e-05	1.383107001567301653e-01	4.505038432777697111e-01	2.000000000000000111e-01	1.199999999999999956e+00	5.196975700619340700e-03
2.200000000000000000e+01	-1.816500527725359694e-03	2.853986804171357861e-01	1.208686336300788255e-01	2.000000000000000111e-01	1.199999999999999956e+00	1.118345984049202817e-02
2.300000000000000000e+01	-1.135924758666952356e-03	2.672893422659228801e-01	-1.637870887919756768e-02	2.000000000000000111e-01	1.199999999999999956e+00	5.474752912943843183e-03
2.400000000000000000e+01	-1.820463213719045311e-03	1.806703658883369035e-01	7.016568190507310732e-02	2.000000000000000111e-01	1.199999999999999956e+00	8.576267650444938107e-02
2.500000000000000000e+01	3.589777081777472675e-05	1.413430680156575192e-01	4.679533029680964518e-01	2.000000000000000111e-01	1.199999999999999956e+00	1.137643304995064088e-02
2.600000000000000000e+01	-1.237701421319656672e-02	6.012112944535977777e-01	-8.939922563164284242e-01	2.000000000000000111e-01	1.199999999999999956e+00	8.063438385596751606e-03
2.700000000000000000e+01	-1.507284294548539595e-04	1.996041959849183811e-01	2.399660183870846453e-01	2.000000000000000111e-01	1.199999999999999956e+00	8.042554218528072743e-03
2.800000000000000000e+01	-8.192755928298067888e-04	1.874150744228162968e-01	2.929604759526940327e-01	2.000000000000000111e-01	1.199999999999999956e+00	6.227454473125883412e-03
2.900000000000000000e+01	2.785537853264136144e-04	3.315475259890196535e-01	-1.609815149298499115e-01	2.000000000000000111e-01	1.199999999999999956e+00	3.791562516722345958e-03
3.000000000000000000e+01	-3.503632923408946109e-03	3.082307589402458192e-01	-5.824940620094576360e-02	2.000000000000000111e-01	1.199999999999999956e+00	1.009023725743893839e-02
3.100000000000000000e+01	-1.172074984388240138e-03	2.414746880371362037e-01	-2.687881953390114376e-02	2.000000000000000111e-01	1.199999999999999956e+00	6.137218358732628512e-03
3.200000000000000000e+01	1.017128475226949111e-03	1.740896130570871170e-01	1.040246210959638873e-01	2.000000000000000111e-01	1.199999999999999956e+00	5.051364764224909078e-03
3.300000000000000000e+01	-1.426861702267667818e-03	3.223438701969796871e-01	1.346168075837961275e-01	2.000000000000000111e-01	1.199999999999999956e+00	8.385239917172163798e-03
3.400000000000000000e+01	-3.999272886863298272e-05	2.691290649170627325e-01	3.439653987144808411e-02	2.000000000000000111e-01	1.199999999999999956e+00	8.761231900082995516e-03
3.500000000000000000e+01	-3.404310822491294058e-03	3.644419833084363014e-01	-2.019729580660980517e-01	2.000000000000000111e-01	1.199999999999999956e+00	5.660188500294180240e-03
3.600000000000000000e+01	-1.232909097674644112e-03	2.089734514713260660e-01	1.910344335570153262e-01	2.000000000000000111e-01	1.199999999999999956e+00	1.164127628972135009e-02
3.700000000000000000e+01	-1.892176937958198277e-03	2.405038617433118420e-01	3.540845718046101709e-01	2.000000000000000111e-01	1.199999999999999956e+00	9.909734672094397401e-03
3.800000000000000000e+01	-4.657352275092351696e-02	1.238984662036959339e+00	-2.161500892424666809e+00	2.000000000000000111e-01	1.199999999999999956e+00	1.314923605487896240e-02
3.900000000000000000e+01	-4.072681986911822101e-03	3.649269755120012615e-01	-4.413503506959566280e-01	2.000000000000000111e-01	1.199999999999999956e+00	8.744990581408628935e-03
4.000000000000000000e+01	-2.678968298789854725e-03	5.011800928592160531e-01	-6.453084607145154195e-01	2.000000000000000111e-01	1.199999999999999956e+00	9.782010083850907825e-03
4.100000000000000000e+01	-1.159552130343914460e-02	5.676635410545114446e-01	-6.920202842276612643e-01	2.000000000000000111e-01	1.199999999999999956e+00	1.154947379963711107e-02
4.200000000000000000e+01	9.307872723939763842e-04	3.115777383434678027e-01	-2.120506314387018421e-01	2.000000000000000111e-01	1.199999999999999956e+00	1.723609794948357003e-03
4.300000000000000000e+01	-2.500571727581329430e-03	4.327782018751998860e-01	-2.909106759744410908e-01	2.000000000000000111e-01	1.199999999999999956e+00	3.248785833530339062e-03
4.400000000000000000e+01	-3.002663628535330153e-03	4.148490165565820731e-01	-2.359917677260066071e-01	2.000000000000000111e-01	1.199999999999999956e+00	7.154542931131110430e-03
4.500000000000000000e+01	-2.638017454531029881e-03	3.777408935806562673e-01	1.978219099933120617e-03	2.000000000000000111e-01	1.199999999999999956e+00	8.665916938540114620e-03
4.600000000000000000e+01	-2.827784576505071399e-03	2.480382200116550140e-01	-4.277518063676879478e-01	2.000000000000000111e-01	1.199999999999999956e+00	5.666136366450104205e-03
4.700000000000000000e+01	-4.756353644920714545e-03	4.962045171491426543e-01	-1.567140187165722232e+00	2.000000000000000111e-01	1.199999999999999956e+00	3.002311219858336960e-03
4.800000000000000000e+01	-1.391295557240834714e-03	2.335565829802748183e-01	1.920551277264221923e-01	2.000000000000000111e-01	1.199999999999999956e+00	6.854869667823899893e-03
4.900000000000000000e+01	-1.069230749461398114e-03	2.332392821340576738e-01	2.093348429974528635e-01	2.000000000000000111e-01	1.199999999999999956e+00	1.250473434739429388e-02
5.000000000000000000e+01	1.065851603767544462e-03	1.128156955084159141e-01	4.808326892328969038e-01	2.000000000000000111e-01	1.199999999999999956e+00	6.742493571937372039e-03
5.100000000000000000e+01	-3.877050519675392828e-04	2.057002595192485295e-01	2.677403401581694986e-01	2.000000000000000111e-01	1.199999999999999956e+00	6.429315425439113309e-03
5.200000000000000000e+01	-2.142559057434318542e-02	8.021393196280524052e-01	-1.398509968644934709e+00	2.000000000000000111e-01	1.199999999999999956e+00	6.416517728934497886e-03
5.300000000000000000e+01	3.134278585563090203e-04	1.962918507702826609e-01	2.286102498643911574e-01	2.000000000000000111e-01	1.199999999999999956e+00	4.084271563180868689e-03
5.400000000000000000e+01	-4.473687783205716924e-03	4.467014782461311007e-01	-7.737903091023126123e-01	2.000000000000000111e-01	1.199999999999999956e+00	4.851860970376480932e-03
5.500000000000000000e+01	-5.100144402258781871e-03	4.225575154220613250e-01	-7.215495143587489224e-01	2.000000000000000111e-01	1.199999999999999956e+00	5.125252578361311380e-03
5.600000000000000000e+01	-2.658411119529810809e-02	8.598646694142408897e-01	-1.101831306068277172e+00	2.000000000000000111e-01	1.199999999999999956e+00	1.140490072688800892e-02
5.700000000000000000e+01	-3.696620725301388855e-02	1.076909478380500440e+00	-1.960048163676390232e+00	2.000000000000000111e-01	1.199999999999999956e+00	1.156225695064032853e-02
5.800000000000000000e+01	-4.565422300934813713e-04	1.533231705511321485e-01	4.704963313546004500e-01	2.000000000000000111e-01	1.199999999999999956e+00	1.339158820974632388e-02
5.900000000000000000e+01	2.739681060389323117e-02	4.433980999080619489e-01	-1.030413836851367115e+00	2.000000000000000111e-01	1.199999999999999956e+00	6.826069259860341291e-03
6.000000000000000000e+01	-3.106153396478341863e-03	2.971476902781639562e-01	2.549275484385482571e-02	2.000000000000000111e-01	1.199999999999999956e+00	8.268039510821830612e-03
6.100000000000000000e+01	-2.108369096747121293e-02	9.804574133896925003e-01	-2.646212348350455379e+00	2.000000000000000111e-01	1.199999999999999956e+00	8.850886959718662697e-03
6.200000000000000000e+01	-6.266514783181557956e-04	2.011524268714475483e-01	2.992117564874683389e-01	2.000000000000000111e-01	1.199999999999999956e+00	9.600024562813364026e-03
6.300000000000000000e+01	-9.517208157182195302e-03	5.223075303340690700e-01	-5.686534445344708644e-01	2.000000000000000111e-01	1.199999999999999956e+00	7.859718343877797678e-03
6.400000000000000000e+01	-1.359827978643824049e-02	6.794628401053680600e-01	-8.435914207720900393e-01	2.000000000000000111e-01	1.199999999999999956e+00	7.200505309571515397e-03
6.500000000000000000e+01	-5.927596774633485431e-04	2.395290183585188915e-01	1.734384582766055338e-01	2.000000000000000111e-01	1.199999999999999956e+00	9.115797686852241885e-03
6.600000000000000000e+01	-8.139847779119137663e-03	5.359567364887904972e-01	-4.399297168801172830e-01	2.000000000000000111e-01	1.199999999999999956e+00	8.251214563322404119e-03
6.700000000000000000e+01	-1.896743358717318433e-03	2.718614873836790458e-01	-1.087406237150823074e-02	2.000000000000000111e-01	1.199999999999999956e+00	5.509762999615870627e-03
6.800000000000000000e+01	1.351536794277943246e-04	1.421683325931453745e-01	3.445186776471342860e-01	2.000000000000000111e-01	1.199999999999999956e+00	7.389119574950122650e-03
6.900000000000000000e+01	-4.674300012456327359e-04	1.509741089978172690e-01	3.269076115675924044e-01	2.000000000000000111e-01	1.199999999999999956e+00	8.842031903259167311e-03
7.000000000000000000e+01	-1.754122387806914332e-02	8.237915263732936699e-01	-9.716082220587392015e-01	2.000000000000000111e-01	1.199999999999999956e+00	9.496633349872796517e-03
7.100000000000000000e+01	-1.438589782248310281e-03	2.136649629074109102e-01	2.979273966844209198e-01	2.000000000000000111e-01	1.199999999999999956e+00	8.849514109589241492e-03
7.200000000000000000e+01	-3.098496108695273331e-03	5.063009642388365261e-01	-8.827042176429040765e-01	2.000000000000000111e-01	1.199999999999999956e+00	4.779152440351786338e-03
7.300000000000000000e+01	-8.513377343252348127e-04	2.351650889783050424e-01	1.145704590271625634e-01	2.000000000000000111e-01	1.199999999999999956e+00	3.285091209474288575e-03
7.400000000000000000e+01	-1.463991760317907148e-03	3.051861769854955497e-01	-1.461922330505398548e-01	2.000000000000000111e-01	1.199999999999999956e+00	1.087514583114157149e-02
7.500000000000000000e+01	-8.354861187350268864e-04	1.607792122434348880e-01	5.284616838514675230e-01	2.000000000000000111e-01	1.199999999999999956e+00	1.290214412513013796e-02
7.600000000000000000e+01	7.953822023205202232e-04	5.044813876861529295e-02	6.823025265140318929e-01	2.000000000000000111e-01	1.199999999999999956e+00	1.306489688854922324e-02
7.700000000000000000e+01	-4.889177558154762619e-03	3.563471082548803071e-01	-3.455070547274008419e-02	2.000000000000000111e-01	1.199999999999999956e+00	1.260379256039649391e-02
7.800000000000000000e+01	-8.630479349441677183e-05	1.835328130499114530e-01	1.217004151172029758e-01	2.000000000000000111e-01	1.199999999999999956e+00	3.026160475661210901e-03
7.900000000000000000e+01	1.037294131112661763e-03	2.851205020973905380e-01	-3.424761036798709135e-01	2.000000000000000111e-01	1.199999999999999956e+00	3.348056052297158653e-03
8.000000000000000000e+01	-2.345882574497778345e-02	9.601770401643739961e-01	-2.272250111157553043e+00	2.000000000000000111e-01	1.199999999999999956e+00	5.616204090680638854e-03
8.100000000000000000e+01	-2.466655760249589300e-03	2.831255616589910540e-01	1.814019029383473480e-01	2.000000000000000111e-01	1.199999999999999956e+00	7.637445320672309537e-03
8.200000000000000000e+01	4.097952336480046058e-05	1.839181268490576449e-01	2.700540201632040116e-01	2.000000000000000111e-01	1.199999999999999956e+00	7.513694737870690345e-03
8.300000000000000000e+01	-2.832463881440116550e-03	3.378361732933735095e-01	-1.922013020816697448e-01	2.000000000000000111e-01	1.199999999999999956e+00	5.845700340320750428e-03
8.400000000000000000e+01	5.469464194852360212e-04	1.517428332912802713e-01	2.846445648265882866e-01	2.000000000000000111e-01	1.199999999999999956e+00	4.804788564200653152e-03
8.500000000000000000e+01	1.662905364968141975e-03	1.466223100972456894e-01	3.530099394938215340e-01	2.000000000000000111e-01	1.199999999999999956e+00	1.052367609662915524e-02
8.600000000000000000e+01	-1.677351618885037504e-03	3.513454876432332563e-01	-2.201027954765191197e-01	2.000000000000000111e-01	1.199999999999999956e+00	9.004052228898678026e-03
8.700000000000000000e+01	-5.914054495107661652e-03	5.984683965889562307e-01	-6.077233549446310334e-01	2.000000000000000111e-01	1.199999999999999956e+00	8.377553876659307036e-03
8.800000000000000000e+01	1.336387826834751786e-03	2.011849814206365661e-01	2.956753641910534469e-01	2.000000000000000111e-01	1.199999999999999956e+00	9.040556354232263253e-03
8.900000000000000000e+01	-7.055969508952002547e-03	4.342199834975842276e-01	-4.239321726569862392e-01	2.000000000000000111e-01	1.199999999999999956e+00	1.613788745221291995e-02
9.000000000000000000e+01	4.727652989531968782e-04	2.287325951777003374e-01	1.159228238219611740e-01	2.000000000000000111e-01	1.199999999999999956e+00	6.808158362880982126e-03
9.100000000000000000e+01	-8.044424470300642720e-04	2.276117871589133645e-01	2.628614921606242660e-01	2.000000000000000111e-01	1.199999999999999956e+00	1.060464238749124315e-02
9.200000000000000000e+01	-7.990001845238529172e-04	1.547114405181882757e-01	3.368566056605928338e-01	2.000000000000000111e-01	1.199999999999999956e+00	6.089086220870188956e-03
9.300000000000000000e+01	-1.125095592661522290e-03	3.099280123785858043e-01	-3.194009615158233117e-01	2.000000000000000111e-01	1.199999999999999956e+00	6.947431395958664734e-03
9.400000000000000000e+01	-1.221213999930923638e-02	5.550520015230955284e-01	-4.043045499362207806e-01	2.000000000000000111e-01	1.199999999999999956e+00	1.343227028320451155e-02
9.500000000000000000e+01	-1.435672157856312213e-02	6.144240440377205514e-01	-9.942274440453244821e-01	2.000000000000000111e-01	1.199999999999999956e+00	1.569179605636742900e-02
9.600000000000000000e+01	-4.670591613604949816e-03	4.421615503192300456e-01	-3.714271443538441630e-01	2.000000000000000111e-01	1.199999999999999956e+00	9.259804169880923516e-03
9.700000000000000000e+01	-1.469571521931056996e-03	2.971551914989157273e-01	-7.874130157235281757e-02	2.000000000000000111e-01	1.199999999999999956e+00	5.007505491294530868e-03
9.800000000000000000e+01	1.208964518979697414e-03	1.942531840858578440e-01	2.018411201502288144e-01	2.000000000000000111e-01	1.199999999999999956e+00	1.060672430990492951e-02
9.900000000000000000e+01	-1.925631857096244152e-04	3.014175174078126407e-01	-5.122381027406630594e-02	2.000000000000000111e-01	1.199999999999999956e+00	7.557933045139039394e-03
1.000000000000000000e+02	6.144340400503850658e-04	1.189022100848530772e-01	4.871003158579743086e-01	2.000000000000000111e-01	1.199999999999999956e+00	8.758828845916560510e-03
1.010000000000000000e+02	5.114591051873760858e-04	3.071522330422295499e-01	-1.423098069020762857e-01	2.000000000000000111e-01	1.199999999999999956e+00	8.287509941585254405e-03
1.020000000000000000e+02	-6.319302828976808804e-03	4.997458951654523696e-01	-8.170551586677161637e-01	2.000000000000000111e-01	1.199999999999999956e+00	6.381858479224135870e-03
1.030000000000000000e+02	-1.162814717588141330e-03	2.444239617517015573e-01	4.069960242324999200e-02	2.000000000000000111e-01	1.199999999999999956e+00	9.776104045777726098e-03
1.040000000000000000e+02	-1.985037809930725611e-03	3.704173945849591476e-01	-3.426559954923522611e-01	2.000000000000000111e-01	1.199999999999999956e+00	5.255118015286795730e-03
1.050000000000000000e+02	-2.043027931811183980e-03	3.513444999185494910e-01	-3.328637864349612840e-01	2.000000000000000111e-01	1.199999999999999956e+00	6.292923429212208923e-03
1.060000000000000000e+02	-1.484500257835907281e-03	2.774910917613654937e-01	-1.906381031801984705e-01	2.000000000000000111e-01	1.199999999999999956e+00	6.025843052019808077e-03
1.070000000000000000e+02	-6.152489258572290017e-03	3.914447721429106797e-01	-1.010431396125337500e-01	2.000000000000000111e-01	1.199999999999999956e+00	9.706807025736069114e-03
1.080000000000000000e+02	-8.081245517631459319e-04	2.942521033298436950e-01	1.373980619671422154e-01	2.000000000000000111e-01	1.199999999999999956e+00	6.864299434772557287e-03
1.090000000000000000e+02	-2.597827395623153807e-05	1.219545668617585538e-01	3.034558603710388880e-01	2.000000000000000111e-01	1.199999999999999956e+00	4.106584511810907820e-03
1.100000000000000000e+02	-1.868343420344326447e-02	7.662935003397542966e-01	-1.461811617612987391e+00	2.000000000000000111e-01	1.199999999999999956e+00	9.238146377248507637e-03
1.110000000000000000e+02	3.200249868447884415e-03	2.466356910628290100e-01	-2.817822589799945376e-01	2.000000000000000111e-01	1.199999999999999956e+00	1.313292999366610925e-02
1.120000000000000000e+02	-1.078739164131284735e-03	2.972526103401808562e-01	-1.060779149102470953e-01	2.000000000000000111e-01	1.199999999999999956e+00	4.959850052185911864e-03
1.130000000000000000e+02	2.688259469823551726e-03	6.451659229549425167e-02	6.012844467438775986e-01	2.000000000000000111e-01	1.199999999999999956e+00	1.665399771912053420e-02
1.140000000000000000e+02	-6.245099519654889048e-03	5.186637156899159828e-01	-6.953182733771745561e-01	2.000000000000000111e-01	1.199999999999999956e+00	1.667724969908230409e-02
1.150000000000000000e+02	1.022506821649098651e-03	1.882992256804991993e-01	3.038165910332781827e-01	2.000000000000000111e-01	1.199999999999999956e+00	1.096455220640854544e-02
1.160000000000000000e+02	1.849371041636631091e-04	3.444887154009398933e-01	-2.180887328786917934e-02	2.000000000000000111e-01	1.199999999999999956e+00	8.671670010678336066e-03
1.170000000000000000e+02	-3.396198539764731187e-03	4.162862746681652015e-01	-3.963206298415800077e-01	2.000000000000000111e-01	1.199999999999999956e+00	5.281205105120955964e-03
1.180000000000000000e+02	-2.251318321964160176e-03	2.994757924455231368e-01	1.765366519673188250e-01	2.000000000000000111e-01	1.199999999999999956e+00	8.469214854627255332e-03
1.190000000000000000e+02	5.807444094979725404e-04	1.855879675363499570e-01	5.149481209995165898e-02	2.000000000000000111e-01	1.199999999999999956e+00	3.685424019938966789e-03
1.200000000000000000e+02	-5.128006559038687795e-03	3.928833874540480497e-01	-3.211994796321446799e-01	2.000000000000000111e-01	1.199999999999999956e+00	5.461598995810892747e-03
1.210000000000000000e+02	-2.444318675001337388e-03	2.733666532838273655e-01	-5.148676642908078804e-03	2.000000000000000111e-01	1.199999999999999956e+00	8.038550925339242939e-03
1.220000000000000000e+02	1.326464265062170418e-03	1.087905055370445712e-01	2.915038265911178428e-01	2.000000000000000111e-01	1.199999999999999956e+00	3.170454905154143545e-03
1.230000000000000000e+02	-4.352065804189860984e-03	3.720055674387625633e-01	-5.870958407697104420e-01	2.000000000000000111e-01	1.199999999999999956e+00	6.920972306513169074e-03
1.240000000000000000e+02	7.572382644271081695e-04	1.831616042495887164e-01	5.495744693049253726e-02	2.000000000000000111e-01	1.199999999999999956e+00	3.681807215270819448e-03
1.250000000000000000e+02	-1.198775428470572404e-03	2.442180959401170637e-01	-8.917487342188223920e-04	2.000000000000000111e-01	1.199999999999999956e+00	8.401318651355947978e-03
1.260000000000000000e+02	-7.952320994075322627e-03	4.927148097545429040e-01	-6.670272204825122841e-01	2.000000000000000111e-01	1.199999999999999956e+00	6.640785628326486070e-03
1.270000000000000000e+02	-4.314125983142761030e-03	3.361492437736231520e-01	-6.738171303354967279e-02	2.000000000000000111e-01	1.199999999999999956e+00	1.109471101451113377e-02
1.280000000000000000e+02	-9.936956500376883418e-04	1.689993172089009621e-01	4.136172186810345153e-01	2.000000000000000111e-01	1.199999999999999956e+00	1.049700138840473952e-02
1.290000000000000000e+02	-4.172985546305348070e-02	1.159339328927656787e+00	-2.131381213103896499e+00	2.000000000000000111e-01	1.199999999999999956e+00	9.683381085564764928e-03
1.300000000000000000e+02	-1.394530267908753243e-02	6.782588298048178865e-01	-7.948695460653514289e-01	2.000000000000000111e-01	1.199999999999999956e+00	8.319676951737013659e-03
1.310000000000000000e+02	4.802778692115400479e-05	3.314669280126538164e-01	-2.323849920269562830e-01	2.000000000000000111e-01	1.199999999999999956e+00	4.772121643001633537e-03
1.320000000000000000e+02	-4.405389576438293806e-03	3.346905631068645692e-01	-2.468529046528900039e-02	2.000000000000000111e-01	1.199999999999999956e+00	8.958114851496511849e-03
1.330000000000000000e+02	-3.877539799535290044e-02	1.111016120491886694e+00	-3.030724454674379231e+00	2.000000000000000111e-01	1.199999999999999956e+00	3.458881295504866449e-01
1.340000000000000000e+02	-2.349042318720464054e-03	3.654787223649544892e-01	-3.625852624902803356e-01	2.000000000000000111e-01	1.199999999999999956e+00	2.436342832589275496e-03
1.350000000000000000e+02	2.341308110347158772e-03	2.361191175561788425e-01	-9.300691853854958779e-02	2.000000000000000111e-01	1.199999999999999956e+00	7.252005231246789682e-03
1.360000000000000000e+02	-6.382055803146845230e-03	4.338620563200214497e-01	-2.205171910757437459e-01	2.000000000000000111e-01	1.199999999999999956e+00	1.296852856104259606e-02
1.370000000000000000e+02	-6.488192044109134145e-03	5.160424789746737018e-01	-5.450179368688417014e-01	2.000000000000000111e-01	1.199999999999999956e+00	9.938588112884869791e-03
1.380000000000000000e+02	3.024406404931164437e-03	2.742852061309625222e-01	-2.835638228910308811e-01	2.000000000000000111e-01	1.199999999999999956e+00	8.899472959457246576e-03
1.390000000000000000e+02	-5.600419307826496858e-04	2.183366780273334473e-01	8.303957097236835949e-02	2.000000000000000111e-01	1.199999999999999956e+00	6.849057164137748073e-03
1.400000000000000000e+02	-2.458717512196559492e-03	2.388776526545055012e-01	1.999876651436673924e-01	2.000000000000000111e-01	1.199999999999999956e+00	1.183244878517072073e-02
1.410000000000000000e+02	-1.468518344593613446e-03	2.976962668614812069e-01	2.322726575960665230e-03	2.000000000000000111e-01	1.199999999999999956e+00	5.863813076739278832e-03
1.420000000000000000e+02	-1.234436491261867120e-03	2.049349737603912980e-01	2.465698601098083032e-01	2.000000000000000111e-01	1.199999999999999956e+00	5.239862872222824861e-03
1.430000000000000000e+02	-2.184003672514847800e-04	2.176655608525914776e-01	2.222901514944317647e-01	2.000000000000000111e-01	1.199999999999999956e+00	1.483434303084572685e-02
1.440000000000000000e+02	3.271710053136227671e-04	7.583795302402850103e-02	5.702191455093292838e-01	2.000000000000000111e-01	1.199999999999999956e+00	8.043746785980618319e-03
1.450000000000000000e+02	-6.060712842735216030e-03	3.995845732223559099e-01	-4.635002686105389458e-01	2.000000000000000111e-01	1.199999999999999956e+00	8.609252046282460033e-03
1.460000000000000000e+02	-4.226940617840349405e-03	3.618713741978913379e-01	-4.676702224402404795e-01	2.000000000000000111e-01	1.199999999999999956e+00	5.321768105453714495e-03
1.470000000000000000e+02	2.038666712985404670e-04	1.045220034138590465e-01	5.289322278325179205e-01	2.000000000000000111e-01	1.199999999999999956e+00	7.364064518424438821e-03
1.480000000000000000e+02	-1.713813083757532605e-03	3.303155734845257263e-01	1.461626724810205502e-02	2.000000000000000111e-01	1.199999999999999956e+00	1.134783651777633573e-02
1.490000000000000000e+02	-3.733552606830411449e-04	2.241634974411416681e-01	-1.182546991457691377e-01	2.000000000000000111e-01	1.199999999999999956e+00	4.690729294641589157e-03
1.500000000000000000e+02	-9.854804811173054774e-05	2.078571865792290529e-01	2.226883820518974488e-01	2.000000000000000111e-01	1.199999999999999956e+00	6.677105512366546779e-03
1.510000000000000000e+02	9.130398317803236925e-04	1.069367818005547421e-01	5.210929183361381334e-01	2.000000000000000111e-01	1.199999999999999956e+00	1.156790493384986587e-02
1.520000000000000000e+02	-2.626174082597536232e-03	4.249157762876325517e-01	-3.781940297293404640e-01	2.000000000000000111e-01	1.199999999999999956e+00	7.370864266621678269e-03
1.530000000000000000e+02	-1.003464843365761477e-03	1.959170189015051744e-01	6.004418888955243006e-02	2.000000000000000111e-01	1.199999999999999956e+00	5.819489548669495860e-03
1.540000000000000000e+02	-4.799684630682805701e-03	4.678698351960147161e-01	-1.471809534357255700e-01	2.000000000000000111e-01	1.199999999999999956e+00	1.057577511013539466e-02
1.550000000000000000e+02	-1.492705239245474720e-02	7.145140656244172161e-01	-1.060879296170587516e+00	2.000000000000000111e-01	1.199999999999999956e+00	1.029417350850829124e-02
1.560000000000000000e+02	-5.706271035706804440e-03	5.270848100216868337e-01	-9.088463394696697506e-01	2.000000000000000111e-01	1.199999999999999956e+00	6.085759077831505610e-03
1.570000000000000000e+02	-1.801835386531211447e-02	7.028562536591920207e-01	-7.158433297119533023e-01	2.000000000000000111e-01	1.199999999999999956e+00	1.148202200791526364e-02
1.580000000000000000e+02	-1.171521042241498514e-02	5.677782564012170408e-01	-5.535918042961771590e-01	2.000000000000000111e-01	1.199999999999999956e+00	5.993597039810560911e-03
1.590000000000000000e+02	-2.799285411019841307e-03	4.662774904438545809e-01	-5.885543115140388082e-01	2.000000000000000111e-01	1.199999999999999956e+00	8.125000658726027128e-03
1.600000000000000000e+02	2.096182692834811043e-04	1.373572004981604144e-01	4.619823634403310564e-01	2.000000000000000111e-01	1.199999999999999956e+00	1.029010557310885803e-02
1.610000000000000000e+02	-4.614880317363813421e-04	1.824608588550649946e-01	3.125770066076447584e-01	2.000000000000000111e-01	1.199999999999999956e+00	6.393034997993841777e-03
1.620000000000000000e+02	1.399958489661325188e-04	2.382587670263101032e-01	-2.269687508788909014e-02	2.000000000000000111e-01	1.199999999999999956e+00	5.628101139893184647e-03
1.630000000000000000e+02	-1.741745708356011273e-03	2.865309624895764351e-01	-8.314053990420067208e-02	2.000000000000000111e-01	1.199999999999999956e+00	1.038548153321961279e-02
1.640000000000000000e+02	-3.551012745715159853e-03	3.256069982623817083e-01	-1.137830756290769685e-01	2.000000000000000111e-01	1.199999999999999956e+00	1.014124061532615910e-02
1.650000000000000000e+02	-3.764522952589837920e-03	4.030633180004997707e-01	-7.458924938864148757e-01	2.000000000000000111e-01	1.199999999999999956e+00	1.658282366702328947e-03
1.660000000000000000e+02	-5.162885228824773236e-03	5.168696730228845571e-01	-8.693575517966154464e-01	2.000000000000000111e-01	1.199999999999999956e+00	2.781279516761141907e-03
1.670000000000000000e+02	2.322327164559190825e-03	9.503971371821007263e-02	4.291870309217771240e-01	2.000000000000000111e-01	1.199999999999999956e+00	5.871910284913386437e-03
1.680000000000000000e+02	1.518861304816408481e-03	1.346898878051344950e-01	2.755105616587605333e-01	2.000000000000000111e-01	1.199999999999999956e+00	1.037807069425416076e-02
1.690000000000000000e+02	-1.902174548872839505e-03	2.834876648738629545e-01	3.628422562191424561e-02	2.000000000000000111e-01	1.199999999999999956e+00	1.139431659638818518e-02
1.700000000000000000e+02	-5.977053510044337027e-03	4.458924479827480747e-01	-7.013054872605355428e-01	2.000000000000000111e-01	1.199999999999999956e+00	5.237025135581746538e-03
1.710000000000000000e+02	-1.992946683929045068e-04	1.254137064831476744e-01	5.385091049985173406e-01	2.000000000000000111e-01	1.199999999999999956e+00	1.017588944378970857e-02
1.720000000000000000e+02	-8.162871850062530061e-04	1.918868109901125385e-01	3.333038403677885952e-01	2.000000000000000111e-01	1.199999999999999956e+00	1.598461783157789293e-02
1.730000000000000000e+02	-9.404884507169618659e-04	2.452133338981622723e-01	3.739048229861730022e-02	2.000000000000000111e-01	1.199999999999999956e+00	1.005599797304585798e-02
1.740000000000000000e+02	-4.973440140228292173e-05	8.948011235625763504e-02	6.307801503392602704e-01	2.000000000000000111e-01	1.199999999999999956e+00	7.195509281580302584e-03
1.750000000000000000e+02	-1.688251259816804994e-03	2.506784601818349834e-01	1.904755392166377348e-01	2.000000000000000111e-01	1.199999999999999956e+00	1.163262605291530416e-02
1.760000000000000000e+02	-1.014364729128279345e-02	5.535059780464725021e-01	-5.771667767642529867e-01	2.000000000000000111e-01	1.199999999999999956e+00	6.750653175513902579e-03
1.770000000000000000e+02	3.448622592148006989e-04	9.924799357602843985e-02	6.102588614960104962e-01	2.000000000000000111e-01	1.199999999999999956e+00	8.912301930766221986e-03
1.780000000000000000e+02	-7.590186881211509647e-04	3.510464694067834124e-01	-4.188667580685621061e-01	2.000000000000000111e-01	1.199999999999999956e+00	6.139606266166920678e-03
1.790000000000000000e+02	-9.617150879480567890e-03	4.935195150751398030e-01	-1.311822610574331804e+00	2.000000000000000111e-01	1.199999999999999956e+00	2.890320569972862786e-03
1.800000000000000000e+02	-2.212029608381461759e-04	3.051468353525311761e-01	-1.423617458121002599e-01	2.000000000000000111e-01	1.199999999999999956e+00	1.372361131822851486e-02
1.810000000000000000e+02	-1.092602719369813093e-03	2.021354175497887262e-01	2.624820235597722373e-01	2.000000000000000111e-01	1.199999999999999956e+00	8.477553101267451541e-03
1.820000000000000000e+02	-8.848237671541751143e-03	5.081443841827268937e-01	-4.548158424529287203e-01	2.000000000000000111e-01	1.199999999999999956e+00	7.727473701960850885e-03
1.830000000000000000e+02	-1.442652193963715572e-02	6.457103566924231597e-01	-1.246829011563365341e+00	2.000000000000000111e-01	1.199999999999999956e+00	7.060925613679353875e-03
1.840000000000000000e+02	-4.057776037274122942e-03	3.442972594663432639e-01	-1.405476370199876257e-01	2.000000000000000111e-01	1.199999999999999956e+00	1.446733986830085923e-02
1.850000000000000000e+02	2.563677429800674968e-03	1.724134309029125289e-01	3.665529494225081564e-01	2.000000000000000111e-01	1.199999999999999956e+00	6.499519207336496539e-03
1.860000000000000000e+02	-4.127810241263048588e-03	3.833010858354786721e-01	-1.809739176214595346e-01	2.000000000000000111e-01	1.199999999999999956e+00	6.210850581751918738e-03
1.870000000000000000e+02	-1.855381843177319546e-03	4.999045536479275742e-01	-9.534192640026830645e-01	2.000000000000000111e-01	1.199999999999999956e+00	4.675846799763970323e-03
1.880000000000000000e+02	-2.241112788097993080e-03	2.571452481684933788e-01	1.406437460483767055e-01	2.000000000000000111e-01	1.199999999999999956e+00	1.153789034980210425e-02
1.890000000000000000e+02	-5.302294079986758684e-04	2.028522486938142411e-01	2.869144127571749969e-01	2.000000000000000111e-01	1.199999999999999956e+00	8.980809796728028357e-03
1.900000000000000000e+02	4.009272264058306393e-04	7.387263170483722441e-02	5.370998049553019627e-01	2.000000000000000111e-01	1.199999999999999956e+00	5.105181511933366660e-03
1.910000000000000000e+02	-4.132575423203852655e-02	1.178112720255796386e+00	-2.439050749653542738e+00	2.000000000000000111e-01	1.199999999999999956e+00	5.169989931692466067e-03
1.920000000000000000e+02	1.356871880749359674e-03	7.668635692998769515e-02	6.136678909276365168e-01	2.000000000000000111e-01	1.199999999999999956e+00	1.235925066685771533e-02
1.930000000000000000e+02	-8.932011168852758282e-03	6.950583407238311029e-01	-9.768620833321222108e-01	2.000000000000000111e-01	1.199999999999999956e+00	5.752831088981514782e-03
1.940000000000000000e+02	-3.955939208650862977e-04	1.713767710295490410e-01	6.605766825528203157e-02	2.000000000000000111e-01	1.199999999999999956e+00	4.131554461758233168e-03
1.950000000000000000e+02	-4.631978713904500757e-03	7.140820238892363614e-01	-1.856905974807129489e+00	2.000000000000000111e-01	1.199999999999999956e+00	4.207821418080716358e-03
1.960000000000000000e+02	-1.975463906759789692e-05	1.657440584229021019e-01	4.253992409187610235e-01	2.000000000000000111e-01	1.199999999999999956e+00	1.462587687109726496e-02
1.970000000000000000e+02	-5.997336364079803228e-04	2.058221642917598126e-01	2.201223911779992548e-01	2.000000000000000111e-01	1.199999999999999956e+00	3.063806707795467283e-03
1.980000000000000000e+02	1.883315046704174588e-04	1.890022017322395276e-01	3.443990236600429355e-01	2.000000000000000111e-01	1.199999999999999956e+00	1.091490589519164556e-02
1.990000000000000000e+02	-1.463889513290243327e-03	2.535677835749422515e-01	-3.630115343675743844e-02	2.000000000000000111e-01	1.199999999999999956e+00	7.090009094653198889e-03
2.000000000000000000e+02	-3.970210410088372173e-03	3.900184289739757060e-01	-2.948989958001657641e-01	2.000000000000000111e-01	1.199999999999999956e+00	6.015560355304797394e-03
2.010000000000000000e+02	-6.039625238804916018e-04	3.972601405252129125e-01	-3.513975548538894600e-01	2.000000000000000111e-01	1.199999999999999956e+00	5.546859659796630863e-03
2.020000000000000000e+02	4.072043276583904776e-04	2.120282313787558992e-01	1.189629893251566983e-01	2.000000000000000111e-01	1.199999999999999956e+00	5.169286998885676797e-03
2.030000000000000000e+02	8.528437760745026693e-04	1.948217522847240923e-01	4.254670625866419087e-01	2.000000000000000111e-01	1.199999999999999956e+00	8.222111863041793242e-03
2.040000000000000000e+02	-6.521418268982640161e-03	4.109769342949846083e-01	-1.976911403486258934e-01	2.000000000000000111e-01	1.199999999999999956e+00	4.384202757414236602e-03
2.050000000000000000e+02	-1.497232110563015590e-02	7.713524206660886673e-01	-1.140352636189557067e+00	2.000000000000000111e-01	1.199999999999999956e+00	3.912791477813711873e-03
2.060000000000000000e+02	-5.151646744434684212e-03	5.237914256535093349e-01	-5.011835063015421809e-01	2.000000000000000111e-01	1.199999999999999956e+00	8.333005386841793941e-03
2.070000000000000000e+02	9.886551830336582844e-04	1.995594258566194268e-01	1.532777899593393833e-01	2.000000000000000111e-01	1.199999999999999956e+00	6.556540363954955174e-03
2.080000000000000000e+02	-1.337850195125974643e-03	1.987013404571301434e-01	-1.342751295328374894e-01	2.000000000000000111e-01	1.199999999999999956e+00	1.300066210497475769e-02
2.090000000000000000e+02	2.331081978698152941e-03	1.087771703800619882e-01	3.820592016877499830e-01	2.000000000000000111e-01	1.199999999999999956e+00	4.257541937383980436e-03
2.100000000000000000e+02	1.741547931359329910e-03	1.908703368499914121e-01	1.910565154495125206e-01	2.000000000000000111e-01	1.199999999999999956e+00	3.466944588712917406e-03
2.110000000000000000e+02	1.566547730593396276e-03	1.165063828386151690e-01	4.276469513423122315e-01	2.000000000000000111e-01	1.199999999999999956e+00	2.913803158876268010e-03
2.120000000000000000e+02	-1.264169215693596330e-03	2.261764221518456075e-01	-5.808221981374650511e-02	2.000000000000000111e-01	1.199999999999999956e+00	3.834496740854858969e-03
2.130000000000000000e+02	-3.557556254772275672e-03	3.039487286880575012e-01	2.867456811312596443e-02	2.000000000000000111e-01	1.199999999999999956e+00	6.525118625720668745e-03
2.140000000000000000e+02	-8.749323404803740697e-04	1.767269001312401222e-01	3.793575206645423137e-01	2.000000000000000111e-01	1.199999999999999956e+00	1.398474426520278195e-02
2.150000000000000000e+02	-4.628241636993685399e-04	2.595734715515702895e-01	-2.661846266086520529e-02	2.000000000000000111e-01	1.199999999999999956e+00	7.751971353811266605e-03
2.160000000000000000e+02	-1.773213067804665954e-04	1.522691381920916465e-01	3.804220224690384455e-01	2.000000000000000111e-01	1.199999999999999956e+00	7.278917542873285587e-03
2.170000000000000000e+02	7.248021484218717747e-04	1.167565992851973683e-01	3.115295063665310948e-01	2.000000000000000111e-01	1.199999999999999956e+00	5.025859098814998427e-03
2.180000000000000000e+02	-7.552924102419326198e-04	2.896401728132126374e-01	1.369141480831088664e-01	2.000000000000000111e-01	1.199999999999999956e+00	1.510369670766638708e-02
2.190000000000000000e+02	6.108909301889868179e-03	2.568198944425031938e-01	-1.548681632554949061e-03	2.000000000000000111e-01	1.199999999999999956e+00	9.037422461766387097e-03
2.200000000000000000e+02	-3.822967962510585914e-04	1.903342163369700357e-01	1.465074596569291288e-01	2.000000000000000111e-01	1.199999999999999956e+00	3.858137521352857785e-03
2.210000000000000000e+02	-8.509241031914166475e-04	2.458278834299929827e-01	2.102536812134649935e-01	2.000000000000000111e-01	1.199999999999999956e+00	5.874840559304738037e-03
2.220000000000000000e+02	2.080824262709052210e-03	2.949591167929466184e-01	-1.551274544553544743e-01	2.000000000000000111e-01	1.199999999999999956e+00	5.948716131810778164e-03
2.230000000000000000e+02	-4.271085353641278573e-04	1.904616956597023347e-01	1.542423150515586094e-01	2.000000000000000111e-01	1.199999999999999956e+00	3.476499431780422696e-03
2.240000000000000000e+02	2.962284922195491770e-03	2.002703201311275827e-01	2.126187028754791264e-01	2.000000000000000111e-01	1.199999999999999956e+00	3.458415335245309218e-03
2.250000000000000000e+02	-1.247288003780191914e-03	2.796706088511390353e-01	2.489873765471628531e-02	2.000000000000000111e-01	1.199999999999999956e+00	1.340709080929702347e-02
2.260000000000000000e+02	7.150787728332026662e-04	1.184976803522072020e-01	5.674610672386686261e-01	2.000000000000000111e-01	1.199999999999999956e+00	1.719440118280994925e-02
2.270000000000000000e+02	2.310154985122009168e-03	2.617780423066976558e-01	-2.299639055609246086e-01	2.000000000000000111e-01	1.199999999999999956e+00	2.526689208520898396e-03
2.280000000000000000e+02	3.022745199612590205e-03	2.240436103213382379e-01	2.185479105454612991e-02	2.000000000000000111e-01	1.199999999999999956e+00	1.070366871146326455e-02
2.290000000000000000e+02	2.643387140138215674e-04	1.719475692076650741e-01	3.465436240523716016e-01	2.000000000000000111e-01	1.199999999999999956e+00	8.428290641855457413e-03
2.300000000000000000e+02	-3.181863739855656935e-04	1.584746726544951911e-01	3.091197062383304051e-01	2.000000000000000111e-01	1.199999999999999956e+00	7.504922076379841496e-03
2.310000000000000000e+02	1.255648931947816929e-04	2.140990964685403064e-01	2.206621630246048404e-01	2.000000000000000111e-01	1.199999999999999956e+00	1.433872683476265959e-02
2.320000000000000000e+02	9.881686092795126820e-04	1.904487857971791931e-01	2.499491662974953066e-01	2.000000000000000111e-01	1.199999999999999956e+00	4.624146525027148479e-03
2.330000000000000000e+02	-8.419541034011909396e-04	1.485872497076772825e-01	1.201576535297812498e-01	2.000000000000000111e-01	1.199999999999999956e+00	1.045496991820137229e-02
2.340000000000000000e+02	-2.359614150018060370e-03	2.279444658515426825e-01	2.270516316098829535e-01	2.000000000000000111e-01	1.199999999999999956e+00	7.625029548531427927e-03
2.350000000000000000e+02	-6.828159604433634315e-04	2.068177581047303815e-01	7.935067517902627543e-02	2.000000000000000111e-01	1.199999999999999956e+00	4.526970113986601360e-03
2.360000000000000000e+02	-1.283593807258256092e-03	2.334033985521759558e-01	1.482266599268404761e-01	2.000000000000000111e-01	1.199999999999999956e+00	2.321693469292616160e-03
2.370000000000000000e+02	-3.230972390059805993e-03	3.164783287117469701e-01	4.428532890778669184e-02	2.000000000000000111e-01	1.199999999999999956e+00	6.243177445886038957e-03
2.380000000000000000e+02	-1.032243474141939128e-02	5.974596222904704490e-01	-1.047630908797164473e+00	2.000000000000000111e-01	1.199999999999999956e+00	8.099124927573695884e-03
2.390000000000000000e+02	-4.692479661339264978e-04	2.543345427482812671e-01	1.188014521146061320e-01	2.000000000000000111e-01	1.199999999999999956e+00	5.654019019015093898e-03
2.400000000000000000e+02	-7.182053423653956626e-04	1.871295086403944596e-01	2.360721204715972021e-01	2.000000000000000111e-01	1.199999999999999956e+00	5.461123611370267798e-03
2.410000000000000000e+02	2.505710324407202025e-03	1.079632755632678603e-01	5.470273980872299990e-01	2.000000000000000111e-01	1.199999999999999956e+00	1.588388408365333515e-02
2.420000000000000000e+02	2.891336049472522859e-03	2.477893812834903453e-01	-1.786706328597911231e-01	2.000000000000000111e-01	1.199999999999999956e+00	3.533442263015361146e-03
2.430000000000000000e+02	1.029801853841661331e-03	1.931675580270993398e-01	2.341774166820531633e-01	2.000000000000000111e-01	1.199999999999999956e+00	7.666447136137816143e-03
2.440000000000000000e+02	2.263074825561765552e-03	2.623939100605983676e-01	5.369440086127585943e-02	2.000000000000000111e-01	1.199999999999999956e+00	3.803339461151686481e-03
2.450000000000000000e+02	-8.527181884715465815e-03	4.659343904063544817e-01	-4.624686765448773329e-01	2.000000000000000111e-01	1.199999999999999956e+00	9.821430980283081189e-03
2.460000000000000000e+02	1.372150286582041884e-03	7.618693026401625323e-02	5.410999629230894836e-01	2.000000000000000111e-01	1.199999999999999956e+00	8.044794867660661278e-03
2.470000000000000000e+02	-5.391410289181008042e-04	2.007717124916631179e-01	3.341413545434899213e-01	2.000000000000000111e-01	1.199999999999999956e+00	1.132720267444872753e-02
2.480000000000000000e+02	-2.769478857831129178e-03	2.724068335391670592e-01	-2.210968539022069024e-01	2.000000000000000111e-01	1.199999999999999956e+00	6.392478547407753724e-03
2.490000000000000000e+02	-2.708553025534551212e-02	9.149399492296552694e-01	-1.763938209570561355e+00	2.000000000000000111e-01	1.199999999999999956e+00	1.135532124539005878e-02
2.500000000000000000e+02	-1.636762282276129493e-02	7.484531434135041073e-01	-1.254470734438585033e+00	2.000000000000000111e-01	1.199999999999999956e+00	5.470958256915564935e-03
2.510000000000000000e+02	-2.446473783263549296e-03	3.388789919962647001e-01	-1.635819965225380201e-01	2.000000000000000111e-01	1.199999999999999956e+00	5.889434210689923656e-03
2.520000000000000000e+02	-3.521454881999804172e-03	2.883929506251086128e-01	-1.620730843042128555e-02	2.000000000000000111e-01	1.199999999999999956e+00	6.639694698012232887e-03
2.530000000000000000e+02	-7.694693063295863188e-04	1.362791288016315105e-01	1.646444104961775068e-01	2.000000000000000111e-01	1.199999999999999956e+00	1.317129933289873725e-02
2.540000000000000000e+02	-4.153527333003432728e-03	5.080419756134628706e-01	-6.181095189907432896e-01	2.000000000000000111e-01	1.199999999999999956e+00	5.731693619494332946e-03
2.550000000000000000e+02	-7.632313962132205448e-03	6.831495677614737305e-01	-1.108905889299952818e+00	2.000000000000000111e-01	1.199999999999999956e+00	6.932887460049017535e-03
2.560000000000000000e+02	-4.783620772729161620e-03	3.696942156393857037e-01	-3.789311806971840113e-01	2.000000000000000111e-01	1.199999999999999956e+00	4.716214612875706605e-03
2.570000000000000000e+02	-1.778380474636940189e-03	2.333844150334433154e-01	2.329840280286186172e-01	2.000000000000000111e-01	1.199999999999999956e+00	8.751249364541410086e-03
2.580000000000000000e+02	-2.324975527866702564e-03	3.484869370573168146e-01	-1.658858674079333184e-01	2.000000000000000111e-01	1.199999999999999956e+00	6.630308622222316761e-03
2.590000000000000000e+02	-1.768296609986147244e-03	3.595271345362868742e-01	-2.238125203957617160e-01	2.000000000000000111e-01	1.199999999999999956e+00	5.220304713656377313e-03
2.600000000000000000e+02	1.015189293950385192e-03	1.387669747129953446e-01	3.236512901781605223e-01	2.000000000000000111e-01	1.199999999999999956e+00	4.893276122905969479e-03
2.610000000000000000e+02	-1.345164337870064647e-03	2.019149956907365651e-01	2.586618957695456800e-01	2.000000000000000111e-01	1.199999999999999956e+00	1.028995475093166627e-02
2.620000000000000000e+02	3.929879842558642268e-04	7.095000151485486573e-02	6.563219426852175964e-01	2.000000000000000111e-01	1.199999999999999956e+00	1.584796936721610816e-02
2.630000000000000000e+02	-2.467399759476228763e-03	3.325763392469751056e-01	-1.032701445881905045e-01	2.000000000000000111e-01	1.199999999999999956e+00	6.768122511078895898e-03
2.640000000000000000e+02	4.095137983767719409e-04	9.588338207670286939e-02	4.444660610549768798e-01	2.000000000000000111e-01	1.199999999999999956e+00	3.391747720997300135e-03
2.650000000000000000e+02	1.204714981151534597e-04	1.019186785940209422e-01	5.042005080808626971e-01	2.000000000000000111e-01	1.199999999999999956e+00	3.953290638039876070e-03
2.660000000000000000e+02	-6.207242262950997532e-04	1.679156670439155286e-01	4.124534465696512164e-01	2.000000000000000111e-01	1.199999999999999956e+00	4.139638946923445209e-03
2.670000000000000000e+02	6.705787995869182854e-04	1.692250093020028490e-01	3.218829609806785896e-01	2.000000000000000111e-01	1.199999999999999956e+00	8.386257740802937483e-03
2.680000000000000000e+02	-1.267526770336775861e-02	6.222369828907964306e-01	-8.939180540523414820e-01	2.000000000000000111e-01	1.199999999999999956e+00	6.237374532650711255e-03
2.690000000000000000e+02	-5.681475949469849164e-03	4.153736780781498994e-01	-2.797966610172242241e-01	2.000000000000000111e-01	1.199999999999999956e+00	1.284126543839167293e-02
2.700000000000000000e+02	-1.243438531702701754e-03	2.370431437666192243e-01	1.812051063715163224e-01	2.000000000000000111e-01	1.199999999999999956e+00	7.507360243797724444e-03
2.710000000000000000e+02	-1.874543065994715768e-03	2.286924501217056926e-01	1.218997180766256960e-01	2.000000000000000111e-01	1.199999999999999956e+00	9.947848774148488823e-03
2.720000000000000000e+02	3.473917761618396799e-02	-6.501270851123595873e-02	6.594419909507993616e-01	2.000000000000000111e-01	1.199999999999999956e+00	2.117253471076668281e-01
2.730000000000000000e+02	-3.542377938390227593e-04	2.982728588724055108e-01	-5.227937211319311217e-02	2.000000000000000111e-01	1.199999999999999956e+00	2.860500560257206708e-03
2.740000000000000000e+02	-8.826766831089623982e-04	2.288800026965755741e-01	2.646826932160517565e-01	2.000000000000000111e-01	1.199999999999999956e+00	1.021093732814111997e-02
2.750000000000000000e+02	-8.511916296861357992e-03	5.445893379052386685e-01	-9.190313016106452793e-01	2.000000000000000111e-01	1.199999999999999956e+00	6.086218733473046198e-03
2.760000000000000000e+02	-8.790203690307051010e-03	5.659485689273886511e-01	-5.944707972554770237e-01	2.000000000000000111e-01	1.199999999999999956e+00	6.572181078911720764e-03
2.770000000000000000e+02	1.151993880918755504e-03	1.280551393601452592e-01	3.336406451944213813e-01	2.000000000000000111e-01	1.199999999999999956e+00	3.628198506658417925e-03
2.780000000000000000e+02	-4.013461498618977122e-03	3.721007806028104326e-01	-2.843856961758151058e-01	2.000000000000000111e-01	1.199999999999999956e+00	4.385641223915050582e-03
2.790000000000000000e+02	-1.497515429351326238e-03	2.919662833036032468e-01	-4.911933460829409626e-03	2.000000000000000111e-01	1.199999999999999956e+00	1.017572573528427449e-02
2.800000000000000000e+02	1.564348839926212043e-03	2.645286296911485424e-01	1.852358430253087107e-02	2.000000000000000111e-01	1.199999999999999956e+00	8.775759189265515750e-03
2.810000000000000000e+02	6.276320391909881663e-04	8.721002944854439054e-02	5.042916564269712687e-01	2.000000000000000111e-01	1.199999999999999956e+00	2.177211747766264350e-03
2.820000000000000000e+02	-2.318358326987483495e-03	4.632115141597164532e-01	-5.854331639182523972e-01	2.000000000000000111e-01	1.199999999999999956e+00	7.483882349346005977e-03
2.830000000000000000e+02	-6.641906561754516974e-04	2.388240151820568424e-01	1.241257953049617058e-01	2.000000000000000111e-01	1.199999999999999956e+00	9.435594409754438985e-03
2.840000000000000000e+02	9.408575311453230578e-04	1.839221989232210086e-01	1.248671673112902170e-01	2.000000000000000111e-01	1.199999999999999956e+00	2.237458965088472140e-03
2.850000000000000000e+02	3.540515335900707713e-05	9.226942188122214117e-02	6.190732633578028832e-01	2.000000000000000111e-01	1.199999999999999956e+00	8.762822243983779333e-03
2.860000000000000000e+02	-8.561019941695681293e-04	3.123342656739496181e-01	3.341558066952066142e-02	2.000000000000000111e-01	1.199999999999999956e+00	7.084095863397259392e-03
2.870000000000000000e+02	-7.548690595629717684e-03	4.548335886088942237e-01	-3.794535846817863600e-01	2.000000000000000111e-01	1.199999999999999956e+00	1.342174984984540950e-02
2.880000000000000000e+02	-6.992238037311683703e-03	4.695439859869910415e-01	-4.900955082112021799e-01	2.000000000000000111e-01	1.199999999999999956e+00	1.030966282279706381e-02
2.890000000000000000e+02	-5.414079083708136370e-03	3.919756075314181354e-01	-3.356373025462682236e-01	2.000000000000000111e-01	1.199999999999999956e+00	9.588306669107819064e-03
2.900000000000000000e+02	3.646796167414624481e-04	1.009585622529779875e-01	5.476221739925306586e-01	2.000000000000000111e-01	1.199999999999999956e+00	5.760621489857403396e-03
2.910000000000000000e+02	9.139942939449894471e-05	2.124785337773602845e-01	-7.955200902449766076e-02	2.000000000000000111e-01	1.199999999999999956e+00	6.591127151915192675e-03
2.920000000000000000e+02	-1.541789541778560389e-03	2.382256818098192896e-01	1.512061359068690436e-01	2.000000000000000111e-01	1.199999999999999956e+00	7.090967903648616975e-03
2.930000000000000000e+02	3.609067658974533452e-04	1.915868584924375617e-01	2.166848967134797910e-01	2.000000000000000111e-01	1.199999999999999956e+00	7.582256784512951021e-03
2.940000000000000000e+02	6.208657897099023777e-03	2.803741080707568001e-01	-3.639076341216984645e-02	2.000000000000000111e-01	1.199999999999999956e+00	6.098851147486615554e-03
2.950000000000000000e+02	-1.494956088829217612e-03	2.604813419466707192e-01	-2.173382244519252993e-01	2.000000000000000111e-01	1.199999999999999956e+00	8.699240728146951165e-03
2.960000000000000000e+02	-1.852682604166133815e-03	2.580993310052805412e-01	3.190762682819645590e-01	2.000000000000000111e-01	1.199999999999999956e+00	1.095143974728795058e-02
2.970000000000000000e+02	-1.822914868166517540e-03	2.375375575215303570e-01	2.081590047412191780e-01	2.000000000000000111e-01	1.199999999999999956e+00	6.936340978764355195e-03
2.980000000000000000e+02	6.954899292635648416e-04	1.243913273986461537e-01	5.235680862451066453e-01	2.000000000000000111e-01	1.199999999999999956e+00	1.061394335117847240e-02
2.990000000000000000e+02	-1.155570970092182487e-02	6.417381203040063431e-01	-7.590974891814070702e-01	2.000000000000000111e-01	1.199999999999999956e+00	7.181222448384234382e-03
3.000000000000000000e+02	5.326475852539982840e-03	2.533949972999339217e-01	-6.446705117571083221e-02	2.000000000000000111e-01	1.199999999999999956e+00	7.978498992957156269e-03
3.010000000000000000e+02	5.071364611651791145e-04	1.988487028223777653e-01	1.877314605018400862e-01	2.000000000000000111e-01	1.199999999999999956e+00	5.150998155416220206e-03
3.020000000000000000e+02	-3.919939041729981772e-04	3.059593808413135219e-01	-4.310295088958815413e-02	2.000000000000000111e-01	1.199999999999999956e+00	1.188184471211731555e-02
3.030000000000000000e+02	-1.518888187200900970e-03	1.783422885794787305e-01	4.207622736888509962e-01	2.000000000000000111e-01	1.199999999999999956e+00	1.772105731076903737e-02
3.040000000000000000e+02	-1.445049429862531971e-03	3.244893659517558704e-01	-1.243009385530600142e-01	2.000000000000000111e-01	1.199999999999999956e+00	8.756707125006776490e-03
3.050000000000000000e+02	-4.197203125392560095e-03	4.454917294571318354e-01	-4.095103984462822311e-01	2.000000000000000111e-01	1.199999999999999956e+00	7.788859164405560753e-03
3.060000000000000000e+02	2.819394887964074147e-04	6.678891427485142418e-02	5.296797742564076650e-01	2.000000000000000111e-01	1.199999999999999956e+00	4.049371827938032763e-03
3.070000000000000000e+02	-9.163414437146289370e-04	2.169286730981007938e-01	3.250201885330596951e-01	2.000000000000000111e-01	1.199999999999999956e+00	8.866443626789111826e-03
3.080000000000000000e+02	-1.757584744341974474e-04	1.134384739987368967e-01	4.652533333688668726e-01	2.000000000000000111e-01	1.199999999999999956e+00	1.118024798349902087e-02
3.090000000000000000e+02	-2.978628972394006119e-02	1.153777633640729272e+00	-3.091922251837566193e+00	2.000000000000000111e-01	1.199999999999999956e+00	3.191501955762613817e-03
3.100000000000000000e+02	-2.514502839801272959e-04	1.767660329556466070e-01	9.787817555718536511e-02	2.000000000000000111e-01	1.199999999999999956e+00	5.546601190332613347e-03
3.110000000000000000e+02	3.062815989779711081e-04	1.150005297009265570e-01	4.878110015796086607e-01	2.000000000000000111e-01	1.199999999999999956e+00	1.067847578417348633e-02
3.120000000000000000e+02	-2.706966769741435842e-03	3.725909199941269678e-01	-3.656057329030986125e-01	2.000000000000000111e-01	1.199999999999999956e+00	2.365033374182732868e-03
3.130000000000000000e+02	-1.099291646094460034e-02	5.295156663180542456e-01	-6.947720758358588711e-01	2.000000000000000111e-01	1.199999999999999956e+00	8.409956669312037766e-03
3.140000000000000000e+02	-3.469472642180201406e-04	1.584437886441617260e-01	3.500171008300663189e-01	2.000000000000000111e-01	1.199999999999999956e+00	4.568563360977152994e-03
3.150000000000000000e+02	-5.713436367470479732e-04	1.826522331513271979e-01	3.617385565967712324e-01	2.000000000000000111e-01	1.199999999999999956e+00	7.015286522703436875e-03
3.160000000000000000e+02	-2.439633652190879506e-03	3.318014600380800316e-01	-1.037827131050645946e-01	2.000000000000000111e-01	1.199999999999999956e+00	1.334300389791209622e-02
3.170000000000000000e+02	1.764190196889109299e-03	1.862186573581209592e-01	1.541487499411160478e-01	2.000000000000000111e-01	1.199999999999999956e+00	4.347602993102676373e-03
3.180000000000000000e+02	-4.204785208371403411e-03	3.365869266566373086e-01	-1.134294462403158121e-01	2.000000000000000111e-01	1.199999999999999956e+00	1.124254395167175249e-02
3.190000000000000000e+02	1.398067927893334721e-04	1.014426122690063187e-01	5.324757983339805101e-01	2.000000000000000111e-01	1.199999999999999956e+00	9.144911288559404161e-03
3.200000000000000000e+02	-1.004475402175355851e-03	2.146204165448501733e-01	-9.031991644110881623e-02	2.000000000000000111e-01	1.199999999999999956e+00	3.784525681653876962e-03
3.210000000000000000e+02	1.666178600071883823e-04	1.540694577418093569e-01	3.909156160990137074e-01	2.000000000000000111e-01	1.199999999999999956e+00	8.939937262655460112e-03
3.220000000000000000e+02	-5.881048320278014878e-03	4.199768417971065371e-01	-3.234433189812140341e-01	2.000000000000000111e-01	1.199999999999999956e+00	7.806764265118663892e-03
3.230000000000000000e+02	9.619987349912216806e-04	1.720024661184038628e-01	3.106325223757622211e-01	2.000000000000000111e-01	1.199999999999999956e+00	4.113365774736002685e-03
3.240000000000000000e+02	-9.742239059406531971e-04	1.816670648683918754e-01	2.851710952340500427e-01	2.000000000000000111e-01	1.199999999999999956e+00	7.270306992225921902e-03
3.250000000000000000e+02	-1.633126839875379899e-03	2.555180823159133863e-01	1.485412923709201749e-01	2.000000000000000111e-01	1.199999999999999956e+00	1.340163511380397868e-02
3.260000000000000000e+02	-9.814510440444066232e-05	1.374247289092856983e-01	3.930678169732204630e-01	2.000000000000000111e-01	1.199999999999999956e+00	5.848714764689123304e-03
3.270000000000000000e+02	-2.012320928020925898e-03	2.201438306909950238e-01	3.226034291908881357e-01	2.000000000000000111e-01	1.199999999999999956e+00	1.642543056936977483e-02
3.280000000000000000e+02	6.666845139062355617e-04	1.247308506428720237e-01	4.200975752370550431e-01	2.000000000000000111e-01	1.199999999999999956e+00	5.518700040053662291e-03
3.290000000000000000e+02	-1.816364704988359844e-04	1.305659705215619359e-01	3.453821532686909279e-01	2.000000000000000111e-01	1.199999999999999956e+00	6.599130823164939784e-03
3.300000000000000000e+02	-4.836152713540255231e-04	2.235487383400426298e-01	1.946117177314174995e-01	2.000000000000000111e-01	1.199999999999999956e+00	6.504087026022529160e-03
3.310000000000000000e+02	1.064858469802739587e-03	4.447060819288484179e-02	6.373715067931831069e-01	2.000000000000000111e-01	1.199999999999999956e+00	1.131180394123888593e-02
3.320000000000000000e+02	-2.898774330034485647e-03	2.770240718696129756e-01	1.723042514530650493e-01	2.000000000000000111e-01	1.199999999999999956e+00	7.185068783549429516e-03
3.330000000000000000e+02	2.786387057757935565e-03	1.034718656547842369e-01	5.426222812411281016e-01	2.000000000000000111e-01	1.199999999999999956e+00	1.378422320476031630e-02
3.340000000000000000e+02	1.106198712397294553e-04	6.897824295277241169e-02	5.350219691194024740e-01	2.000000000000000111e-01	1.199999999999999956e+00	4.759489739002377949e-03
3.350000000000000000e+02	7.921106557095640693e-04	1.562692439706666048e-01	1.644975138835662598e-01	2.000000000000000111e-01	1.199999999999999956e+00	5.143776415507582411e-03
3.360000000000000000e+02	4.574098543363919525e-05	1.917101039440975430e-01	2.229682454365797817e-01	2.000000000000000111e-01	1.199999999999999956e+00	3.644070565596139056e-03
3.370000000000000000e+02	4.065801811304729091e-03	2.162710834537798221e-01	4.246226224001725669e-02	2.000000000000000111e-01	1.199999999999999956e+00	7.486885192297234107e-03
3.380000000000000000e+02	-6.781416966439180599e-03	4.784349980951205783e-01	-3.128973507715624436e-01	2.000000000000000111e-01	1.199999999999999956e+00	7.288883031832671389e-03
3.390000000000000000e+02	3.264449639656711276e-03	2.068878968370227445e-01	1.054572523804253592e-02	2.000000000000000111e-01	1.199999999999999956e+00	4.914988649496210629e-03
3.400000000000000000e+02	-8.119829907068550762e-03	5.148555399768581786e-01	-4.789195958409688814e-01	2.000000000000000111e-01	1.199999999999999956e+00	1.177077039383143432e-02
3.410000000000000000e+02	-6.649878046255191209e-04	2.197003224490602924e-01	1.689191807822609803e-01	2.000000000000000111e-01	1.199999999999999956e+00	3.174729568501938933e-03
3.420000000000000000e+02	-9.611937873051043003e-04	1.491720283182270956e-01	2.559467187490822582e-01	2.000000000000000111e-01	1.199999999999999956e+00	4.297575887363562497e-02
3.430000000000000000e+02	-3.080129532582017359e-04	2.556751927868354812e-01	2.343051417286190485e-02	2.000000000000000111e-01	1.199999999999999956e+00	3.742774913054882063e-03
3.440000000000000000e+02	1.121236264055906068e-02	1.320986418010521024e-01	8.841239492522223742e-02	2.000000000000000111e-01	1.199999999999999956e+00	5.843915528060794617e-03
3.450000000000000000e+02	-1.005528207686302335e-02	6.872310594490074198e-01	-1.332511984139655326e+00	2.000000000000000111e-01	1.199999999999999956e+00	3.647173753696823784e-03
3.460000000000000000e+02	-8.651548691492935836e-04	3.809257340417889770e-01	-5.039038305796532669e-01	2.000000000000000111e-01	1.199999999999999956e+00	5.913595037564794814e-03
3.470000000000000000e+02	3.480141408219653817e-05	1.186423538561372504e-01	3.673883399629440660e-01	2.000000000000000111e-01	1.199999999999999956e+00	9.707767842349852155e-03
3.480000000000000000e+02	1.638275039863811488e-03	8.947619157106576071e-02	5.296531963479358396e-01	2.000000000000000111e-01	1.199999999999999956e+00	5.283868394506611131e-03
3.490000000000000000e+02	1.376106203490294480e-04	1.484049764637550284e-01	2.374608085240339506e-01	2.000000000000000111e-01	1.199999999999999956e+00	6.021570598562721484e-03
3.500000000000000000e+02	-2.021935192824096412e-03	3.073908390209083574e-01	-2.257643148987868997e-01	2.000000000000000111e-01	1.199999999999999956e+00	6.017889910993011286e-03
3.510000000000000000e+02	-2.036656665507070429e-03	2.587622432467817091e-01	6.902639840647140090e-02	2.000000000000000111e-01	1.199999999999999956e+00	8.599556344099172286e-03
3.520000000000000000e+02	9.821463950823133664e-04	6.040875512466297587e-02	6.650906266749414542e-01	2.000000000000000111e-01	1.199999999999999956e+00	5.298750654736187650e-03
3.530000000000000000e+02	9.160133386220751768e-04	1.365219606008215569e-01	4.517558758304427435e-01	2.000000000000000111e-01	1.199999999999999956e+00	9.607720748076867961e-03
3.540000000000000000e+02	1.484881525252571216e-03	1.404289025372243982e-01	2.988762719630635445e-01	2.000000000000000111e-01	1.199999999999999956e+00	4.756847146791557887e-03
3.550000000000000000e+02	-5.463049861311516237e-03	3.961430628480419047e-01	-1.208983641449714597e-01	2.000000000000000111e-01	1.199999999999999956e+00	6.482810658560721022e-03
3.560000000000000000e+02	-2.845821882567002234e-03	3.873250388124463428e-01	-8.079729830046105121e-01	2.000000000000000111e-01	1.199999999999999956e+00	4.047082194497880932e-03
3.570000000000000000e+02	2.593206390063271348e-06	4.007180820517824427e-01	-4.710763696887028118e-01	2.000000000000000111e-01	1.199999999999999956e+00	4.889470430513722689e-03
3.580000000000000000e+02	-9.905467956754822334e-04	1.952538259608618265e-01	3.658952468032277139e-01	2.000000000000000111e-01	1.199999999999999956e+00	1.022100211387821748e-02
3.590000000000000000e+02	-2.526403951158555546e-03	2.509482441933140184e-01	1.370671407731638425e-01	2.000000000000000111e-01	1.199999999999999956e+00	1.481902222977351559e-02
3.600000000000000000e+02	-2.288717143371303553e-03	2.704421051418133826e-01	1.491256306201496074e-01	2.000000000000000111e-01	1.199999999999999956e+00	8.480763312295880665e-03
3.610000000000000000e+02	-3.556508319614876991e-03	4.017173783567534739e-01	-4.186943873242059411e-01	2.000000000000000111e-01	1.199999999999999956e+00	8.912202681995370912e-03
3.620000000000000000e+02	9.411381767830247430e-04	1.704886671390791753e-01	2.324065619783968195e-01	2.000000000000000111e-01	1.199999999999999956e+00	2.278408503932403181e-03
3.630000000000000000e+02	-3.461468685799876186e-03	3.835945207373939181e-01	-3.510611675946941901e-01	2.000000000000000111e-01	1.199999999999999956e+00	7.430147167196227143e-03
3.640000000000000000e+02	-2.817032563345550595e-05	1.286463637798959669e-01	4.924900713839832633e-01	2.000000000000000111e-01	1.199999999999999956e+00	1.018869572606221317e-02
3.650000000000000000e+02	-4.782227895207621579e-03	4.709654460764120532e-01	-5.829535236336491622e-01	2.000000000000000111e-01	1.199999999999999956e+00	4.385759985982055909e-03
3.660000000000000000e+02	-1.038169844974136911e-02	6.037196056224556351e-01	-8.992330739692215857e-01	2.000000000000000111e-01	1.199999999999999956e+00	7.071128886740937931e-03
3.670000000000000000e+02	-1.226872027123257361e-03	1.814114530818970727e-01	2.539541464884207400e-01	2.000000000000000111e-01	1.199999999999999956e+00	7.015428394633853142e-03
3.680000000000000000e+02	-1.342850052797316899e-03	2.381563394612538631e-01	-1.055842278112502086e-01	2.000000000000000111e-01	1.199999999999999956e+00	3.916721612280666884e-03
3.690000000000000000e+02	6.131211442162835552e-04	1.738102511069118394e-01	2.027042607486624348e-01	2.000000000000000111e-01	1.199999999999999956e+00	6.518743950732222570e-03
3.700000000000000000e+02	-2.279141746762866595e-04	1.999315307125200947e-01	1.656989345613038012e-01	2.000000000000000111e-01	1.199999999999999956e+00	6.359609766297965629e-03
3.710000000000000000e+02	2.325497071798614951e-03	9.373543002431442006e-02	5.667324664898860664e-01	2.000000000000000111e-01	1.199999999999999956e+00	1.495235451066299036e-02
3.720000000000000000e+02	3.710264297046990314e-03	1.037096369570343207e-01	3.812223103405978364e-01	2.000000000000000111e-01	1.199999999999999956e+00	1.177885537392182706e-02
3.730000000000000000e+02	-2.129839480895334529e-03	2.720611832582974232e-01	4.273880272578889361e-02	2.000000000000000111e-01	1.199999999999999956e+00	7.779883154588946269e-03
3.740000000000000000e+02	9.326098931599271363e-04	8.052114680398193836e-02	5.050136370054216783e-01	2.000000000000000111e-01	1.199999999999999956e+00	3.157536806615503840e-03
3.750000000000000000e+02	1.566402034040447269e-02	-3.291080556361172804e-02	7.795514501537288421e-01	2.000000000000000111e-01	1.199999999999999956e+00	3.219643185373196465e-02
3.760000000000000000e+02	-5.361569029031491677e-03	4.194178987940239689e-01	-4.049163978093117677e-01	2.000000000000000111e-01	1.199999999999999956e+00	1.415792514745602658e-02
3.770000000000000000e+02	-1.637220845114153566e-03	3.836483383902091204e-01	-1.232846508827698528e-01	2.000000000000000111e-01	1.199999999999999956e+00	6.404436337218248447e-03
3.780000000000000000e+02	-2.369709754554600017e-03	2.972225454539958456e-01	1.112808104017775079e-01	2.000000000000000111e-01	1.199999999999999956e+00	7.153161892230570570e-03
3.790000000000000000e+02	-2.010663569546520505e-04	1.111177246530117013e-01	5.626176434232621482e-01	2.000000000000000111e-01	1.199999999999999956e+00	8.751032838067688766e-03
3.800000000000000000e+02	9.608749878093881223e-04	2.563785849522890459e-01	3.664385405358805414e-02	2.000000000000000111e-01	1.199999999999999956e+00	7.381214175145242584e-03
3.810000000000000000e+02	-5.503010596125104594e-04	2.385896927707684412e-01	1.449186126800614538e-01	2.000000000000000111e-01	1.199999999999999956e+00	3.884626922218044950e-03
3.820000000000000000e+02	4.961131217262110997e-04	1.176948866214600764e-01	2.322894959802175308e-01	2.000000000000000111e-01	1.199999999999999956e+00	5.683689891734906852e-03
3.830000000000000000e+02	5.290767468971614837e-04	1.709413419324530836e-01	3.023930923719286845e-01	2.000000000000000111e-01	1.199999999999999956e+00	8.166376298416048313e-03
