0.000000000000000000e+00	3.085975199671887013e-03	1.101828563643947601e-01	3.469601991640164362e-01	2.000000000000000111e-01	1.199999999999999956e+00	5.257393355665039916e-03
1.000000000000000000e+00	-3.314831010080479274e-03	2.766528554855403055e-01	-5.353036810473166263e-01	2.000000000000000111e-01	1.199999999999999956e+00	3.312810126424862306e-02
2.000000000000000000e+00	-1.271088794636149278e-03	5.738158215779335380e-01	-9.686126779730790393e-01	2.000000000000000111e-01	1.199999999999999956e+00	2.206617974351553994e-03
3.000000000000000000e+00	5.116569200648955415e-03	6.267068358116005544e-02	6.309622841577895436e-01	2.000000000000000111e-01	1.199999999999999956e+00	1.393776966870356737e-02
4.000000000000000000e+00	-7.700224485039758012e-04	2.441075876357654273e-01	9.722792858131716620e-02	2.000000000000000111e-01	1.199999999999999956e+00	4.201147211633998214e-03
5.000000000000000000e+00	-2.957987830499775317e-03	3.233454889765982054e-01	6.573684202901804163e-02	2.000000000000000111e-01	1.199999999999999956e+00	1.059401236962540134e-02
6.000000000000000000e+00	1.417156149166519993e-03	1.682962936872475779e-01	3.318725212754244924e-01	2.000000000000000111e-01	1.199999999999999956e+00	6.731322904328586494e-03
7.000000000000000000e+00	2.627407429833155620e-03	9.106191207273048316e-02	4.829017421155544776e-01	2.000000000000000111e-01	1.199999999999999956e+00	6.362855080704827963e-03
8.000000000000000000e+00	5.766989717530582836e-03	1.807931994368572881e-01	1.773731078624432578e-01	2.000000000000000111e-01	1.199999999999999956e+00	5.458301213591859082e-03
9.000000000000000000e+00	5.177679071286772194e-04	2.574416933808191810e-01	-2.017779556986345341e-02	2.000000000000000111e-01	1.199999999999999956e+00	5.060951497577555712e-03
1.000000000000000000e+01	-3.068208723071999631e-04	1.584322900715723348e-01	3.867708895339045383e-01	2.000000000000000111e-01	1.199999999999999956e+00	8.270532227468164674e-03
1.100000000000000000e+01	3.065463354097222939e-03	1.343382416695334813e-01	4.316010330142698304e-01	2.000000000000000111e-01	1.199999999999999956e+00	1.289013801855351873e-02
1.200000000000000000e+01	3.921491807766014815e-04	1.284355508228754716e-01	3.220190184984171866e-01	2.000000000000000111e-01	1.199999999999999956e+00	3.223391670750715750e-03
1.300000000000000000e+01	6.177149988991974087e-04	8.286528139823592931e-02	5.754191186689381343e-01	2.000000000000000111e-01	1.199999999999999956e+00	4.323829580335978445e-02
1.400000000000000000e+01	2.374638433473331544e-03	1.009283076647655847e-01	3.574208712076266670e-01	2.000000000000000111e-01	1.199999999999999956e+00	7.852878648421462993e-03
1.500000000000000000e+01	5.546138234562704265e-03	1.275432902527032786e-01	3.003319534514414801e-01	2.000000000000000111e-01	1.199999999999999956e+00	5.584381212509828551e-03
1.600000000000000000e+01	1.815874247635816891e-03	3.168821265350081906e-01	-3.868316454803757409e-01	2.000000000000000111e-01	1.199999999999999956e+00	2.856774404852335976e-03
1.700000000000000000e+01	2.777874107646754846e-03	2.627526364384548674e-01	-1.670959119196664400e-01	2.000000000000000111e-01	1.199999999999999956e+00	4.871710767758284481e-03
1.800000000000000000e+01	-7.126672460808498692e-04	2.860161634572602751e-01	-1.580467826997012520e-02	2.000000000000000111e-01	1.199999999999999956e+00	5.264785853290499147e-03
1.900000000000000000e+01	-1.098451221406658703e-03	2.547267087388274120e-01	1.754861031532892190e-01	2.000000000000000111e-01	1.199999999999999956e+00	1.113182905632420852e-02
2.000000000000000000e+01	2.424704809573528623e-03	2.062221616996667839e-01	1.913937391912254038e-01	2.000000000000000111e-01	1.199999999999999956e+00	7.388997628522145367e-03
2.100000000000000000e+01	-2.032658574521887650e-03	2.709480780285116186e-01	5.736680212305397125e-02	2.000000000000000111e-01	1.199999999999999956e+00	6.891444962269133341e-03
2.200000000000000000e+01	-2.468691308786771289e-04	4.322973696680567635e-01	-2.991568504934216666e-01	2.000000000000000111e-01	1.199999999999999956e+00	4.326671763778855082e-03
2.300000000000000000e+01	1.433227592620460109e-03	3.008378130267487793e-01	-9.396720126228047532e-02	2.000000000000000111e-01	1.199999999999999956e+00	7.425357967868044876e-03
2.400000000000000000e+01	1.519988964660526267e-03	2.020668043867517860e-01	2.233694617328376708e-01	2.000000000000000111e-01	1.199999999999999956e+00	7.261175757324879812e-03
2.500000000000000000e+01	-2.801338624633105227e-03	3.332315206187423384e-01	-5.870898586915061779e-02	2.000000000000000111e-01	1.199999999999999956e+00	7.015585118037741437e-03
2.600000000000000000e+01	2.004982503614750368e-03	3.084564186381742457e-01	-2.917035165216340653e-01	2.000000000000000111e-01	1.199999999999999956e+00	6.593745716759700885e-03
2.700000000000000000e+01	-1.373543714361516455e-02	7.000037205083126102e-01	-1.139737823785264892e+00	2.000000000000000111e-01	1.199999999999999956e+00	9.689103949438313684e-03
2.800000000000000000e+01	2.831826025388641237e-03	1.431249621895137603e-01	2.713657747655597863e-01	2.000000000000000111e-01	1.199999999999999956e+00	9.716084268931581697e-03
2.900000000000000000e+01	2.682067947143398651e-03	1.090711026591697080e-01	3.763955557588430922e-01	2.000000000000000111e-01	1.199999999999999956e+00	5.020920993780836165e-03
3.000000000000000000e+01	-6.024231246311565662e-04	2.509348854080812319e-01	1.681360790154270285e-02	2.000000000000000111e-01	1.199999999999999956e+00	1.369606037675887358e-02
3.100000000000000000e+01	-2.752235565565864552e-03	3.407527410118141309e-01	-5.093617140021816647e-01	2.000000000000000111e-01	1.199999999999999956e+00	7.126842869780975961e-03
3.200000000000000000e+01	1.179349783445812891e-03	2.467638103673240879e-01	-2.122300838637934672e-02	2.000000000000000111e-01	1.199999999999999956e+00	3.822508395571579901e-03
3.300000000000000000e+01	1.621886032412334002e-04	3.351860637028482026e-01	-3.496976895569173238e-01	2.000000000000000111e-01	1.199999999999999956e+00	6.852701993441628545e-03
3.400000000000000000e+01	-4.783286567423068367e-04	2.959986722141916271e-01	-3.955355386870273993e-01	2.000000000000000111e-01	1.199999999999999956e+00	1.941643755878724471e-03
3.500000000000000000e+01	-1.583067842517726660e-04	2.931501307033907433e-01	-2.218393532241925703e-01	2.000000000000000111e-01	1.199999999999999956e+00	8.406112418864018429e-03
3.600000000000000000e+01	3.646671177353805020e-03	3.527997038269851116e-01	-4.296681960645011289e-01	2.000000000000000111e-01	1.199999999999999956e+00	6.337557513622298945e-03
3.700000000000000000e+01	-2.227070757691366944e-03	3.230719801384659973e-01	-1.217001632047749887e-01	2.000000000000000111e-01	1.199999999999999956e+00	5.238683547901116892e-03
3.800000000000000000e+01	-8.472543597182295716e-04	3.431994929276853679e-01	-1.362121976805901191e-01	2.000000000000000111e-01	1.199999999999999956e+00	9.885595201588463429e-03
3.900000000000000000e+01	2.202032050114519773e-03	1.419108735423396661e-01	2.686849739522325642e-01	2.000000000000000111e-01	1.199999999999999956e+00	5.255528789555909130e-03
4.000000000000000000e+01	-1.332176890404961804e-03	2.258079828426782509e-01	7.534944140997643092e-02	2.000000000000000111e-01	1.199999999999999956e+00	1.450903894645093860e-02
4.100000000000000000e+01	1.352323779174895938e-03	9.792569444844638482e-02	4.127340334779276976e-01	2.000000000000000111e-01	1.199999999999999956e+00	2.574961997018652710e-03
4.200000000000000000e+01	-2.306023767954125565e-03	3.683577439981873258e-01	-2.350512334078518062e-01	2.000000000000000111e-01	1.199999999999999956e+00	5.781028111088129702e-03
4.300000000000000000e+01	-1.792727726320584788e-02	8.191473836657613417e-01	-1.447827357760733902e+00	2.000000000000000111e-01	1.199999999999999956e+00	6.609968465429097093e-03
4.400000000000000000e+01	-8.095950897137341173e-03	4.686017830015794527e-01	-1.482256316018511377e+00	2.000000000000000111e-01	1.199999999999999956e+00	3.212169668814721796e-02
4.500000000000000000e+01	4.779134367290602432e-03	1.254402538919040799e-01	3.453974673911877069e-01	2.000000000000000111e-01	1.199999999999999956e+00	3.546251674655020916e-03
4.600000000000000000e+01	4.801615987663968368e-03	1.362600667833012980e-01	2.298520312475377247e-01	2.000000000000000111e-01	1.199999999999999956e+00	3.085123559862037752e-03
4.700000000000000000e+01	6.285426459380710166e-05	1.229421098191708916e-01	4.260112967669238970e-01	2.000000000000000111e-01	1.199999999999999956e+00	8.165450973731952153e-03
4.800000000000000000e+01	3.376767079640660956e-03	1.648901149240742658e-01	1.267195843726254545e-01	2.000000000000000111e-01	1.199999999999999956e+00	4.189632844252721110e-03
4.900000000000000000e+01	1.717205658489722028e-03	1.381252593368174353e-01	3.058286270494403047e-01	2.000000000000000111e-01	1.199999999999999956e+00	5.666655387779402815e-03
5.000000000000000000e+01	2.453417758485804383e-03	3.535775269038968216e-01	-7.009178329024634557e-01	2.000000000000000111e-01	1.199999999999999956e+00	4.792967143999357117e-03
5.100000000000000000e+01	7.538990455862139891e-04	1.548561561411264387e-01	1.538395963758066587e-01	2.000000000000000111e-01	1.199999999999999956e+00	3.269767158094915877e-03
5.200000000000000000e+01	1.466042135087824690e-03	1.398407650959525295e-01	2.266946609140233770e-01	2.000000000000000111e-01	1.199999999999999956e+00	2.305950744112061652e-03
5.300000000000000000e+01	-1.071364642727508148e-03	2.326542712435553939e-01	1.271173993789303514e-01	2.000000000000000111e-01	1.199999999999999956e+00	1.039744680614846858e-02
5.400000000000000000e+01	-5.422475007306890721e-03	5.725973745713437424e-01	-7.630785125151908765e-01	2.000000000000000111e-01	1.199999999999999956e+00	8.021252773102196393e-03
5.500000000000000000e+01	1.840018823883626592e-03	6.192022282412555645e-02	5.762122770291008278e-01	2.000000000000000111e-01	1.199999999999999956e+00	9.164731157132746664e-03
5.600000000000000000e+01	5.033564453548047346e-04	2.756013888907158926e-01	-6.644795823592847261e-02	2.000000000000000111e-01	1.199999999999999956e+00	5.559608636410262768e-03
5.700000000000000000e+01	2.588603091699447599e-03	2.832816479473390658e-01	-5.613195652741835850e-01	2.000000000000000111e-01	1.199999999999999956e+00	2.422366023150793364e-03
5.800000000000000000e+01	7.119266567898495986e-04	1.454563855003453698e-01	2.419190214478433298e-01	2.000000000000000111e-01	1.199999999999999956e+00	6.126400634309309146e-02
5.900000000000000000e+01	-2.149882236137770023e-03	3.819329097600076550e-01	-1.916805817430054237e-01	2.000000000000000111e-01	1.199999999999999956e+00	5.784268808569295248e-03
6.000000000000000000e+01	-8.837500027849947912e-03	4.461674840507042772e-01	-8.545027808479179754e-01	2.000000000000000111e-01	1.199999999999999956e+00	3.281361711601473580e-02
6.100000000000000000e+01	3.007674830375106027e-03	2.043273790155077374e-01	1.567966124876904177e-01	2.000000000000000111e-01	1.199999999999999956e+00	6.172166902822166616e-03
6.200000000000000000e+01	6.284392827410501849e-03	1.293649740288635164e-01	4.215918976529675066e-01	2.000000000000000111e-01	1.199999999999999956e+00	6.842889989374704128e-03
6.300000000000000000e+01	-7.683902456030714976e-04	2.491645623726454761e-01	5.171390096961434035e-02	2.000000000000000111e-01	1.199999999999999956e+00	9.800987267574270620e-03
6.400000000000000000e+01	7.804173490381149719e-04	2.317239193781087947e-01	2.347292141492710038e-01	2.000000000000000111e-01	1.199999999999999956e+00	5.924025848800808583e-03
6.500000000000000000e+01	-2.735494093088313957e-04	1.568778948144607666e-01	2.549439120253370605e-01	2.000000000000000111e-01	1.199999999999999956e+00	6.756274468080344930e-03
6.600000000000000000e+01	-3.854056266528235915e-03	5.573103343858056835e-01	-1.466024152053249985e+00	2.000000000000000111e-01	1.199999999999999956e+00	3.837360631777839842e-03
6.700000000000000000e+01	-4.972532625038520067e-03	4.101209454049150605e-01	-6.282737269588730689e-01	2.000000000000000111e-01	1.199999999999999956e+00	2.911785672655223603e-02
6.800000000000000000e+01	-2.445928772212189149e-03	3.551007511290380503e-01	-1.166331352604763755e-01	2.000000000000000111e-01	1.199999999999999956e+00	8.360627885172595627e-03
6.900000000000000000e+01	-3.320059341873975514e-03	3.760372212873076547e-01	-3.612197021718048240e-01	2.000000000000000111e-01	1.199999999999999956e+00	9.530147229246766633e-03
7.000000000000000000e+01	1.413583854249344596e-03	1.546936407649700078e-02	8.808674055373155731e-01	2.000000000000000111e-01	1.199999999999999956e+00	2.453853943313132405e-02
7.100000000000000000e+01	6.741111520068264213e-04	1.628463108660097858e-01	1.274324021098124371e-01	2.000000000000000111e-01	1.199999999999999956e+00	4.751402663304025477e-03
7.200000000000000000e+01	1.747909715125911577e-03	2.850466857958791067e-01	-4.208835143859354644e-01	2.000000000000000111e-01	1.199999999999999956e+00	2.749602662834385765e-03
7.300000000000000000e+01	-5.032901525341361773e-03	5.063343017619750253e-01	-6.823847327840983912e-01	2.000000000000000111e-01	1.199999999999999956e+00	5.785863755003996418e-03
7.400000000000000000e+01	-1.499960885242591902e-04	1.663807241337020848e-01	3.157031205661432471e-01	2.000000000000000111e-01	1.199999999999999956e+00	1.022795601949661945e-02
7.500000000000000000e+01	3.245597494697916117e-03	2.141163233382516740e-01	2.958630021138892660e-02	2.000000000000000111e-01	1.199999999999999956e+00	1.217451082645383022e-02
7.600000000000000000e+01	-9.529427541982445071e-03	5.337693123124387373e-01	-5.831706106876233253e-01	2.000000000000000111e-01	1.199999999999999956e+00	1.084833664439314484e-02
7.700000000000000000e+01	-1.181769236996684696e-03	2.923491918530224387e-01	-1.302219523650142707e-01	2.000000000000000111e-01	1.199999999999999956e+00	5.305289848113107012e-03
7.800000000000000000e+01	-9.486226907423399388e-04	2.530944263477447054e-01	-4.743130471936610887e-02	2.000000000000000111e-01	1.199999999999999956e+00	8.836489727416820678e-03
7.900000000000000000e+01	-1.814426571785006121e-03	4.040765987540885229e-01	-2.483828046292115010e-01	2.000000000000000111e-01	1.199999999999999956e+00	8.332603581334913426e-03
8.000000000000000000e+01	-1.992735232806014953e-04	2.989594231913548228e-01	-6.557360379038906957e-03	2.000000000000000111e-01	1.199999999999999956e+00	1.229946562016177684e-02
8.100000000000000000e+01	-1.376972213411814657e-03	3.681626720014584131e-01	-3.098184798410432705e-01	2.000000000000000111e-01	1.199999999999999956e+00	7.292444685542381032e-03
8.200000000000000000e+01	-3.074702124662083078e-03	4.378402925370705190e-01	-6.548666847120173662e-01	2.000000000000000111e-01	1.199999999999999956e+00	1.928177254511225652e-02
8.300000000000000000e+01	-7.860100159858132230e-04	2.957305221940331741e-01	-1.093527720885787424e-01	2.000000000000000111e-01	1.199999999999999956e+00	7.146120316228981098e-03
8.400000000000000000e+01	-6.027528178948672599e-03	5.108414004241507156e-01	-7.775503625270522301e-01	2.000000000000000111e-01	1.199999999999999956e+00	4.060580720712309542e-03
8.500000000000000000e+01	-1.910914302259301457e-03	3.840724141028832306e-01	-3.815049807122797842e-01	2.000000000000000111e-01	1.199999999999999956e+00	5.621175761765738119e-03
8.600000000000000000e+01	3.381968088764637954e-03	3.421133476403832585e-01	-9.092034092982960169e-01	2.000000000000000111e-01	1.199999999999999956e+00	4.976177639342142626e-03
8.700000000000000000e+01	-1.180181106081934668e-03	2.501846489023554776e-01	7.362238865969678026e-02	2.000000000000000111e-01	1.199999999999999956e+00	9.253858461054923629e-03
8.800000000000000000e+01	-1.751981475953813582e-03	2.787687449011431728e-01	-3.272201983533741809e-01	2.000000000000000111e-01	1.199999999999999956e+00	6.110149604854688520e-03
8.900000000000000000e+01	4.155933975079373907e-04	1.551116677873301819e-01	1.873449680239980819e-01	2.000000000000000111e-01	1.199999999999999956e+00	4.406996775544289209e-03
9.000000000000000000e+01	-2.887484088423814335e-03	3.247483575389426003e-01	-1.081817081681330783e-01	2.000000000000000111e-01	1.199999999999999956e+00	3.130733815270596819e-03
9.100000000000000000e+01	2.162229065382179159e-03	9.979442963276549672e-02	4.842488302793421795e-01	2.000000000000000111e-01	1.199999999999999956e+00	3.239562096873024877e-03
9.200000000000000000e+01	1.027341300840959974e-03	1.539471460574449446e-01	3.716017092377520425e-01	2.000000000000000111e-01	1.199999999999999956e+00	7.219442023941750018e-03
9.300000000000000000e+01	6.041124587950313365e-04	1.607988325886517134e-01	2.340855523901378410e-01	2.000000000000000111e-01	1.199999999999999956e+00	5.590288488451823808e-03
9.400000000000000000e+01	1.693042035197327546e-03	1.381279661082762400e-01	4.216376054771484583e-01	2.000000000000000111e-01	1.199999999999999956e+00	8.193848660585817054e-03
9.500000000000000000e+01	1.708456782547223597e-04	1.242314846583233018e-01	2.955545054029883323e-01	2.000000000000000111e-01	1.199999999999999956e+00	5.897921796894069375e-03
9.600000000000000000e+01	-1.635215852962170705e-03	3.685691322754856558e-01	-3.669463194814699403e-01	2.000000000000000111e-01	1.199999999999999956e+00	6.826621432728875900e-03
9.700000000000000000e+01	-7.572511237452985312e-04	2.704033351552153630e-01	-6.642579805478085464e-02	2.000000000000000111e-01	1.199999999999999956e+00	7.843449992876125668e-03
9.800000000000000000e+01	-8.321867677754570935e-04	2.069728031977738358e-01	2.708397856295229333e-01	2.000000000000000111e-01	1.199999999999999956e+00	4.456727816506376137e-03
9.900000000000000000e+01	6.023865717091678564e-04	1.642321934575080578e-01	3.361715380749309978e-01	2.000000000000000111e-01	1.199999999999999956e+00	8.644432675621880127e-03
1.000000000000000000e+02	3.068192835829963803e-03	1.566060004892908530e-01	3.470730486445902097e-01	2.000000000000000111e-01	1.199999999999999956e+00	9.561478395987811976e-03
1.010000000000000000e+02	2.547663867290643307e-03	4.575294327829471791e-02	6.212996732041989878e-01	2.000000000000000111e-01	1.199999999999999956e+00	8.602485572175962852e-03
1.020000000000000000e+02	-3.980302536861162963e-03	2.935840046067165754e-01	-1.300348023192061442e+00	2.000000000000000111e-01	1.199999999999999956e+00	3.679074887405867633e-01
1.030000000000000000e+02	-7.974483093906040154e-03	4.879603808138153753e-01	-5.871229694921501485e-01	2.000000000000000111e-01	1.199999999999999956e+00	8.751634992228536636e-03
1.040000000000000000e+02	2.764964515047469915e-03	1.384643153261614634e-01	2.471271814748585705e-01	2.000000000000000111e-01	1.199999999999999956e+00	6.418173041078049923e-03
1.050000000000000000e+02	-7.513024718391621943e-05	1.961140336330925715e-01	1.455205906409629824e-01	2.000000000000000111e-01	1.199999999999999956e+00	4.478288866333072528e-03
1.060000000000000000e+02	2.674704514437176422e-03	6.548981246234419906e-02	4.844282297949246141e-01	2.000000000000000111e-01	1.199999999999999956e+00	8.140816478335198211e-03
1.070000000000000000e+02	1.135353167371649930e-03	9.480436876510796307e-02	5.840091896944632488e-01	2.000000000000000111e-01	1.199999999999999956e+00	1.002314527986103779e-02
1.080000000000000000e+02	-8.175948951111447136e-03	4.643078626663202924e-01	-1.106245342402149001e+00	2.000000000000000111e-01	1.199999999999999956e+00	3.724296858835075552e-01
1.090000000000000000e+02	-1.386369980250041220e-03	2.472167679462300982e-01	8.744306239948327134e-03	2.000000000000000111e-01	1.199999999999999956e+00	6.298438369831725961e-03
1.100000000000000000e+02	3.886755748720894296e-03	2.000268621561467342e-01	5.872658843103593929e-02	2.000000000000000111e-01	1.199999999999999956e+00	5.609895175820460780e-03
1.110000000000000000e+02	3.090396442719835646e-03	1.389318482397824094e-02	7.815839503891494067e-01	2.000000000000000111e-01	1.199999999999999956e+00	8.473074915005136473e-03
1.120000000000000000e+02	1.388393692691169967e-03	3.496145786528537247e-01	-3.939544264732621204e-01	2.000000000000000111e-01	1.199999999999999956e+00	6.403527269780460995e-03
1.130000000000000000e+02	3.547695500167753584e-03	2.318334428480886555e-01	6.304418408915153649e-02	2.000000000000000111e-01	1.199999999999999956e+00	7.375903380312349815e-03
1.140000000000000000e+02	-1.472847631569577887e-03	3.325016373727806007e-01	-2.255221256076289094e-01	2.000000000000000111e-01	1.199999999999999956e+00	6.434027871886483299e-03
1.150000000000000000e+02	-4.864950528505157870e-03	4.253016793794418549e-01	-4.356512933848645241e-01	2.000000000000000111e-01	1.199999999999999956e+00	7.387820949705851958e-03
1.160000000000000000e+02	2.736951969660471762e-03	2.209391993546018784e-01	9.606031053049339519e-02	2.000000000000000111e-01	1.199999999999999956e+00	1.219910218817401269e-02
1.170000000000000000e+02	2.452142838380065061e-03	7.653347137618082829e-02	4.262249904462306338e-01	2.000000000000000111e-01	1.199999999999999956e+00	9.883703314208583390e-03
1.180000000000000000e+02	-4.470458070225559054e-04	3.277311729772212634e-01	-2.229825212209022856e-01	2.000000000000000111e-01	1.199999999999999956e+00	9.796203014956331168e-03
1.190000000000000000e+02	3.463895287528773724e-04	1.123204285533872665e-01	5.325629909521026883e-01	2.000000000000000111e-01	1.199999999999999956e+00	1.206457128692712578e-02
1.200000000000000000e+02	-3.460172556916735133e-04	2.209880454772971681e-01	-2.096723271494775609e-01	2.000000000000000111e-01	1.199999999999999956e+00	4.418768053604802890e-03
1.210000000000000000e+02	1.186624577530268239e-03	1.572945986370615223e-01	2.360603670266093745e-01	2.000000000000000111e-01	1.199999999999999956e+00	4.661777071469883592e-03
1.220000000000000000e+02	1.707708383378213292e-04	1.526780925999671468e-01	3.437978707044032078e-01	2.000000000000000111e-01	1.199999999999999956e+00	8.997244022071944694e-03
1.230000000000000000e+02	1.114161929393763135e-02	1.240897570017095719e-01	2.663877516663798461e-01	2.000000000000000111e-01	1.199999999999999956e+00	8.042432091599532179e-03
1.240000000000000000e+02	4.162700373865920074e-03	4.157648961747726496e-02	6.017538318806366915e-01	2.000000000000000111e-01	1.199999999999999956e+00	7.029380880413319509e-03
1.250000000000000000e+02	-5.074775815682773181e-03	3.850910699915012780e-01	-6.601144869099517809e-01	2.000000000000000111e-01	1.199999999999999956e+00	3.879236567281298120e-02
1.260000000000000000e+02	-5.136989216491406191e-04	3.348781090388305848e-01	-5.012281674670453491e-01	2.000000000000000111e-01	1.199999999999999956e+00	3.941059394501046642e-03
1.270000000000000000e+02	3.417328833152595384e-03	1.237687400304196550e-01	2.956816713009279840e-01	2.000000000000000111e-01	1.199999999999999956e+00	8.284588604154093788e-03
1.280000000000000000e+02	3.592561029715656776e-03	8.844516183240735963e-02	5.251900471549263427e-01	2.000000000000000111e-01	1.199999999999999956e+00	1.654901213612549812e-02
1.290000000000000000e+02	8.439702188824438388e-04	1.056908296111683521e-01	4.853786759427310971e-01	2.000000000000000111e-01	1.199999999999999956e+00	8.035387375030846394e-03
1.300000000000000000e+02	3.239896516235471718e-04	2.301670970469201216e-01	2.906908924669514976e-02	2.000000000000000111e-01	1.199999999999999956e+00	9.763548243868559393e-03
1.310000000000000000e+02	1.100815627320725311e-03	8.177805037749343031e-02	6.187491759765979538e-01	2.000000000000000111e-01	1.199999999999999956e+00	1.750084381481020745e-02
1.320000000000000000e+02	2.174758895779026202e-03	2.688998808160717457e-01	-1.263242227061534551e-01	2.000000000000000111e-01	1.199999999999999956e+00	6.545681572446491493e-03
1.330000000000000000e+02	2.514304949807588240e-04	2.084680657320430175e-01	8.207520529868611928e-03	2.000000000000000111e-01	1.199999999999999956e+00	8.093826405294301737e-03
1.340000000000000000e+02	-8.863780716617721683e-04	2.888916362804085924e-01	-1.341139347080788080e-01	2.000000000000000111e-01	1.199999999999999956e+00	9.460571966205574834e-03
1.350000000000000000e+02	6.702363624959550717e-04	1.951558115073112332e-01	1.703622988997340881e-01	2.000000000000000111e-01	1.199999999999999956e+00	9.989153074432407034e-03
1.360000000000000000e+02	4.260466389086603294e-03	9.347563422297022750e-02	4.836003754149280631e-01	2.000000000000000111e-01	1.199999999999999956e+00	7.168053077829255812e-03
1.370000000000000000e+02	6.916487845841992610e-04	1.655717474665248379e-01	2.192576181438208871e-01	2.000000000000000111e-01	1.199999999999999956e+00	8.348752067852314995e-03
1.380000000000000000e+02	2.074975510211553298e-03	1.799782023719465607e-01	1.449902136471926395e-01	2.000000000000000111e-01	1.199999999999999956e+00	6.694338603171774878e-03
1.390000000000000000e+02	3.447375856552862845e-03	1.705062115482653198e-02	7.753312781821207755e-01	2.000000000000000111e-01	1.199999999999999956e+00	2.288989637054518814e-02
1.400000000000000000e+02	1.392909519104849718e-03	1.405101744267581165e-01	3.922460179669691738e-01	2.000000000000000111e-01	1.199999999999999956e+00	7.741538755181509406e-03
1.410000000000000000e+02	4.219665283996953010e-05	3.232463815337864310e-01	-1.538031501396812661e-01	2.000000000000000111e-01	1.199999999999999956e+00	1.321368163360851777e-02
1.420000000000000000e+02	7.842271473232859200e-04	1.416713708298499574e-01	4.580230251895924809e-01	2.000000000000000111e-01	1.199999999999999956e+00	1.620048758417449650e-02
1.430000000000000000e+02	1.388723260334984600e-03	2.288787848010150894e-01	1.494652217877520117e-01	2.000000000000000111e-01	1.199999999999999956e+00	8.202012773316603306e-03
1.440000000000000000e+02	1.902199833920362919e-03	9.165439029894491274e-02	5.003717370691753707e-01	2.000000000000000111e-01	1.199999999999999956e+00	1.085454602730728628e-02
1.450000000000000000e+02	1.832231796687031587e-03	4.359794015201250150e-02	5.936354141286250830e-01	2.000000000000000111e-01	1.199999999999999956e+00	1.713047054558474933e-02
1.460000000000000000e+02	3.763911098357255926e-04	1.378502215469753767e-01	3.345760151516393166e-01	2.000000000000000111e-01	1.199999999999999956e+00	9.215588011288489492e-03
1.470000000000000000e+02	9.718728983258103672e-04	1.880075972893398284e-01	2.141387700224662294e-01	2.000000000000000111e-01	1.199999999999999956e+00	2.964447199911726758e-03
1.480000000000000000e+02	5.129740391950419857e-03	2.278490732940423036e-01	-3.052359216288932919e-01	2.000000000000000111e-01	1.199999999999999956e+00	3.838262307402417160e-03
1.490000000000000000e+02	2.741922652615635947e-03	1.360441857079228989e-01	3.411290570654312293e-01	2.000000000000000111e-01	1.199999999999999956e+00	5.101147453785551122e-03
1.500000000000000000e+02	-1.421158586922837645e-03	5.142638692477145002e-01	-9.772809123841953438e-01	2.000000000000000111e-01	1.199999999999999956e+00	6.622362604885800863e-03
1.510000000000000000e+02	-2.728802671501169563e-03	4.056727843295445113e-01	-3.210643598968221379e-01	2.000000000000000111e-01	1.199999999999999956e+00	9.928098936770764910e-03
1.520000000000000000e+02	1.506053297316947140e-03	1.362373178902367976e-01	3.671532554603594289e-01	2.000000000000000111e-01	1.199999999999999956e+00	9.568664473865451381e-03
1.530000000000000000e+02	5.430279558449721024e-03	4.816324305715491416e-02	6.450152114040790252e-01	2.000000000000000111e-01	1.199999999999999956e+00	8.373625396570534216e-03
1.540000000000000000e+02	-1.895488841590074183e-03	2.729544648693666975e-01	1.617747265205569246e-02	2.000000000000000111e-01	1.199999999999999956e+00	3.791698474462812385e-03
1.550000000000000000e+02	-1.427380637458920297e-03	2.751075649069723017e-01	3.130350510997274849e-02	2.000000000000000111e-01	1.199999999999999956e+00	7.799763886964091071e-03
1.560000000000000000e+02	1.364023621112457488e-03	2.848751162207037724e-01	-3.195556797422722806e-01	2.000000000000000111e-01	1.199999999999999956e+00	7.260418162341644721e-03
1.570000000000000000e+02	-3.290975513772545578e-03	2.725920350581132467e-01	-5.750401686582655714e-01	2.000000000000000111e-01	1.199999999999999956e+00	3.060241604302733551e-02
1.580000000000000000e+02	-1.028925479047528485e-04	1.588761164385311675e-01	2.415671975412030936e-01	2.000000000000000111e-01	1.199999999999999956e+00	4.194265386575993411e-03
1.590000000000000000e+02	3.049087633126771734e-04	1.990191315428609942e-01	1.879637834345057879e-01	2.000000000000000111e-01	1.199999999999999956e+00	7.504813715203464963e-03
1.600000000000000000e+02	3.131146547133232400e-03	3.140905514498553153e-01	-3.811084679056221947e-01	2.000000000000000111e-01	1.199999999999999956e+00	4.376531629520797814e-03
1.610000000000000000e+02	3.311509901010186406e-03	1.289429701012091978e-01	4.069750603636043684e-01	2.000000000000000111e-01	1.199999999999999956e+00	4.956125353120314700e-03
1.620000000000000000e+02	9.666509544911489841e-04	1.863843763880437265e-01	1.796078162073942441e-01	2.000000000000000111e-01	1.199999999999999956e+00	6.868185306265939261e-02
1.630000000000000000e+02	1.533173063549214685e-05	1.635500351967558996e-01	2.524567443060413696e-01	2.000000000000000111e-01	1.199999999999999956e+00	5.485094302471992152e-03
1.640000000000000000e+02	3.176704540376273055e-04	1.426808104386881326e-01	3.573670530980243010e-01	2.000000000000000111e-01	1.199999999999999956e+00	5.904810438580235417e-03
1.650000000000000000e+02	-7.449043194884475338e-04	2.574945035321770659e-01	-4.627828286747394382e-02	2.000000000000000111e-01	1.199999999999999956e+00	8.464044488881175554e-03
1.660000000000000000e+02	-1.183389723728521742e-03	3.304574434218849333e-01	-1.584156350410280412e-01	2.000000000000000111e-01	1.199999999999999956e+00	5.541361165791317163e-03
1.670000000000000000e+02	5.866839267936300312e-03	2.385027391576405031e-01	-9.444066399287391611e-02	2.000000000000000111e-01	1.199999999999999956e+00	5.735288048070066869e-03
1.680000000000000000e+02	2.131925489390291755e-05	3.907145143124111097e-01	-3.956012907358243957e-01	2.000000000000000111e-01	1.199999999999999956e+00	8.995606354945709718e-03
1.690000000000000000e+02	6.908841562358603028e-04	1.376695554275682021e-01	1.814963516111301189e-01	2.000000000000000111e-01	1.199999999999999956e+00	5.553499267420803319e-03
1.700000000000000000e+02	2.301443622977130624e-03	1.038220225728188201e-01	4.796448157300077786e-01	2.000000000000000111e-01	1.199999999999999956e+00	7.891058724016577000e-03
1.710000000000000000e+02	1.358288712035692807e-03	8.247021906642684752e-02	5.567486714570094586e-01	2.000000000000000111e-01	1.199999999999999956e+00	6.139180805815454452e-03
1.720000000000000000e+02	-2.655779925109155552e-03	3.401965571809685285e-01	-2.769429542621152374e-01	2.000000000000000111e-01	1.199999999999999956e+00	1.019555974833387391e-02
1.730000000000000000e+02	-1.478854709841063682e-03	2.562813348713475214e-01	-6.812599507351683147e-03	2.000000000000000111e-01	1.199999999999999956e+00	1.184277698644195347e-02
1.740000000000000000e+02	-4.310823042922118202e-03	4.139399234515581116e-01	-3.658329531129574375e-01	2.000000000000000111e-01	1.199999999999999956e+00	8.808335377941900468e-03
1.750000000000000000e+02	-2.157217900454545898e-03	3.493978227931524017e-01	-3.882408986637313486e-01	2.000000000000000111e-01	1.199999999999999956e+00	1.005760267826782961e-02
1.760000000000000000e+02	-1.323583814740130534e-03	2.928220459147640176e-01	2.767914218103230406e-02	2.000000000000000111e-01	1.199999999999999956e+00	1.005228261070754969e-02
1.770000000000000000e+02	1.774673237735964644e-03	1.444088419141801583e-01	4.054771313940613298e-01	2.000000000000000111e-01	1.199999999999999956e+00	5.955051688876563699e-03
1.780000000000000000e+02	4.754379443179052793e-04	1.365072985939129180e-01	4.436159810531229430e-01	2.000000000000000111e-01	1.199999999999999956e+00	8.117364818737048821e-03
1.790000000000000000e+02	-1.610669931415809400e-03	2.606301371118439625e-01	-4.691718158775355363e-01	2.000000000000000111e-01	1.199999999999999956e+00	1.762466776561763537e-03
1.800000000000000000e+02	9.217102764298726000e-05	2.155199915367222718e-01	-1.000215927852860787e-01	2.000000000000000111e-01	1.199999999999999956e+00	3.166240560447806506e-03
1.810000000000000000e+02	1.321378267288854684e-03	1.571516289339559280e-01	3.439466404524464394e-01	2.000000000000000111e-01	1.199999999999999956e+00	1.001576415902110349e-02
1.820000000000000000e+02	2.246747544875624548e-03	2.221985760080499306e-01	1.026704674516173837e-01	2.000000000000000111e-01	1.199999999999999956e+00	1.302835229678896319e-02
1.830000000000000000e+02	-1.245720015539170979e-02	5.589070465821439626e-01	-1.097879452782041687e+00	2.000000000000000111e-01	1.199999999999999956e+00	1.115217834266075264e-01
1.840000000000000000e+02	6.459759831837427475e-05	1.812343356716184517e-01	1.008922897522099571e-01	2.000000000000000111e-01	1.199999999999999956e+00	8.010246182716247026e-03
1.850000000000000000e+02	2.545437605569815433e-03	1.102443405043097846e-01	3.966937707408582092e-01	2.000000000000000111e-01	1.199999999999999956e+00	4.742717115271363228e-03
1.860000000000000000e+02	1.465802697441689895e-03	1.224485661795951252e-01	4.063965088687644944e-01	2.000000000000000111e-01	1.199999999999999956e+00	1.064530192095670957e-02
1.870000000000000000e+02	-4.172931735787516368e-04	1.702059779264784301e-01	3.279837088182122051e-01	2.000000000000000111e-01	1.199999999999999956e+00	7.406109003257378871e-03
1.880000000000000000e+02	-7.236213206530886380e-04	3.095066532652239744e-01	-7.581555537404861544e-01	2.000000000000000111e-01	1.199999999999999956e+00	6.587137045252382424e-03
1.890000000000000000e+02	-1.380087955525100343e-02	7.715984007697872515e-01	-1.633130790027940149e+00	2.000000000000000111e-01	1.199999999999999956e+00	5.765740347861211292e-03
1.900000000000000000e+02	1.062336756817607161e-03	9.133990318684047371e-02	4.621848449138962200e-01	2.000000000000000111e-01	1.199999999999999956e+00	3.544371032927664655e-03
1.910000000000000000e+02	3.222896451188574183e-03	1.400305155268588286e-01	-9.381430626525954011e-03	2.000000000000000111e-01	1.199999999999999956e+00	6.565091948609146424e-03
1.920000000000000000e+02	7.630161909687527885e-04	2.069175337332594677e-01	-6.980788399710856351e-02	2.000000000000000111e-01	1.199999999999999956e+00	2.424336993739615361e-03
1.930000000000000000e+02	-8.879589055886294739e-05	2.327562662746837374e-01	1.247717478321718754e-01	2.000000000000000111e-01	1.199999999999999956e+00	7.502444756397158056e-03
1.940000000000000000e+02	2.971564708846807963e-03	1.801150556332248021e-01	2.236552900307754721e-01	2.000000000000000111e-01	1.199999999999999956e+00	2.211733283443096179e-02
1.950000000000000000e+02	2.359320805525442610e-03	4.058574973382376716e-01	-3.946050310691135987e-01	2.000000000000000111e-01	1.199999999999999956e+00	5.125645586939806507e-03
1.960000000000000000e+02	-7.156673636301786115e-03	4.885423573452493118e-01	-5.473682955386012239e-01	2.000000000000000111e-01	1.199999999999999956e+00	6.830819017764701295e-03
1.970000000000000000e+02	1.406059390249285446e-03	7.220291614481280651e-02	5.395633147163884091e-01	2.000000000000000111e-01	1.199999999999999956e+00	4.790220674638516474e-03
1.980000000000000000e+02	7.271659605910042387e-03	2.453297649620557463e-01	-5.164924157183378023e-02	2.000000000000000111e-01	1.199999999999999956e+00	9.091236221446401949e-03
1.990000000000000000e+02	-1.919281789079365762e-03	3.503591063054672383e-01	-3.990296004599975799e-01	2.000000000000000111e-01	1.199999999999999956e+00	3.696411520470456458e-02
2.000000000000000000e+02	2.325647533275187920e-04	2.352994699216487962e-01	-8.485363853759789188e-02	2.000000000000000111e-01	1.199999999999999956e+00	5.557912980382099209e-03
2.010000000000000000e+02	-6.023898246504916926e-03	3.819241900710102500e-01	-8.147159681124364061e-01	2.000000000000000111e-01	1.199999999999999956e+00	3.750616070225679805e-02
2.020000000000000000e+02	1.248594544464368128e-02	2.328835768902233205e-01	-2.183710435743143607e-01	2.000000000000000111e-01	1.199999999999999956e+00	5.692454832395645904e-03
2.030000000000000000e+02	-3.549080485134679420e-03	3.617370390897139965e-01	-3.321180351812102471e-01	2.000000000000000111e-01	1.199999999999999956e+00	1.206357785309044965e-02
2.040000000000000000e+02	-4.724657801718227450e-04	1.746538681766508505e-01	1.779942774049513288e-01	2.000000000000000111e-01	1.199999999999999956e+00	7.216977320480667465e-03
2.050000000000000000e+02	1.444228057606295260e-03	9.700441810808174692e-02	5.095654796599469183e-01	2.000000000000000111e-01	1.199999999999999956e+00	7.104468350407728942e-03
2.060000000000000000e+02	-3.120766594724891808e-03	4.060062306036967272e-01	-2.299285507831299036e-01	2.000000000000000111e-01	1.199999999999999956e+00	9.853924658392571381e-03
2.070000000000000000e+02	1.858524129362015094e-03	2.246051269276878037e-01	-4.305886997335896943e-02	2.000000000000000111e-01	1.199999999999999956e+00	2.622492599518360442e-03
2.080000000000000000e+02	-1.687648790172765903e-03	4.561281048296459417e-01	-4.363083189267035755e-01	2.000000000000000111e-01	1.199999999999999956e+00	1.357383571227545153e-02
2.090000000000000000e+02	1.140970785008159436e-03	1.461293434870782060e-01	3.448097128245027898e-01	2.000000000000000111e-01	1.199999999999999956e+00	5.449717357285089291e-03
2.100000000000000000e+02	-1.074096814373823447e-03	2.638966121219901706e-01	1.566764115065387430e-02	2.000000000000000111e-01	1.199999999999999956e+00	7.593943758224708414e-03
2.110000000000000000e+02	4.264248728794161301e-03	1.959181768365132192e-01	5.567563473853266720e-02	2.000000000000000111e-01	1.199999999999999956e+00	3.905525237801149834e-03
2.120000000000000000e+02	6.536327589330774264e-04	1.458328641505328427e-01	2.813193228057243589e-01	2.000000000000000111e-01	1.199999999999999956e+00	9.334225018945232349e-03
2.130000000000000000e+02	3.432058100757942772e-03	2.170128469988432396e-01	7.833557785335340529e-02	2.000000000000000111e-01	1.199999999999999956e+00	7.994971030575752022e-03
2.140000000000000000e+02	6.518857072694882529e-04	8.982428500531908222e-02	5.110182133154367312e-01	2.000000000000000111e-01	1.199999999999999956e+00	4.618573306449333740e-03
2.150000000000000000e+02	1.292256778003429783e-03	2.376858257145038900e-01	-1.465350721376722787e-01	2.000000000000000111e-01	1.199999999999999956e+00	3.746772217336980654e-03
2.160000000000000000e+02	7.053847644833381595e-04	3.722566509510569221e-01	-5.233870795038162438e-01	2.000000000000000111e-01	1.199999999999999956e+00	5.893798327247172508e-03
2.170000000000000000e+02	4.452999534429243067e-03	2.401185467027574238e-01	1.857011139890210258e-02	2.000000000000000111e-01	1.199999999999999956e+00	5.496830728797786302e-03
2.180000000000000000e+02	6.254005914188590261e-03	3.198805402603944747e-01	-9.177065019014257752e-01	2.000000000000000111e-01	1.199999999999999956e+00	2.918112805310607745e-03
2.190000000000000000e+02	1.526741426288113828e-03	5.123919712524139386e-02	4.983481606270216968e-01	2.000000000000000111e-01	1.199999999999999956e+00	5.223170119390193981e-03
2.200000000000000000e+02	1.945679680649403448e-03	1.232669875634727630e-01	2.877920319814626926e-01	2.000000000000000111e-01	1.199999999999999956e+00	2.506038756633754711e-03
2.210000000000000000e+02	-4.006189399761798595e-03	4.722840127086039841e-01	-6.705357661787992862e-01	2.000000000000000111e-01	1.199999999999999956e+00	6.029492043545491876e-03
2.220000000000000000e+02	4.774814028586839114e-03	2.037944591633542857e-01	1.732656794636349556e-02	2.000000000000000111e-01	1.199999999999999956e+00	2.225967122002263897e-03
2.230000000000000000e+02	-8.833840728033458961e-03	5.588407167679635412e-01	-7.981082379488717571e-01	2.000000000000000111e-01	1.199999999999999956e+00	6.603298543921353771e-03
2.240000000000000000e+02	2.750468279429644190e-03	4.123161753443718713e-01	-4.516669651981520262e-01	2.000000000000000111e-01	1.199999999999999956e+00	6.720342314006279121e-03
2.250000000000000000e+02	2.560491246766036233e-03	1.689359849168256267e-01	2.104121978463694975e-01	2.000000000000000111e-01	1.199999999999999956e+00	6.116807874156041103e-03
2.260000000000000000e+02	2.575232276241084910e-03	1.043408742857537125e-01	5.526584828391872817e-01	2.000000000000000111e-01	1.199999999999999956e+00	9.082874858273257482e-03
2.270000000000000000e+02	6.899638163900758889e-03	1.670919825102165635e-01	-9.881354205303671812e-02	2.000000000000000111e-01	1.199999999999999956e+00	3.995768658466202806e-03
2.280000000000000000e+02	2.603978818605097185e-03	1.558870901249836127e-01	2.465674707749586358e-01	2.000000000000000111e-01	1.199999999999999956e+00	3.154267211818505539e-03
2.290000000000000000e+02	1.755586353544119063e-03	3.188774092980407593e-01	-1.837794738831959596e-01	2.000000000000000111e-01	1.199999999999999956e+00	9.685397826051409670e-03
2.300000000000000000e+02	4.079241573685884331e-03	1.251855775505072432e-01	3.443220761888531878e-01	2.000000000000000111e-01	1.199999999999999956e+00	6.950147394694618404e-03
2.310000000000000000e+02	4.383804733789493403e-03	2.646087290558605254e-01	-8.944853501488259084e-02	2.000000000000000111e-01	1.199999999999999956e+00	5.878882330693059946e-03
2.320000000000000000e+02	-8.426810363666999799e-04	4.833357122990312726e-01	-6.776065414247050001e-01	2.000000000000000111e-01	1.199999999999999956e+00	1.022066508138341941e-02
2.330000000000000000e+02	-4.405538938911083939e-03	3.049487120410264707e-01	-4.810547736444694689e-01	2.000000000000000111e-01	1.199999999999999956e+00	1.422134105491849321e-01
2.340000000000000000e+02	1.403494422126451121e-03	2.562036202472737223e-01	1.002696474677840510e-01	2.000000000000000111e-01	1.199999999999999956e+00	4.570999535746521000e-03
2.350000000000000000e+02	6.004318081813795130e-03	2.263693124782488117e-02	7.467918893550683501e-01	2.000000000000000111e-01	1.199999999999999956e+00	1.966063456573642967e-02
2.360000000000000000e+02	-1.845858542064006879e-03	3.281239418880995684e-01	1.073941991038667859e-01	2.000000000000000111e-01	1.199999999999999956e+00	9.938230492693664667e-03
2.370000000000000000e+02	-4.001666553027800064e-05	1.589766489463498300e-01	3.498635906617595381e-01	2.000000000000000111e-01	1.199999999999999956e+00	1.057352629224483920e-02
2.380000000000000000e+02	2.117219444753594675e-03	1.490832573676046935e-01	3.271341118942064363e-01	2.000000000000000111e-01	1.199999999999999956e+00	5.856782560412799980e-03
2.390000000000000000e+02	1.542361810049811205e-03	2.766059049190231489e-01	-7.550461991294271646e-02	2.000000000000000111e-01	1.199999999999999956e+00	6.969823275468389409e-03
2.400000000000000000e+02	1.624706513329172855e-03	9.735298255158353342e-02	4.568557995107220826e-01	2.000000000000000111e-01	1.199999999999999956e+00	5.553783717114226144e-03
2.410000000000000000e+02	8.089605427660661804e-03	1.111339883179354032e-01	2.537285052279163455e-01	2.000000000000000111e-01	1.199999999999999956e+00	6.768662484538440563e-03
2.420000000000000000e+02	1.453842637940375550e-03	9.860485122182401085e-02	3.918574697082188862e-01	2.000000000000000111e-01	1.199999999999999956e+00	3.700313651482332270e-03
2.430000000000000000e+02	1.288149388446050217e-03	8.443366441388609756e-02	4.700604754376356276e-01	2.000000000000000111e-01	1.199999999999999956e+00	3.913786365484861821e-03
2.440000000000000000e+02	1.691286199751358861e-03	3.279324982449529635e-01	-3.201403497971713197e-01	2.000000000000000111e-01	1.199999999999999956e+00	9.086411462071095763e-03
2.450000000000000000e+02	1.209053628550097901e-03	2.333350928623916520e-01	-4.233128744751805950e-02	2.000000000000000111e-01	1.199999999999999956e+00	3.408711214565339053e-03
2.460000000000000000e+02	-1.097870774612701855e-02	8.336981314227941420e-01	-2.111336556165102518e+00	2.000000000000000111e-01	1.199999999999999956e+00	7.286979652609906939e-03
2.470000000000000000e+02	5.331390699835038098e-03	6.095108071426406926e-02	6.484344122793163079e-01	2.000000000000000111e-01	1.199999999999999956e+00	2.112621076200140238e-02
2.480000000000000000e+02	3.064046106003475052e-03	1.114124887307868378e-01	4.421800538013407333e-01	2.000000000000000111e-01	1.199999999999999956e+00	8.014082463700502104e-03
2.490000000000000000e+02	1.481698975743339294e-02	2.305798765759687063e-01	-1.233829349015839599e-01	2.000000000000000111e-01	1.199999999999999956e+00	6.168544038662204278e-03
2.500000000000000000e+02	-8.990453989661684880e-03	4.783495443907293532e-01	-1.189169185289851383e+00	2.000000000000000111e-01	1.199999999999999956e+00	2.355451749438758000e-02
2.510000000000000000e+02	-1.912956266771913315e-04	1.716560414639897170e-01	3.987112045554649237e-02	2.000000000000000111e-01	1.199999999999999956e+00	8.935446740828799014e-03
2.520000000000000000e+02	1.620897313903217705e-03	8.292626017310880671e-02	5.209849828843613473e-01	2.000000000000000111e-01	1.199999999999999956e+00	6.252680547815576799e-03
2.530000000000000000e+02	4.414840775415517990e-03	8.655480976671678373e-02	5.710347772017382306e-01	2.000000000000000111e-01	1.199999999999999956e+00	1.876192976832121231e-02
2.540000000000000000e+02	-2.707862645837985136e-05	2.568778869012302568e-01	7.272820442301970723e-02	2.000000000000000111e-01	1.199999999999999956e+00	6.769706917698348203e-03
2.550000000000000000e+02	4.449471598527922518e-03	3.039154133910142996e-01	-4.946121201960099745e-01	2.000000000000000111e-01	1.199999999999999956e+00	3.407192458868299554e-03
2.560000000000000000e+02	1.319853284855516734e-03	1.388318920021318348e-01	3.506910419680902002e-01	2.000000000000000111e-01	1.199999999999999956e+00	4.034498110164267543e-03
2.570000000000000000e+02	-1.121693735068720124e-02	6.110907066612030203e-01	-8.926483354410922333e-01	2.000000000000000111e-01	1.199999999999999956e+00	7.114151779906733794e-03
2.580000000000000000e+02	7.712946624978447288e-04	1.407855760425372471e-01	3.771309648680715720e-01	2.000000000000000111e-01	1.199999999999999956e+00	1.033646218668606183e-02
2.590000000000000000e+02	2.479619706180499674e-03	9.254601053066509320e-02	4.116145357431027496e-01	2.000000000000000111e-01	1.199999999999999956e+00	3.455463187351118758e-03
2.600000000000000000e+02	2.863669054837781995e-03	2.228434030312457514e-01	-2.900000741742908214e-02	2.000000000000000111e-01	1.199999999999999956e+00	7.621242868606363345e-03
2.610000000000000000e+02	4.323619313567598002e-03	2.064914629348839903e-01	-2.235016242485667881e-01	2.000000000000000111e-01	1.199999999999999956e+00	3.783521138369807992e-03
2.620000000000000000e+02	2.230190367767599961e-04	1.192005737604794197e-01	4.265399082334310754e-01	2.000000000000000111e-01	1.199999999999999956e+00	1.000674694805435416e-02
2.630000000000000000e+02	3.284650935942678681e-04	1.311489434693840772e-01	2.803457854698686025e-01	2.000000000000000111e-01	1.199999999999999956e+00	1.066918810210183526e-02
2.640000000000000000e+02	8.518346503087546168e-05	1.790673302176770398e-01	8.661042664734508456e-02	2.000000000000000111e-01	1.199999999999999956e+00	4.639464579383723551e-03
2.650000000000000000e+02	-4.733434030163584968e-04	3.172373816264003055e-01	-2.776999517683844121e-01	2.000000000000000111e-01	1.199999999999999956e+00	9.017614672882118265e-03
2.660000000000000000e+02	1.292540128374862832e-03	6.438980803563393307e-02	6.308927345136724485e-01	2.000000000000000111e-01	1.199999999999999956e+00	1.154769362437294347e-02
2.670000000000000000e+02	1.668464326423504691e-03	1.280703986566482655e-01	3.857443827272199477e-01	2.000000000000000111e-01	1.199999999999999956e+00	1.196308938338988027e-02
2.680000000000000000e+02	4.796653446782128336e-03	4.590565191660656574e-01	-7.252177434315768556e-01	2.000000000000000111e-01	1.199999999999999956e+00	1.181673667139584646e-02
2.690000000000000000e+02	1.342841413223400159e-03	1.083776038620501564e-01	5.055251033262736504e-01	2.000000000000000111e-01	1.199999999999999956e+00	6.367288283401451206e-03
2.700000000000000000e+02	1.843676096482614038e-03	2.347776354444187641e-01	1.596866591616500630e-01	2.000000000000000111e-01	1.199999999999999956e+00	1.240382732113191368e-02
2.710000000000000000e+02	1.401597069794335544e-03	1.853862687852974034e-01	1.822177890350237806e-01	2.000000000000000111e-01	1.199999999999999956e+00	7.816368057799522734e-03
2.720000000000000000e+02	1.616162004432951599e-03	2.035418401070802075e-01	5.657692526234073260e-02	2.000000000000000111e-01	1.199999999999999956e+00	3.606952881071425528e-03
2.730000000000000000e+02	7.139183946982676854e-04	1.491821124098285933e-01	4.173446481656482576e-01	2.000000000000000111e-01	1.199999999999999956e+00	6.419493557439626651e-03
2.740000000000000000e+02	2.682721974391207801e-03	1.316512653025009583e-01	3.545988795685305894e-01	2.000000000000000111e-01	1.199999999999999956e+00	6.621802248218617952e-03
2.750000000000000000e+02	3.099336441736671825e-03	2.215110439660628039e-01	2.223398345655509811e-01	2.000000000000000111e-01	1.199999999999999956e+00	1.239522768201077770e-02
2.760000000000000000e+02	-8.320264085808334788e-04	3.104072528376420337e-01	-2.124751008346921488e-01	2.000000000000000111e-01	1.199999999999999956e+00	8.069546539761756482e-03
2.770000000000000000e+02	-3.614471317901625774e-03	3.358344561531451111e-01	-7.757854088883111565e-01	2.000000000000000111e-01	1.199999999999999956e+00	4.782673853670087183e-02
2.780000000000000000e+02	2.668371549802693501e-03	2.156875750287625543e-02	8.086451669919236807e-01	2.000000000000000111e-01	1.199999999999999956e+00	1.669408436074436980e-02
2.790000000000000000e+02	1.731448849816957271e-03	1.470688402884894608e-01	2.115783936035896262e-01	2.000000000000000111e-01	1.199999999999999956e+00	5.142353461466925117e-03
2.800000000000000000e+02	4.546103790811171228e-04	1.683456275958296333e-01	2.031217177162670529e-01	2.000000000000000111e-01	1.199999999999999956e+00	5.692599048023340089e-03
2.810000000000000000e+02	6.684262381508484369e-03	3.854246288016053845e-01	-7.437514462223914213e-01	2.000000000000000111e-01	1.199999999999999956e+00	1.904418121493031734e-03
2.820000000000000000e+02	2.398431175505149823e-03	1.880537144027530361e-01	3.078633576954457607e-01	2.000000000000000111e-01	1.199999999999999956e+00	2.768347906914770274e-03
2.830000000000000000e+02	9.581566906928443280e-04	3.087312447723192799e-01	-1.141198102193110853e-01	2.000000000000000111e-01	1.199999999999999956e+00	7.719596843842178001e-03
2.840000000000000000e+02	2.226243153777329557e-03	1.027250538733077284e-01	3.321421873644903600e-01	2.000000000000000111e-01	1.199999999999999956e+00	3.131625265127610698e-03
2.850000000000000000e+02	1.183820180217872234e-03	7.708451728302746775e-02	5.885505751168728095e-01	2.000000000000000111e-01	1.199999999999999956e+00	6.020301501854040567e-03
2.860000000000000000e+02	1.116693415548575784e-03	9.997522597753467910e-02	4.229687996443348696e-01	2.000000000000000111e-01	1.199999999999999956e+00	5.076137430929397731e-03
2.870000000000000000e+02	-3.211700986636309860e-06	2.353068083234269303e-01	-1.004497906212807323e-01	2.000000000000000111e-01	1.199999999999999956e+00	5.405620295541340402e-03
2.880000000000000000e+02	1.226544499393963504e-04	2.370331606640906363e-01	2.104627495408986637e-01	2.000000000000000111e-01	1.199999999999999956e+00	8.615761000418404453e-03
2.890000000000000000e+02	-8.581719170167726937e-03	6.086801660820384541e-01	-9.532126803606119081e-01	2.000000000000000111e-01	1.199999999999999956e+00	7.349409915011069841e-03
2.900000000000000000e+02	-9.906176579254630851e-04	2.374639781985023457e-01	1.310088502523924225e-01	2.000000000000000111e-01	1.199999999999999956e+00	8.502999017938406637e-03
2.910000000000000000e+02	1.410719546103560108e-03	9.419029720052754517e-02	4.342628583270938813e-01	2.000000000000000111e-01	1.199999999999999956e+00	3.350779131426172373e-03
2.920000000000000000e+02	2.903735368486800705e-03	6.735544488374356487e-02	5.197636782105338193e-01	2.000000000000000111e-01	1.199999999999999956e+00	1.194030872965845189e-02
2.930000000000000000e+02	3.448039794831115820e-03	6.109435687775168627e-02	5.702827526513786216e-01	2.000000000000000111e-01	1.199999999999999956e+00	2.082880923787753039e-02
2.940000000000000000e+02	2.489683861994506503e-03	1.205697484452077084e-01	2.622819973761150170e-01	2.000000000000000111e-01	1.199999999999999956e+00	6.557872925994336945e-03
2.950000000000000000e+02	5.266727659540805994e-04	1.049827964987405660e-01	4.735779805148458976e-01	2.000000000000000111e-01	1.199999999999999956e+00	6.991822422369524739e-03
2.960000000000000000e+02	2.967900518330750161e-03	1.257798989353865471e-01	1.797220188136788022e-01	2.000000000000000111e-01	1.199999999999999956e+00	9.978738896521286914e-03
2.970000000000000000e+02	-3.614223456533430592e-03	3.816013293516851146e-01	-2.788447859701085330e-01	2.000000000000000111e-01	1.199999999999999956e+00	9.249559740058461640e-03
2.980000000000000000e+02	1.693740126111061917e-03	8.005527237327274281e-02	5.716148800373992422e-01	2.000000000000000111e-01	1.199999999999999956e+00	8.178782708520631814e-03
2.990000000000000000e+02	3.833570923304194071e-03	2.004798132267448241e-01	1.563457162140250156e-01	2.000000000000000111e-01	1.199999999999999956e+00	7.388668135043014243e-03
3.000000000000000000e+02	2.703796157126707542e-03	7.439620140827082895e-02	5.702375362613152365e-01	2.000000000000000111e-01	1.199999999999999956e+00	6.689670051328761545e-03
3.010000000000000000e+02	-1.230598843628230598e-04	1.637794913763146731e-01	4.478760662228533640e-01	2.000000000000000111e-01	1.199999999999999956e+00	1.071873453250515862e-02
3.020000000000000000e+02	-3.962266381386979276e-04	2.004168887388948217e-01	2.247361060316628578e-01	2.000000000000000111e-01	1.199999999999999956e+00	8.007801104211807741e-03
3.030000000000000000e+02	1.389799843502569597e-03	1.373122837579086319e-01	2.129976811541955950e-01	2.000000000000000111e-01	1.199999999999999956e+00	4.152818529484536038e-03
3.040000000000000000e+02	1.113440384157854228e-03	5.228781948507424393e-02	5.333186085126877529e-01	2.000000000000000111e-01	1.199999999999999956e+00	4.737404166466966694e-03
3.050000000000000000e+02	1.999085807117124709e-03	1.333771375425092942e-01	2.405308794147737184e-01	2.000000000000000111e-01	1.199999999999999956e+00	4.060610956881372836e-03
3.060000000000000000e+02	1.866855660945077261e-03	1.302867991349707932e-01	2.434681779918042854e-01	2.000000000000000111e-01	1.199999999999999956e+00	3.696528395886516417e-03
3.070000000000000000e+02	2.012371647001656889e-03	1.016143175419278732e-01	5.444904499259212161e-01	2.000000000000000111e-01	1.199999999999999956e+00	1.207252275885638097e-02
3.080000000000000000e+02	2.134016617502679984e-04	2.031962107660905681e-01	1.023226663066946068e-01	2.000000000000000111e-01	1.199999999999999956e+00	5.942627534450279844e-03
3.090000000000000000e+02	1.994572287150574164e-03	2.202647761673333648e-01	-1.727349392993677082e-02	2.000000000000000111e-01	1.199999999999999956e+00	5.990918538750213303e-03
3.100000000000000000e+02	1.418516270336448847e-03	1.049017423044155684e-01	4.567873111760960003e-01	2.000000000000000111e-01	1.199999999999999956e+00	7.687322730332822769e-03
3.110000000000000000e+02	6.094584803336965638e-03	1.234502005442760647e-01	4.069392280315770050e-01	2.000000000000000111e-01	1.199999999999999956e+00	1.394885157104762234e-02
3.120000000000000000e+02	-2.596334087447712755e-03	2.287776919100756035e-01	-3.028600428636726849e-01	2.000000000000000111e-01	1.199999999999999956e+00	4.433676356911607497e-02
3.130000000000000000e+02	4.101945191739914814e-03	8.525982558540570744e-02	5.284650103350913009e-01	2.000000000000000111e-01	1.199999999999999956e+00	7.585685326209785743e-03
3.140000000000000000e+02	2.033837291258759280e-04	2.198988707207328863e-01	4.092729830760433868e-02	2.000000000000000111e-01	1.199999999999999956e+00	7.172905246359361983e-03
3.150000000000000000e+02	4.583680739706967686e-04	1.806870434553480564e-01	2.865087488646240188e-01	2.000000000000000111e-01	1.199999999999999956e+00	7.148941454350100748e-03
3.160000000000000000e+02	1.298250308243985600e-03	1.634207587812115392e-01	1.991649449408474937e-01	2.000000000000000111e-01	1.199999999999999956e+00	4.670985787911502429e-03
3.170000000000000000e+02	2.730660247497497962e-03	1.865463889574096590e-01	1.301229745755414502e-01	2.000000000000000111e-01	1.199999999999999956e+00	6.255868583310409889e-03
3.180000000000000000e+02	3.794153977093328751e-03	1.304664974030688707e-01	3.586380492805325004e-01	2.000000000000000111e-01	1.199999999999999956e+00	6.733166615181882496e-03
3.190000000000000000e+02	3.026499378979726276e-03	1.986864595008157874e-01	4.645104520528278713e-02	2.000000000000000111e-01	1.199999999999999956e+00	2.312715177833137882e-03
3.200000000000000000e+02	3.927989894777928620e-04	3.409705347006242726e-01	-1.000831934444499915e-01	2.000000000000000111e-01	1.199999999999999956e+00	1.105349329966963910e-02
3.210000000000000000e+02	-6.541922751772984504e-03	3.950932143474681912e-01	-6.757372059138125886e-01	2.000000000000000111e-01	1.199999999999999956e+00	3.129040366803314405e-02
3.220000000000000000e+02	2.137624941429040054e-03	1.078557719121564229e-01	5.361989929747923433e-01	2.000000000000000111e-01	1.199999999999999956e+00	1.841198434901978806e-02
3.230000000000000000e+02	1.189136179948217060e-03	8.412765594784710199e-02	4.886109752970491660e-01	2.000000000000000111e-01	1.199999999999999956e+00	7.454079954727464360e-03
3.240000000000000000e+02	1.808110247409122412e-03	6.149057729945887202e-02	6.413134920678696949e-01	2.000000000000000111e-01	1.199999999999999956e+00	9.955075042844518593e-03
3.250000000000000000e+02	1.153177846674626915e-03	8.299484995548098154e-02	4.223170907331618706e-01	2.000000000000000111e-01	1.199999999999999956e+00	1.972848801316320292e-03
3.260000000000000000e+02	2.271478939178115004e-03	2.335982834705292721e-01	-4.990902547043143261e-02	2.000000000000000111e-01	1.199999999999999956e+00	8.016351237579001296e-03
3.270000000000000000e+02	1.475986986325982138e-03	4.505382056262878798e-01	-1.227628536780265067e+00	2.000000000000000111e-01	1.199999999999999956e+00	2.934667910526389274e-03
3.280000000000000000e+02	-1.775527258590355994e-03	4.232623937607928322e-01	-5.113065727791752391e-01	2.000000000000000111e-01	1.199999999999999956e+00	5.969398137787613676e-03
3.290000000000000000e+02	-1.742980875314608866e-02	1.086038103542627864e+00	-2.901760431632725457e+00	2.000000000000000111e-01	1.199999999999999956e+00	5.968263432382499289e-03
3.300000000000000000e+02	-3.086261679322746792e-03	2.545326775889560356e-01	-4.233324779787993597e-01	2.000000000000000111e-01	1.199999999999999956e+00	2.951445971327234380e-02
3.310000000000000000e+02	-2.131401546872668459e-03	3.292327388868340199e-01	-5.886888810653983367e-02	2.000000000000000111e-01	1.199999999999999956e+00	8.827395486727793519e-03
3.320000000000000000e+02	4.096353366783205864e-03	3.315286948670793654e-01	-4.566967878689344174e-01	2.000000000000000111e-01	1.199999999999999956e+00	7.741613643386204176e-03
3.330000000000000000e+02	2.740373205666822055e-03	1.375156135597252749e-01	3.724565328231632111e-01	2.000000000000000111e-01	1.199999999999999956e+00	9.579132838719446943e-03
3.340000000000000000e+02	2.226340819977986382e-03	3.298708002218981861e-01	-2.930813057741448735e-01	2.000000000000000111e-01	1.199999999999999956e+00	7.436191316180470676e-03
3.350000000000000000e+02	4.029279738539697474e-03	5.196116457381348697e-02	6.126680147939644883e-01	2.000000000000000111e-01	1.199999999999999956e+00	8.905840181528281926e-03
3.360000000000000000e+02	-1.794831979477958580e-03	2.502271967771763639e-01	2.198483355006513595e-01	2.000000000000000111e-01	1.199999999999999956e+00	9.667782520945222488e-03
3.370000000000000000e+02	8.371058233518538071e-04	1.090589879309976362e-01	4.748067949145372557e-01	2.000000000000000111e-01	1.199999999999999956e+00	8.253319748810088868e-03
3.380000000000000000e+02	1.790079937779679191e-03	3.004061803580919121e-01	-5.562003489027384645e-02	2.000000000000000111e-01	1.199999999999999956e+00	6.170485609535069846e-03
3.390000000000000000e+02	5.205028640043769285e-03	6.570092339102807932e-02	5.470349219545802555e-01	2.000000000000000111e-01	1.199999999999999956e+00	1.848514980513539865e-02
3.400000000000000000e+02	1.363646074193622555e-02	2.416671566113394887e-03	6.715761961879089803e-01	2.000000000000000111e-01	1.199999999999999956e+00	2.391906976607425031e-02
3.410000000000000000e+02	4.822609597045080312e-03	1.302176303107880906e-01	1.083625466250517644e-01	2.000000000000000111e-01	1.199999999999999956e+00	7.693869590387349133e-03
3.420000000000000000e+02	1.224240027209663479e-03	2.748312221538655106e-02	6.645091464147157012e-01	2.000000000000000111e-01	1.199999999999999956e+00	3.802796965575505617e-03
3.430000000000000000e+02	-8.103953488166503643e-04	2.411319855912079646e-01	-1.438965050602754037e-01	2.000000000000000111e-01	1.199999999999999956e+00	2.401661089353184387e-03
3.440000000000000000e+02	9.304247173850145949e-03	1.587779971628198172e-01	1.397447691694595762e-01	2.000000000000000111e-01	1.199999999999999956e+00	5.501104839092794095e-03
3.450000000000000000e+02	-2.849410157350644912e-04	2.816724758381374816e-01	3.967064940848174376e-02	2.000000000000000111e-01	1.199999999999999956e+00	8.876501427659272761e-03
3.460000000000000000e+02	7.817608543298690954e-03	1.626204517671442085e-01	9.619611241641731758e-02	2.000000000000000111e-01	1.199999999999999956e+00	5.014188705604307773e-03
3.470000000000000000e+02	1.352265891419662759e-03	1.799795763822488182e-01	2.532196099240833220e-01	2.000000000000000111e-01	1.199999999999999956e+00	6.439244964420694564e-03
3.480000000000000000e+02	1.669924754445674267e-03	6.750177980753145623e-02	6.128306583915233974e-01	2.000000000000000111e-01	1.199999999999999956e+00	7.327885313942622027e-03
3.490000000000000000e+02	-3.753880191460501337e-04	2.021801944347235980e-01	2.095148672216950447e-01	2.000000000000000111e-01	1.199999999999999956e+00	1.395543299919004172e-02
3.500000000000000000e+02	2.204047502785386452e-03	1.635431402441853976e-01	1.891570733500380075e-01	2.000000000000000111e-01	1.199999999999999956e+00	4.865396324980041272e-03
3.510000000000000000e+02	-2.026703132563760675e-03	2.270169852578506897e-01	-4.717180710061580906e-01	2.000000000000000111e-01	1.199999999999999956e+00	5.079169081114175144e-02
3.520000000000000000e+02	1.089977069589127216e-03	3.436632314658031873e-01	-4.118105842320105014e-02	2.000000000000000111e-01	1.199999999999999956e+00	4.249661366096119629e-03
3.530000000000000000e+02	-5.087790119829955441e-04	1.032522640384670592e-01	2.650657189204539965e-01	2.000000000000000111e-01	1.199999999999999956e+00	1.129754015219014418e-02
3.540000000000000000e+02	-1.668975041094835656e-04	3.594030577340779908e-01	-3.164209678077613552e-01	2.000000000000000111e-01	1.199999999999999956e+00	6.330324380860238333e-03
3.550000000000000000e+02	2.185569904173140926e-03	1.721602162817078563e-01	3.891807604385805752e-01	2.000000000000000111e-01	1.199999999999999956e+00	1.020127579143672268e-02
3.560000000000000000e+02	3.491831800179152684e-04	2.308305344457863839e-01	1.454322759470163817e-01	2.000000000000000111e-01	1.199999999999999956e+00	1.410719535748579910e-02
3.570000000000000000e+02	4.536863454045868965e-04	5.895347049479970902e-01	-9.797885652041139481e-01	2.000000000000000111e-01	1.199999999999999956e+00	7.844790706475679096e-03
3.580000000000000000e+02	5.982613259985510674e-04	1.322525293231379961e-01	4.752087857598291110e-01	2.000000000000000111e-01	1.199999999999999956e+00	1.173421465189582354e-02
3.590000000000000000e+02	2.283341213633230827e-03	1.704228210504633301e-01	1.620297942371735633e-01	2.000000000000000111e-01	1.199999999999999956e+00	5.420351513734051295e-03
3.600000000000000000e+02	1.233127231655462052e-03	1.477501159468411485e-01	-1.061367706154695348e-02	2.000000000000000111e-01	1.199999999999999956e+00	3.116280124345972239e-03
3.610000000000000000e+02	4.940266707284281938e-03	1.314883669876189265e-01	2.825821632236635850e-01	2.000000000000000111e-01	1.199999999999999956e+00	3.232516919596393774e-03
3.620000000000000000e+02	2.241749953987905077e-03	2.558987319001741756e-02	6.951063694763590650e-01	2.000000000000000111e-01	1.199999999999999956e+00	7.782537953940888917e-03
3.630000000000000000e+02	2.474039952816070760e-03	3.885030097747682598e-01	-3.656533602173454023e-01	2.000000000000000111e-01	1.199999999999999956e+00	7.613619231416931046e-03
3.640000000000000000e+02	3.187246049682576545e-03	1.055216523266287593e-01	5.208173819443002728e-01	2.000000000000000111e-01	1.199999999999999956e+00	1.796659380654991311e-02
3.650000000000000000e+02	4.606252149277596276e-03	3.437976121393310908e-02	6.128355615388862976e-01	2.000000000000000111e-01	1.199999999999999956e+00	1.200427398405256620e-02
3.660000000000000000e+02	-2.987860646555695002e-03	2.807171963516192914e-01	-5.640189878339229024e-01	2.000000000000000111e-01	1.199999999999999956e+00	3.832491688538225416e-02
3.670000000000000000e+02	-1.022130613251932526e-03	1.541208449835985705e-01	-2.226071880795278679e-02	2.000000000000000111e-01	1.199999999999999956e+00	5.397832051735692444e-02
3.680000000000000000e+02	9.464363285117921402e-04	2.229234273332548200e-01	3.852796366097964442e-02	2.000000000000000111e-01	1.199999999999999956e+00	5.916382910675825092e-03
3.690000000000000000e+02	1.701080715860391794e-03	9.237027731170999179e-02	4.598260499690366987e-01	2.000000000000000111e-01	1.199999999999999956e+00	9.644910433560752866e-03
3.700000000000000000e+02	-2.221997946537085118e-03	3.563193983501757311e-01	-3.172077737262794517e-01	2.000000000000000111e-01	1.199999999999999956e+00	8.849419859967091323e-03
3.710000000000000000e+02	1.565606570321244426e-03	5.909463132773712379e-02	5.286619572506358056e-01	2.000000000000000111e-01	1.199999999999999956e+00	6.984718287971545918e-03
3.720000000000000000e+02	9.123244865494986632e-04	1.896848916870573776e-01	-2.539927781596085579e-02	2.000000000000000111e-01	1.199999999999999956e+00	3.366574311789795153e-03
3.730000000000000000e+02	4.932547603750167715e-03	1.174702661823092131e-01	3.514269244751323518e-01	2.000000000000000111e-01	1.199999999999999956e+00	1.112111546075870462e-02
3.740000000000000000e+02	1.497944028569783009e-03	1.633197355466982359e-01	2.354124200118302146e-01	2.000000000000000111e-01	1.199999999999999956e+00	7.209120471466461642e-03
3.750000000000000000e+02	1.097462233510121182e-03	2.016441456925383013e-01	2.226638513196317615e-01	2.000000000000000111e-01	1.199999999999999956e+00	1.060419195801990365e-02
3.760000000000000000e+02	2.283040714586760927e-03	1.477703944991746177e-01	3.530194534701489584e-01	2.000000000000000111e-01	1.199999999999999956e+00	8.465411352086700883e-03
3.770000000000000000e+02	9.642097409470300196e-04	1.165854668143774253e-01	4.528030765132349811e-01	2.000000000000000111e-01	1.199999999999999956e+00	7.701967514517729305e-03
3.780000000000000000e+02	3.339502804970875382e-03	2.153935330366397449e-01	1.763943143350587550e-01	2.000000000000000111e-01	1.199999999999999956e+00	6.664493237632766395e-03
3.790000000000000000e+02	-3.759613487412061857e-03	4.595517876963908788e-01	-3.742198185368775243e-01	2.000000000000000111e-01	1.199999999999999956e+00	9.384413077597278732e-03
3.800000000000000000e+02	2.132410697461212864e-03	1.086343352774917781e-01	5.533388994509719216e-01	2.000000000000000111e-01	1.199999999999999956e+00	1.544062387698109766e-02
3.810000000000000000e+02	6.080312031161345682e-04	1.689251374572657838e-01	3.235923120496619898e-01	2.000000000000000111e-01	1.199999999999999956e+00	8.074253924896806697e-03
3.820000000000000000e+02	1.164033333103602725e-03	4.902101212521481344e-02	5.716145026471473045e-01	2.000000000000000111e-01	1.199999999999999956e+00	5.117040262177100125e-03
3.830000000000000000e+02	-8.529013392062794775e-04	2.753600268607296342e-01	-5.291496412255281695e-02	2.000000000000000111e-01	1.199999999999999956e+00	9.090163690749242589e-03
