0.000000000000000000e+00	4.299942152644591585e-03	4.641614034022840118e-01	-3.988458863915194108e-01	2.000000000000000111e-01	1.199999999999999956e+00	6.761988076030505702e-03
1.000000000000000000e+00	2.353700615784388561e-03	4.856364678871147311e-02	5.663484378369518790e-01	2.000000000000000111e-01	1.199999999999999956e+00	5.085650242256878339e-03
2.000000000000000000e+00	2.111477823007561899e-03	1.614004395434091021e-01	2.396560817706898661e-01	2.000000000000000111e-01	1.199999999999999956e+00	6.311333901197839144e-03
3.000000000000000000e+00	1.369575114049228874e-03	1.742633376714352311e-01	3.027694665585647371e-01	2.000000000000000111e-01	1.199999999999999956e+00	8.260378616025109907e-03
4.000000000000000000e+00	-6.795896499177892652e-03	4.083346329483273918e-01	-8.342691898152239105e-01	2.000000000000000111e-01	1.199999999999999956e+00	3.858818172777254280e-02
5.000000000000000000e+00	4.206760741391086904e-03	4.444679089612993406e-01	-6.023914282463902481e-01	2.000000000000000111e-01	1.199999999999999956e+00	1.041184289371031683e-02
6.000000000000000000e+00	9.744797654317401830e-03	9.532069924147691664e-02	4.654107690772468775e-01	2.000000000000000111e-01	1.199999999999999956e+00	9.010052449871996591e-03
7.000000000000000000e+00	-3.192978276123823421e-03	4.095945528847393935e-01	-3.352372651090922417e-01	2.000000000000000111e-01	1.199999999999999956e+00	4.058024291823738271e-03
8.000000000000000000e+00	1.084812658570378239e-03	1.146449323679677446e-01	4.459414811822579594e-01	2.000000000000000111e-01	1.199999999999999956e+00	5.728624418343828198e-03
9.000000000000000000e+00	1.006730487008782211e-03	9.695200465140568769e-02	5.066993403943249596e-01	2.000000000000000111e-01	1.199999999999999956e+00	5.529814890831101677e-03
1.000000000000000000e+01	2.785437207452810555e-03	9.359656775980540466e-02	4.633857899624922450e-01	2.000000000000000111e-01	1.199999999999999956e+00	5.252661517312633317e-03
1.100000000000000000e+01	4.083271163073811695e-03	7.902200744620670181e-02	4.135514346220796611e-01	2.000000000000000111e-01	1.199999999999999956e+00	4.290237430665247084e-03
1.200000000000000000e+01	3.019081242245779274e-04	1.523253630444408036e-01	2.795701862772022039e-01	2.000000000000000111e-01	1.199999999999999956e+00	2.783303550939706609e-03
1.300000000000000000e+01	2.147930374254510184e-04	3.323703212301057364e-01	-1.221293764361117695e-01	2.000000000000000111e-01	1.199999999999999956e+00	3.459522930894752806e-03
1.400000000000000000e+01	-1.103106505864293778e-03	2.127052066105698525e-01	4.905698009407721827e-02	2.000000000000000111e-01	1.199999999999999956e+00	3.772166865766121008e-02
1.500000000000000000e+01	-7.801788874235374019e-05	2.805397976053842779e-01	5.275337612616182170e-02	2.000000000000000111e-01	1.199999999999999956e+00	1.012940864020724606e-02
1.600000000000000000e+01	3.158824562202532538e-03	1.252231893594034917e-01	3.749967975724686209e-01	2.000000000000000111e-01	1.199999999999999956e+00	6.099231872374702088e-03
1.700000000000000000e+01	1.812196409439996306e-03	1.268709353529533235e-01	3.298875397534177800e-01	2.000000000000000111e-01	1.199999999999999956e+00	2.982537531222407157e-03
1.800000000000000000e+01	2.910182796542304211e-03	1.629002331644179846e-01	2.404207547299961334e-01	2.000000000000000111e-01	1.199999999999999956e+00	2.375945256545789787e-03
1.900000000000000000e+01	1.306443765901094730e-03	1.034996643527426735e-01	4.765394221634369210e-01	2.000000000000000111e-01	1.199999999999999956e+00	4.176911282389586706e-03
2.000000000000000000e+01	7.339245044980654501e-04	1.066555802928126906e-01	5.156412595741866056e-01	2.000000000000000111e-01	1.199999999999999956e+00	3.007096047791685874e-03
2.100000000000000000e+01	2.319495774063257045e-03	3.100590488890906174e-02	6.704706479315671874e-01	2.000000000000000111e-01	1.199999999999999956e+00	1.103591413140054753e-02
2.200000000000000000e+01	1.911493817070506742e-03	8.080476953721886513e-02	5.245473153947444178e-01	2.000000000000000111e-01	1.199999999999999956e+00	5.028039490720094540e-03
2.300000000000000000e+01	5.551188511742364932e-03	8.906402196018575745e-02	4.197421290049758724e-01	2.000000000000000111e-01	1.199999999999999956e+00	6.764039544147163428e-03
2.400000000000000000e+01	4.403465784755264747e-03	1.381164063714582502e-01	1.648154774877754747e-01	2.000000000000000111e-01	1.199999999999999956e+00	6.322254199988737618e-03
2.500000000000000000e+01	9.360074577302082135e-04	1.651812651190931736e-01	2.645912642173291474e-01	2.000000000000000111e-01	1.199999999999999956e+00	5.078086842994432824e-03
2.600000000000000000e+01	2.885852777316007516e-03	2.231579625634301858e-02	7.392184722808086139e-01	2.000000000000000111e-01	1.199999999999999956e+00	8.621239014997931008e-03
2.700000000000000000e+01	4.305030233931760736e-03	2.951878158628550367e-02	6.489972189913053580e-01	2.000000000000000111e-01	1.199999999999999956e+00	1.239837911920757020e-02
2.800000000000000000e+01	2.079997883390543971e-03	3.736228841429703462e-02	6.396255873527708635e-01	2.000000000000000111e-01	1.199999999999999956e+00	5.337814427281532825e-03
2.900000000000000000e+01	1.205492195113846976e-02	4.029150453612282967e-01	-2.704972257345823472e-01	2.000000000000000111e-01	1.199999999999999956e+00	4.075008607832831566e-03
3.000000000000000000e+01	-4.110553327890675845e-03	4.535756392645155510e-01	-4.208250704362752614e-01	2.000000000000000111e-01	1.199999999999999956e+00	6.884087756548481520e-03
3.100000000000000000e+01	1.628784771702234107e-03	4.572420463061001999e-02	5.472569144683803177e-01	2.000000000000000111e-01	1.199999999999999956e+00	3.861303360271808871e-03
3.200000000000000000e+01	6.262646271435965036e-03	1.333650589655325513e-01	2.002267302797395843e-01	2.000000000000000111e-01	1.199999999999999956e+00	6.970383953323971114e-03
3.300000000000000000e+01	8.259034491815768183e-04	5.400651884990664148e-02	5.117681269991380955e-01	2.000000000000000111e-01	1.199999999999999956e+00	2.134642346195937766e-03
3.400000000000000000e+01	4.935005838471807947e-04	9.090232067522059645e-02	4.643165606023553771e-01	2.000000000000000111e-01	1.199999999999999956e+00	1.057389866161412284e-02
3.500000000000000000e+01	3.049009072070229653e-03	1.022416613716690681e-01	3.923322198938656857e-01	2.000000000000000111e-01	1.199999999999999956e+00	4.009418550454038090e-03
3.600000000000000000e+01	1.606304291238114593e-03	1.673927501988430044e-01	2.779304369783184292e-01	2.000000000000000111e-01	1.199999999999999956e+00	7.905139642674214456e-03
3.700000000000000000e+01	6.680846657060362549e-03	1.397032025685175094e-01	3.056189189453755173e-01	2.000000000000000111e-01	1.199999999999999956e+00	8.110461360671691530e-03
3.800000000000000000e+01	4.115405488015001821e-04	9.902477885005679659e-02	2.906321778605929218e-01	2.000000000000000111e-01	1.199999999999999956e+00	9.765682581661700931e-03
3.900000000000000000e+01	7.819858718720372557e-04	1.518574395195314286e-01	3.721101329936202795e-01	2.000000000000000111e-01	1.199999999999999956e+00	8.030744161689152769e-03
4.000000000000000000e+01	1.236084193760517320e-03	5.066832232901530980e-02	5.570480401017763317e-01	2.000000000000000111e-01	1.199999999999999956e+00	4.151049377856862524e-03
4.100000000000000000e+01	2.247633182287249280e-03	1.328738759511190470e-01	3.862104171469620262e-01	2.000000000000000111e-01	1.199999999999999956e+00	5.530260143113478917e-03
4.200000000000000000e+01	-1.770576925634395789e-03	2.017678465375894181e-01	-4.888736161972229155e-01	2.000000000000000111e-01	1.199999999999999956e+00	6.405094129833867334e-02
4.300000000000000000e+01	1.071535678014952754e-03	1.292422982924358033e-01	3.870947799251229782e-01	2.000000000000000111e-01	1.199999999999999956e+00	6.447211187767454797e-03
4.400000000000000000e+01	1.933149494780136458e-03	5.576069150327015583e-02	5.987857682707518059e-01	2.000000000000000111e-01	1.199999999999999956e+00	4.949494284769810626e-03
4.500000000000000000e+01	3.756770404137743657e-03	1.112687022550276073e-01	4.285119680244064977e-01	2.000000000000000111e-01	1.199999999999999956e+00	4.361030366029309407e-03
4.600000000000000000e+01	9.518093134531578625e-03	7.910270633429934695e-02	4.879084478843347394e-01	2.000000000000000111e-01	1.199999999999999956e+00	3.494550028174091012e-03
4.700000000000000000e+01	3.528182463647144915e-03	-8.190900706697149458e-04	8.147204364859550463e-01	2.000000000000000111e-01	1.199999999999999956e+00	1.392054675111463989e-02
4.800000000000000000e+01	8.859085198825917586e-04	9.842028910011277332e-02	4.569938317447741483e-01	2.000000000000000111e-01	1.199999999999999956e+00	4.261569513343649480e-03
4.900000000000000000e+01	3.655009656359298371e-03	1.073324188689496750e-01	4.129656977331908063e-01	2.000000000000000111e-01	1.199999999999999956e+00	4.604792491290111804e-03
5.000000000000000000e+01	1.337704877412107269e-03	1.153104658858644799e-01	3.651517017213619098e-01	2.000000000000000111e-01	1.199999999999999956e+00	4.971840122359316196e-03
5.100000000000000000e+01	1.072312076857412079e-04	3.276272762406220451e-01	-2.969490362518381055e-01	2.000000000000000111e-01	1.199999999999999956e+00	9.121381037534475114e-03
5.200000000000000000e+01	2.413136499230639220e-03	2.028379761869398834e-01	2.152981744366564421e-01	2.000000000000000111e-01	1.199999999999999956e+00	1.397477700931678765e-02
5.300000000000000000e+01	4.360852482361119928e-03	3.634312390736949006e-01	-4.354048768316758355e-01	2.000000000000000111e-01	1.199999999999999956e+00	5.637095503593201815e-03
5.400000000000000000e+01	2.194142408140673656e-03	3.246138613256155381e-02	6.120431628920708356e-01	2.000000000000000111e-01	1.199999999999999956e+00	3.223487186449376044e-03
5.500000000000000000e+01	8.081540174567048655e-04	4.639754478864715342e-02	6.184187131538636528e-01	2.000000000000000111e-01	1.199999999999999956e+00	5.426187020377009826e-03
5.600000000000000000e+01	4.741387214322488261e-03	9.798940695751331975e-02	5.217459653446108181e-01	2.000000000000000111e-01	1.199999999999999956e+00	1.362812082662512650e-02
5.700000000000000000e+01	2.960881566513787547e-03	1.171268522695158021e-01	3.283655006217620631e-01	2.000000000000000111e-01	1.199999999999999956e+00	2.589717981348324712e-03
5.800000000000000000e+01	3.419387540438638146e-03	6.557223509406912010e-02	5.874143907641524720e-01	2.000000000000000111e-01	1.199999999999999956e+00	9.028422103764850368e-03
5.900000000000000000e+01	2.945346976993468060e-04	8.155408567791429253e-02	4.945992253510742565e-01	2.000000000000000111e-01	1.199999999999999956e+00	4.660551247561130206e-03
6.000000000000000000e+01	1.647014093568494042e-02	5.489065547040384435e-02	4.445876553907593398e-01	2.000000000000000111e-01	1.199999999999999956e+00	1.548810428037812430e-02
6.100000000000000000e+01	1.675278070937145361e-03	1.313576415301214717e-01	2.841864114303436217e-01	2.000000000000000111e-01	1.199999999999999956e+00	3.719457596565186371e-03
6.200000000000000000e+01	1.468326146946206555e-03	1.210702649484964449e-01	4.276109209851886028e-01	2.000000000000000111e-01	1.199999999999999956e+00	5.029561732191915706e-03
6.300000000000000000e+01	1.792037748277155529e-03	1.754894838122938727e-01	2.688353619617291912e-01	2.000000000000000111e-01	1.199999999999999956e+00	4.990215834092640544e-03
6.400000000000000000e+01	1.738804775287106693e-03	1.146073272260841880e-01	5.384252312218906766e-01	2.000000000000000111e-01	1.199999999999999956e+00	9.628461122972624756e-03
6.500000000000000000e+01	3.172159432688064547e-03	1.270521559456493366e-01	3.775685231114715990e-01	2.000000000000000111e-01	1.199999999999999956e+00	6.861338472470965809e-03
6.600000000000000000e+01	2.098548287738948113e-03	1.416578317481685667e-01	3.625604648171933952e-01	2.000000000000000111e-01	1.199999999999999956e+00	1.225431994354736487e-02
6.700000000000000000e+01	-2.477102629255899680e-03	2.257295425390993815e-01	-1.443085002894894942e-01	2.000000000000000111e-01	1.199999999999999956e+00	2.497080266034515383e-01
6.800000000000000000e+01	5.485909248068515133e-03	2.452014474548201428e-01	-1.949721425828330190e-01	2.000000000000000111e-01	1.199999999999999956e+00	5.496669076990877249e-03
6.900000000000000000e+01	1.965591701730878306e-03	1.156999295588693882e-01	2.496049255756616070e-01	2.000000000000000111e-01	1.199999999999999956e+00	3.156880695104251431e-03
7.000000000000000000e+01	5.543034483778333001e-03	1.481281275899222483e-01	3.638536307463717812e-01	2.000000000000000111e-01	1.199999999999999956e+00	4.105967963978224972e-02
7.100000000000000000e+01	-5.057601149105557439e-04	1.018363279538400945e-01	5.122182593345545598e-01	2.000000000000000111e-01	1.199999999999999956e+00	6.087695916829597570e-02
7.200000000000000000e+01	-4.566398313727961845e-04	2.050289837433608431e-01	5.053464830833664934e-02	2.000000000000000111e-01	1.199999999999999956e+00	5.407119514528336765e-03
7.300000000000000000e+01	-2.763641144974267674e-03	2.727355016687916245e-01	-7.223924514148052367e-01	2.000000000000000111e-01	1.199999999999999956e+00	4.959183169477664188e-02
7.400000000000000000e+01	2.307251522208599893e-03	1.063508418848510967e-01	2.684076734008020715e-01	2.000000000000000111e-01	1.199999999999999956e+00	9.559900522117541558e-03
7.500000000000000000e+01	9.518439278795846501e-04	3.702048991203663042e-02	5.797169458258197849e-01	2.000000000000000111e-01	1.199999999999999956e+00	4.107403076078418661e-03
7.600000000000000000e+01	9.688668559634952635e-04	8.603083829010088612e-02	3.662057269502079215e-01	2.000000000000000111e-01	1.199999999999999956e+00	1.357671407107819425e-03
7.700000000000000000e+01	2.481392258901832064e-03	1.212951942840087421e-01	2.862955915185980693e-01	2.000000000000000111e-01	1.199999999999999956e+00	5.531636795663935277e-03
7.800000000000000000e+01	2.590999268903236997e-03	6.177348853430202069e-02	5.834711429236583147e-01	2.000000000000000111e-01	1.199999999999999956e+00	6.458804627070204203e-03
7.900000000000000000e+01	2.614681493972173271e-03	4.796477232284356712e-02	5.870403661472021195e-01	2.000000000000000111e-01	1.199999999999999956e+00	1.033985880909631117e-02
8.000000000000000000e+01	3.656241216980985875e-03	1.935680324001619879e-01	1.757958837869630919e-01	2.000000000000000111e-01	1.199999999999999956e+00	4.900768420697310113e-03
8.100000000000000000e+01	4.100865647491202561e-03	2.801515263297585934e-01	-1.802626188180989075e-01	2.000000000000000111e-01	1.199999999999999956e+00	3.971198152398190857e-03
8.200000000000000000e+01	1.142481387702415840e-03	1.488969334604808570e-01	3.701325052137631744e-01	2.000000000000000111e-01	1.199999999999999956e+00	5.781484438821789598e-03
8.300000000000000000e+01	1.054289041181123346e-05	2.560846571906177926e-01	6.640215883118205653e-02	2.000000000000000111e-01	1.199999999999999956e+00	3.951691131891183970e-03
8.400000000000000000e+01	6.448424643424055698e-03	6.362070272994424514e-02	5.036220183205589729e-01	2.000000000000000111e-01	1.199999999999999956e+00	4.404022418505103460e-03
8.500000000000000000e+01	1.421516219038953697e-03	9.485657500637650896e-02	4.257303149086220095e-01	2.000000000000000111e-01	1.199999999999999956e+00	3.426777364690685411e-03
8.600000000000000000e+01	1.087020072624596398e-03	1.057224017807652378e-01	3.479185290410429232e-01	2.000000000000000111e-01	1.199999999999999956e+00	2.309634076506411095e-03
8.700000000000000000e+01	1.763481451462729300e-03	5.024910764949484104e-02	5.130282092037867780e-01	2.000000000000000111e-01	1.199999999999999956e+00	3.128521057942740442e-03
8.800000000000000000e+01	5.844647540012244680e-03	1.140347374349513498e-01	3.480288658304699911e-01	2.000000000000000111e-01	1.199999999999999956e+00	4.845136476001462092e-03
8.900000000000000000e+01	1.274652062051016051e-03	1.190913951872648868e-01	4.596692694999089390e-01	2.000000000000000111e-01	1.199999999999999956e+00	3.818807682033696898e-03
9.000000000000000000e+01	3.486416011944770254e-03	4.305125236705449610e-02	6.855557586370913947e-01	2.000000000000000111e-01	1.199999999999999956e+00	8.845684377325371828e-03
9.100000000000000000e+01	3.599045893767233335e-03	1.163105230998760231e-01	3.338900832964812881e-01	2.000000000000000111e-01	1.199999999999999956e+00	6.257590407027864045e-03
9.200000000000000000e+01	2.027997672884349501e-03	2.190194763053415761e-01	-4.167192168325772883e-02	2.000000000000000111e-01	1.199999999999999956e+00	4.650285109361252354e-03
9.300000000000000000e+01	7.639298182361500562e-04	4.940248781167316111e-02	5.646616957962404815e-01	2.000000000000000111e-01	1.199999999999999956e+00	4.349176469452411577e-03
9.400000000000000000e+01	1.264265875214711779e-03	1.013808688439269412e-01	4.710511957182790255e-01	2.000000000000000111e-01	1.199999999999999956e+00	5.573492957271663183e-03
9.500000000000000000e+01	1.864645495550195991e-03	1.115204874426756892e-01	4.433817710402845336e-01	2.000000000000000111e-01	1.199999999999999956e+00	6.588178243260090980e-03
9.600000000000000000e+01	3.252230373416049435e-03	8.180561665523108927e-02	5.304954746353280903e-01	2.000000000000000111e-01	1.199999999999999956e+00	5.540256034923134176e-03
9.700000000000000000e+01	1.272938466190054593e-03	2.390129756046674436e-01	1.253697507053415094e-01	2.000000000000000111e-01	1.199999999999999956e+00	5.369362839856823763e-03
9.800000000000000000e+01	-2.400820358314670593e-03	4.842751281635218619e-01	-4.976450203759315016e-01	2.000000000000000111e-01	1.199999999999999956e+00	3.756357598399820245e-03
9.900000000000000000e+01	1.309189381518628854e-03	2.039809389682499252e-01	2.662905933923878088e-01	2.000000000000000111e-01	1.199999999999999956e+00	8.109797645076922620e-03
1.000000000000000000e+02	1.110007951349319295e-03	1.336790522974584117e-01	3.063873573489792612e-01	2.000000000000000111e-01	1.199999999999999956e+00	2.355796136533889942e-03
1.010000000000000000e+02	2.558576435789719321e-03	2.881646568386899698e-01	-1.175229897551810510e-02	2.000000000000000111e-01	1.199999999999999956e+00	5.278668526834064470e-03
1.020000000000000000e+02	9.488952303488230790e-04	5.206358724617413114e-02	5.044416533735169850e-01	2.000000000000000111e-01	1.199999999999999956e+00	2.396551736603578283e-03
1.030000000000000000e+02	2.945057376379574265e-03	2.516874311669820008e-01	-2.214970157702360609e-01	2.000000000000000111e-01	1.199999999999999956e+00	1.261857436252447487e-03
1.040000000000000000e+02	6.098348732654601013e-03	1.956947077063727891e-01	1.979330702352282145e-01	2.000000000000000111e-01	1.199999999999999956e+00	5.146476715022968440e-03
1.050000000000000000e+02	1.564756167514496895e-03	7.860116243622052024e-02	4.860358779130256046e-01	2.000000000000000111e-01	1.199999999999999956e+00	6.640390384716181142e-03
1.060000000000000000e+02	1.985752455150847050e-03	1.128388355183970321e-01	3.515844061262209941e-01	2.000000000000000111e-01	1.199999999999999956e+00	7.307698307539392014e-03
1.070000000000000000e+02	1.017260620998083551e-03	3.689783168006043890e-01	-2.999469786543191852e-01	2.000000000000000111e-01	1.199999999999999956e+00	2.797530113577722643e-03
1.080000000000000000e+02	2.232560462602243591e-03	1.131310972737172293e-01	2.901814592328193498e-01	2.000000000000000111e-01	1.199999999999999956e+00	4.139491460450009201e-03
1.090000000000000000e+02	6.254266274021124013e-03	-5.893912884827269029e-03	7.910813756224988058e-01	2.000000000000000111e-01	1.199999999999999956e+00	1.463893882398530598e-02
1.100000000000000000e+02	1.265558283632771744e-03	1.383655311596309889e-01	3.872740936306171555e-01	2.000000000000000111e-01	1.199999999999999956e+00	5.535596682387462775e-03
1.110000000000000000e+02	5.279366002582473044e-03	5.435617809954028379e-02	5.844974657588984934e-01	2.000000000000000111e-01	1.199999999999999956e+00	8.158874576143781976e-03
1.120000000000000000e+02	4.575401878028713745e-03	6.749666797275501173e-02	4.971262999757960488e-01	2.000000000000000111e-01	1.199999999999999956e+00	4.953527353184405436e-03
1.130000000000000000e+02	-5.657568198518105572e-03	3.723761270322857864e-01	-6.969722548309915666e-01	2.000000000000000111e-01	1.199999999999999956e+00	2.891458016062033870e-02
1.140000000000000000e+02	2.211252980823476180e-03	1.191565790966992028e-01	4.336743295925429287e-01	2.000000000000000111e-01	1.199999999999999956e+00	8.219854282792281308e-03
1.150000000000000000e+02	-8.868444637893844150e-04	2.575661822528601541e-01	-1.125238296348296529e-02	2.000000000000000111e-01	1.199999999999999956e+00	2.613344384993352386e-03
1.160000000000000000e+02	1.972096066047573665e-03	8.654159452813395270e-02	4.480714636015334928e-01	2.000000000000000111e-01	1.199999999999999956e+00	3.070851607331873036e-03
1.170000000000000000e+02	4.878074749965108717e-03	1.219864835867606467e-01	3.426816727669408369e-01	2.000000000000000111e-01	1.199999999999999956e+00	4.529039718610296597e-03
1.180000000000000000e+02	2.846685679666931734e-04	1.588054722714555000e-01	3.990206431911702545e-01	2.000000000000000111e-01	1.199999999999999956e+00	7.676075679506617726e-03
1.190000000000000000e+02	7.473423296204197326e-03	7.572311868519915334e-02	3.746665900983979780e-01	2.000000000000000111e-01	1.199999999999999956e+00	6.211807555906009339e-03
1.200000000000000000e+02	2.210726853910036094e-03	1.150233137337443173e-01	3.084108306964998825e-01	2.000000000000000111e-01	1.199999999999999956e+00	5.395398403600592217e-03
1.210000000000000000e+02	3.129525359769189888e-03	9.472830314715223465e-02	3.429928335549017326e-01	2.000000000000000111e-01	1.199999999999999956e+00	5.334897702507233712e-03
1.220000000000000000e+02	3.114187805402956165e-03	2.278043899268928849e-02	7.338377601392291893e-01	2.000000000000000111e-01	1.199999999999999956e+00	8.084549487105364626e-03
1.230000000000000000e+02	4.202358746276585780e-04	1.568663694581539647e-01	2.440387503025958083e-01	2.000000000000000111e-01	1.199999999999999956e+00	3.798937340314700178e-02
1.240000000000000000e+02	-5.847421024576412302e-02	1.295012214034169551e+00	-2.976403187794408822e+00	2.000000000000000111e-01	1.199999999999999956e+00	2.215855105108934797e-01
1.250000000000000000e+02	2.174547375522271463e-03	-3.307923915509762558e-03	9.053111024217797009e-01	2.000000000000000111e-01	1.199999999999999956e+00	1.756300919381192580e-02
1.260000000000000000e+02	1.523572777705424746e-03	7.207126706732037980e-02	5.650445331907569813e-01	2.000000000000000111e-01	1.199999999999999956e+00	6.199289058515336862e-03
1.270000000000000000e+02	2.037063469980958646e-03	1.345963908464627434e-01	2.932298787329941092e-01	2.000000000000000111e-01	1.199999999999999956e+00	3.575714641066978384e-03
1.280000000000000000e+02	1.345439420798143866e-03	1.039583158157133952e-01	4.167050800547413836e-01	2.000000000000000111e-01	1.199999999999999956e+00	4.764302294953952528e-03
1.290000000000000000e+02	1.350679707535218377e-03	5.133086505023560370e-02	6.081333541056819225e-01	2.000000000000000111e-01	1.199999999999999956e+00	5.661143335673376673e-03
1.300000000000000000e+02	2.122554141722023460e-03	8.049065742008780500e-02	4.365165534819952509e-01	2.000000000000000111e-01	1.199999999999999956e+00	6.113045235195751007e-03
1.310000000000000000e+02	-8.180385982741186042e-04	1.820833572858082949e-01	1.523441817179769231e-01	2.000000000000000111e-01	1.199999999999999956e+00	7.327076455889462714e-02
1.320000000000000000e+02	1.469839309778729923e-03	6.531779925116160124e-02	6.565695416989201227e-01	2.000000000000000111e-01	1.199999999999999956e+00	1.375926643465424579e-02
1.330000000000000000e+02	9.836696111714647323e-04	2.287404537879439148e-01	7.340201155114556286e-02	2.000000000000000111e-01	1.199999999999999956e+00	9.226373703797887543e-03
1.340000000000000000e+02	-6.680811868975911234e-03	4.682364012965943290e-01	-4.436388606688490555e-01	2.000000000000000111e-01	1.199999999999999956e+00	4.222732919647370284e-03
1.350000000000000000e+02	1.110437116637522960e-02	3.259900184683041102e-01	-2.961458770267455520e-01	2.000000000000000111e-01	1.199999999999999956e+00	4.675785910214197427e-03
1.360000000000000000e+02	3.334363425146569769e-03	8.471090591801802572e-02	5.370287873954600055e-01	2.000000000000000111e-01	1.199999999999999956e+00	2.332301202427995018e-02
1.370000000000000000e+02	2.200088804144737127e-03	9.297024069036331773e-02	4.401435095620018778e-01	2.000000000000000111e-01	1.199999999999999956e+00	2.600847590993747311e-03
1.380000000000000000e+02	4.522705896229233316e-03	1.604789221754674977e-01	1.128632828488620454e-01	2.000000000000000111e-01	1.199999999999999956e+00	3.315951593507049638e-03
1.390000000000000000e+02	-1.016274415774643834e-03	1.540618725927734578e-01	1.587649647258793095e-02	2.000000000000000111e-01	1.199999999999999956e+00	4.312200850892573822e-02
1.400000000000000000e+02	5.024065188036881506e-03	3.218155285602922189e-02	6.380144270882686097e-01	2.000000000000000111e-01	1.199999999999999956e+00	3.258134800916163889e-03
1.410000000000000000e+02	2.248980884352368061e-03	6.904630246747116284e-02	4.385740041856114324e-01	2.000000000000000111e-01	1.199999999999999956e+00	2.083063702267289475e-03
1.420000000000000000e+02	6.199108857115353567e-04	1.145261750973784048e-01	3.085856276761465011e-01	2.000000000000000111e-01	1.199999999999999956e+00	7.681337235542600068e-03
1.430000000000000000e+02	1.575861148346159590e-03	1.499901112965902061e-01	2.786680209248140194e-01	2.000000000000000111e-01	1.199999999999999956e+00	2.010803742155612382e-03
1.440000000000000000e+02	4.098168682722530543e-03	2.107913415738319474e-01	1.336071489573820159e-01	2.000000000000000111e-01	1.199999999999999956e+00	4.850242530138553117e-03
1.450000000000000000e+02	5.056424242120214838e-03	1.707327114475959140e-01	1.016455848105142223e-01	2.000000000000000111e-01	1.199999999999999956e+00	3.363573725559581510e-03
1.460000000000000000e+02	8.666068422360283328e-04	1.057723523485866179e-01	3.304710436984654720e-01	2.000000000000000111e-01	1.199999999999999956e+00	5.362236703082548170e-03
1.470000000000000000e+02	3.605592469487574597e-03	3.292083444422123917e-02	5.839039248350735845e-01	2.000000000000000111e-01	1.199999999999999956e+00	2.790484450826607142e-03
1.480000000000000000e+02	6.250988818563040558e-04	3.335268702138205477e-01	-2.626303510451410972e-01	2.000000000000000111e-01	1.199999999999999956e+00	7.685998948442678870e-03
1.490000000000000000e+02	-1.129258606560434565e-04	7.355339363905280536e-02	1.087202267500053665e-01	2.000000000000000111e-01	1.199999999999999956e+00	5.636134263299012043e-02
1.500000000000000000e+02	2.878208125966597117e-03	7.324087755373233366e-02	5.343817096879088790e-01	2.000000000000000111e-01	1.199999999999999956e+00	9.870510275209123593e-03
1.510000000000000000e+02	1.080931081437248040e-03	6.410805939545603793e-02	5.723700059344964952e-01	2.000000000000000111e-01	1.199999999999999956e+00	6.079301293474261014e-03
1.520000000000000000e+02	1.565124492279916252e-03	1.286766405939358537e-01	4.791855196331917810e-01	2.000000000000000111e-01	1.199999999999999956e+00	1.212413993662199603e-02
1.530000000000000000e+02	2.699474087618656138e-03	1.466034850070573881e-01	3.331907981997535018e-01	2.000000000000000111e-01	1.199999999999999956e+00	6.046230113353841598e-03
1.540000000000000000e+02	6.867557957653834316e-04	5.418955049575418376e-02	5.453169935091224385e-01	2.000000000000000111e-01	1.199999999999999956e+00	8.769583808561492999e-03
1.550000000000000000e+02	7.258155666899954173e-03	-1.688764404479947950e-03	7.294442551631401539e-01	2.000000000000000111e-01	1.199999999999999956e+00	7.241573585888856808e-03
1.560000000000000000e+02	2.646208346560164834e-03	9.737273857296600832e-02	4.778555660396435201e-01	2.000000000000000111e-01	1.199999999999999956e+00	6.627362594128652883e-03
1.570000000000000000e+02	-2.246530478898162066e-03	3.268517808828474980e-01	-9.269876444529590032e-02	2.000000000000000111e-01	1.199999999999999956e+00	6.625470999492517887e-03
1.580000000000000000e+02	2.345192044592363505e-03	9.300718877752896241e-02	5.041591709350452533e-01	2.000000000000000111e-01	1.199999999999999956e+00	9.753114184964934222e-03
1.590000000000000000e+02	1.337119236343615796e-03	8.184582525830809419e-02	4.862473274213978680e-01	2.000000000000000111e-01	1.199999999999999956e+00	5.133158899302614660e-03
1.600000000000000000e+02	5.712963792876364980e-03	1.409890358849181791e-01	1.467294915069281558e-01	2.000000000000000111e-01	1.199999999999999956e+00	6.738408143207866774e-04
1.610000000000000000e+02	1.521422243749744269e-03	7.046204001244787962e-02	6.267626205305738551e-01	2.000000000000000111e-01	1.199999999999999956e+00	1.015771153746685036e-02
1.620000000000000000e+02	4.347775125689865537e-03	1.496336353913793882e-01	3.060559657473258532e-01	2.000000000000000111e-01	1.199999999999999956e+00	5.614645373267834749e-03
1.630000000000000000e+02	-3.576431633305260371e-03	2.926817275444167366e-01	-4.444902615841490601e-01	2.000000000000000111e-01	1.199999999999999956e+00	3.800298905581005887e-02
1.640000000000000000e+02	3.017911857859041039e-03	1.307936559965251211e-01	3.156438248416706394e-01	2.000000000000000111e-01	1.199999999999999956e+00	8.295821506565532674e-03
1.650000000000000000e+02	-1.479466954021243976e-03	1.802770333092713062e-01	-3.651948739887416195e-01	2.000000000000000111e-01	1.199999999999999956e+00	3.555985561965280956e-02
1.660000000000000000e+02	1.458210440737769563e-03	8.600785128791788026e-02	5.060604660563328139e-01	2.000000000000000111e-01	1.199999999999999956e+00	6.742932649623877353e-03
1.670000000000000000e+02	-1.004852656105779821e-03	3.511953341256162098e-01	-1.842654909885821368e-01	2.000000000000000111e-01	1.199999999999999956e+00	1.069825750417247208e-02
1.680000000000000000e+02	1.065828164889423947e-03	1.477627907963600662e-01	4.700002131758420632e-01	2.000000000000000111e-01	1.199999999999999956e+00	6.401824878505948078e-03
1.690000000000000000e+02	-4.904058616885282072e-05	2.381603287553394899e-01	1.494516303621713504e-01	2.000000000000000111e-01	1.199999999999999956e+00	3.768545319777912798e-03
1.700000000000000000e+02	-2.396161829781771457e-03	4.087811136497384590e-01	-3.462415476677618287e-01	2.000000000000000111e-01	1.199999999999999956e+00	3.847511574695729880e-03
1.710000000000000000e+02	1.933018661317522551e-03	6.403208901703319467e-02	4.138044813219630136e-01	2.000000000000000111e-01	1.199999999999999956e+00	9.053120565493702433e-04
1.720000000000000000e+02	6.297424293253650563e-04	9.223544742534868501e-02	4.109450744058285032e-01	2.000000000000000111e-01	1.199999999999999956e+00	2.249632590091675283e-03
1.730000000000000000e+02	-7.693802983736855233e-04	1.256481934939361056e-01	-1.945153895363569418e-01	2.000000000000000111e-01	1.199999999999999956e+00	6.601851186645943392e-02
1.740000000000000000e+02	1.037807318205848572e-03	1.836179388317324976e-03	7.737126856508309558e-01	2.000000000000000111e-01	1.199999999999999956e+00	5.887902683686758662e-03
1.750000000000000000e+02	-2.487777427822952998e-04	2.078894930524042006e-01	2.950464514034636387e-01	2.000000000000000111e-01	1.199999999999999956e+00	1.272831034732557418e-02
1.760000000000000000e+02	7.727785844501189501e-04	1.712363476166692544e-01	1.649250962351769267e-01	2.000000000000000111e-01	1.199999999999999956e+00	3.535354831460800484e-03
1.770000000000000000e+02	-1.130352417989487906e-03	2.213626607869998708e-01	1.688079918227405329e-01	2.000000000000000111e-01	1.199999999999999956e+00	7.923655835395910368e-03
1.780000000000000000e+02	-1.385800909365147169e-03	3.104526276262430384e-01	-4.427576565047441903e-02	2.000000000000000111e-01	1.199999999999999956e+00	5.364171114560183432e-03
1.790000000000000000e+02	2.433701447935466763e-02	7.818867481798397190e-02	1.915380869335721048e-01	2.000000000000000111e-01	1.199999999999999956e+00	7.341030560119110072e-03
1.800000000000000000e+02	1.949772555621772773e-03	3.239377679182701975e-02	7.247174173395179997e-01	2.000000000000000111e-01	1.199999999999999956e+00	6.970184828357210878e-03
1.810000000000000000e+02	-3.116686284041972474e-04	4.303856822824840278e-01	-5.704104039657567071e-01	2.000000000000000111e-01	1.199999999999999956e+00	5.066613211650458637e-03
1.820000000000000000e+02	1.158532374707544601e-03	8.111934568443630866e-02	3.877209015005673720e-01	2.000000000000000111e-01	1.199999999999999956e+00	3.320668205544294836e-03
1.830000000000000000e+02	-1.935135486426842535e-03	2.873283982672772408e-01	1.453300851900429791e-03	2.000000000000000111e-01	1.199999999999999956e+00	9.025152317883991526e-03
1.840000000000000000e+02	1.128881208247035049e-03	6.911798834816310078e-02	6.013996397549683515e-01	2.000000000000000111e-01	1.199999999999999956e+00	7.607468821108022763e-03
1.850000000000000000e+02	5.222393674088168618e-03	9.700887276522676683e-02	4.899499236382260925e-01	2.000000000000000111e-01	1.199999999999999956e+00	9.171083618469100598e-03
1.860000000000000000e+02	1.158555520235674983e-03	1.940376601128685763e-01	2.330606803923833681e-01	2.000000000000000111e-01	1.199999999999999956e+00	4.131136706556911599e-03
1.870000000000000000e+02	2.646289347684764245e-03	5.585528212141405158e-02	6.045991921787930989e-01	2.000000000000000111e-01	1.199999999999999956e+00	5.019646020393364952e-03
1.880000000000000000e+02	-6.974777547486532819e-04	1.626252571583894080e-01	6.967687625571983290e-04	2.000000000000000111e-01	1.199999999999999956e+00	5.177328825385001804e-02
1.890000000000000000e+02	-7.570100007661482305e-03	5.703364689321120951e-01	-1.722774693193137807e+00	2.000000000000000111e-01	1.199999999999999956e+00	3.394076079028011117e-01
1.900000000000000000e+02	3.146778039172426836e-03	-2.823173567928125363e-02	9.435373096256707282e-01	2.000000000000000111e-01	1.199999999999999956e+00	9.646497855433892529e-03
1.910000000000000000e+02	4.928097894519915811e-03	9.470197922098601284e-02	5.199359532887912749e-01	2.000000000000000111e-01	1.199999999999999956e+00	9.531499983008914420e-03
1.920000000000000000e+02	2.230695468039366799e-03	5.607489838457552916e-02	5.694021073012642820e-01	2.000000000000000111e-01	1.199999999999999956e+00	4.474730790054037496e-03
1.930000000000000000e+02	5.773788895954203373e-03	1.023231580516955896e-01	3.774460613046932700e-01	2.000000000000000111e-01	1.199999999999999956e+00	3.928422656921233547e-03
1.940000000000000000e+02	3.404603381972849587e-03	2.907405917406758258e-02	6.896982030250017326e-01	2.000000000000000111e-01	1.199999999999999956e+00	9.403593639018799702e-03
1.950000000000000000e+02	1.730692469416900137e-03	1.251510759239354564e-01	4.894264365696443519e-01	2.000000000000000111e-01	1.199999999999999956e+00	5.720095909248166903e-03
1.960000000000000000e+02	6.611257779892529621e-03	8.594101636675054168e-02	4.590746661189746280e-01	2.000000000000000111e-01	1.199999999999999956e+00	6.929882712571409920e-03
1.970000000000000000e+02	4.749490718674348640e-03	2.562703141967073717e-01	-1.981133560821257689e-01	2.000000000000000111e-01	1.199999999999999956e+00	2.838604332414934334e-03
1.980000000000000000e+02	1.012091617885459279e-03	2.346400873509520146e-01	9.435530384667956127e-02	2.000000000000000111e-01	1.199999999999999956e+00	4.596388012059818284e-03
1.990000000000000000e+02	2.026216200782712459e-03	7.050439373249089980e-02	4.604775831899363681e-01	2.000000000000000111e-01	1.199999999999999956e+00	5.750934741658502054e-03
2.000000000000000000e+02	9.145591621168854641e-04	1.293750538483663948e-01	4.269213751021001535e-01	2.000000000000000111e-01	1.199999999999999956e+00	5.253203311237916208e-03
2.010000000000000000e+02	9.786883799957647994e-04	1.434209441479422364e-01	3.968556581498789981e-01	2.000000000000000111e-01	1.199999999999999956e+00	6.761231533232604264e-03
2.020000000000000000e+02	3.925196925984533562e-03	1.217985595916057096e-01	3.713076270294088932e-01	2.000000000000000111e-01	1.199999999999999956e+00	5.653700304026338178e-03
2.030000000000000000e+02	1.230119586040701735e-02	7.592144891716667843e-02	4.184048313039965272e-01	2.000000000000000111e-01	1.199999999999999956e+00	4.296367320670294726e-03
2.040000000000000000e+02	5.971739234759105598e-03	1.386580091058185055e-02	8.067830004475133876e-01	2.000000000000000111e-01	1.199999999999999956e+00	3.637300926603981299e-02
2.050000000000000000e+02	9.958275895627904245e-03	5.194660324495754822e-02	5.817047258016242450e-01	2.000000000000000111e-01	1.199999999999999956e+00	1.775536213983093525e-02
2.060000000000000000e+02	3.264582520622613844e-03	3.070820111877709327e-02	6.436775596166511848e-01	2.000000000000000111e-01	1.199999999999999956e+00	7.304959772478099474e-03
2.070000000000000000e+02	1.628634637950279957e-03	6.318423685123386591e-02	5.986791786628309353e-01	2.000000000000000111e-01	1.199999999999999956e+00	7.781751323502282200e-03
2.080000000000000000e+02	-2.924592980809261121e-04	2.962078455644453490e-01	7.567430613752312851e-02	2.000000000000000111e-01	1.199999999999999956e+00	6.075130708655586236e-03
2.090000000000000000e+02	3.520940576159604582e-03	1.860075076136650796e-01	2.190370856879408912e-01	2.000000000000000111e-01	1.199999999999999956e+00	1.573083935016513510e-03
2.100000000000000000e+02	2.006885522681016443e-03	4.489911377882520316e-02	5.690212052696008715e-01	2.000000000000000111e-01	1.199999999999999956e+00	2.298406979258821835e-03
2.110000000000000000e+02	-5.267821455663804003e-04	1.877651983057307683e-01	2.692752173851391539e-01	2.000000000000000111e-01	1.199999999999999956e+00	6.878001212404081209e-03
2.120000000000000000e+02	7.363771617504609804e-04	1.542998550048539363e-01	3.830120208885596789e-01	2.000000000000000111e-01	1.199999999999999956e+00	5.989412136018607349e-03
2.130000000000000000e+02	7.044354702196869294e-03	3.054264256063308203e-01	-3.812477380408463290e-03	2.000000000000000111e-01	1.199999999999999956e+00	7.682506440179505229e-03
2.140000000000000000e+02	3.236210382058439896e-04	1.958688034647238507e-01	2.240846018528808159e-01	2.000000000000000111e-01	1.199999999999999956e+00	3.997842998233803492e-03
2.150000000000000000e+02	8.383269876875459230e-04	6.577170986295384492e-02	5.862456951836938490e-01	2.000000000000000111e-01	1.199999999999999956e+00	5.725545341019461221e-03
2.160000000000000000e+02	9.345729543835906532e-04	7.949268135828342630e-02	5.574851645947014323e-01	2.000000000000000111e-01	1.199999999999999956e+00	5.467643598544663815e-03
2.170000000000000000e+02	8.229331261173431075e-04	1.233391918565310552e-01	4.801113424916616523e-01	2.000000000000000111e-01	1.199999999999999956e+00	1.160581633599858976e-02
2.180000000000000000e+02	4.086252651726083977e-03	1.376303680025462994e-01	2.758254596451159557e-01	2.000000000000000111e-01	1.199999999999999956e+00	2.696860842281187214e-03
2.190000000000000000e+02	1.344149449217368593e-03	2.158293031034707321e-01	8.646025865630058149e-02	2.000000000000000111e-01	1.199999999999999956e+00	4.059199852187741694e-03
2.200000000000000000e+02	1.907717997065045291e-03	1.060642726348653697e-01	5.144116447009630111e-01	2.000000000000000111e-01	1.199999999999999956e+00	1.889430883374049880e-02
2.210000000000000000e+02	7.797433005564618309e-04	2.330716434188917496e-02	7.121451348578277107e-01	2.000000000000000111e-01	1.199999999999999956e+00	7.433252294714349714e-03
2.220000000000000000e+02	2.806261721089548748e-03	9.526543326486178187e-02	3.724209390609354298e-01	2.000000000000000111e-01	1.199999999999999956e+00	3.109020290370671617e-03
2.230000000000000000e+02	7.726343170253341689e-04	1.043661128880806893e-01	4.415217123321397708e-01	2.000000000000000111e-01	1.199999999999999956e+00	6.211675783319929589e-03
2.240000000000000000e+02	3.026138004265761187e-03	3.464193734467083119e-02	6.633218753200339490e-01	2.000000000000000111e-01	1.199999999999999956e+00	4.317432020851835403e-03
2.250000000000000000e+02	2.224103577110100871e-03	3.351875574928554063e-02	6.592604517264244457e-01	2.000000000000000111e-01	1.199999999999999956e+00	5.229678359820361631e-03
2.260000000000000000e+02	1.158885329683876676e-03	1.483720514374254895e-01	3.431528227639399908e-01	2.000000000000000111e-01	1.199999999999999956e+00	7.364183575391329908e-03
2.270000000000000000e+02	1.854001217726253996e-03	9.762709923412102309e-02	3.886659518140929137e-01	2.000000000000000111e-01	1.199999999999999956e+00	2.017905807995620891e-03
2.280000000000000000e+02	3.528636792065584487e-03	1.049710439045443422e-01	4.040982394638610309e-01	2.000000000000000111e-01	1.199999999999999956e+00	5.306395948933791996e-03
2.290000000000000000e+02	9.822884441819386241e-04	5.402136778627618374e-02	5.499318378848312427e-01	2.000000000000000111e-01	1.199999999999999956e+00	1.435027153876217284e-03
2.300000000000000000e+02	2.074853703806875827e-04	2.012084040790797779e-01	2.550994056922535336e-01	2.000000000000000111e-01	1.199999999999999956e+00	5.322013043401860669e-03
2.310000000000000000e+02	1.687640950452714162e-03	1.842547189557045551e-01	2.109584759068607873e-01	2.000000000000000111e-01	1.199999999999999956e+00	2.858526436740043124e-03
2.320000000000000000e+02	4.625499293867864218e-04	1.439269867723443896e-01	4.540662179033851942e-01	2.000000000000000111e-01	1.199999999999999956e+00	9.089105277743802017e-03
2.330000000000000000e+02	8.128288461448405318e-04	1.055547400364018062e-01	4.725266424379235275e-01	2.000000000000000111e-01	1.199999999999999956e+00	6.382747102625711995e-03
2.340000000000000000e+02	-5.126071164121183930e-03	3.644268572569854259e-01	-1.098815833417681631e+00	2.000000000000000111e-01	1.199999999999999956e+00	8.495499610695991799e-02
2.350000000000000000e+02	9.576373157442405470e-04	1.262088595164457747e-02	7.588120725930094235e-01	2.000000000000000111e-01	1.199999999999999956e+00	6.045118963986953996e-03
2.360000000000000000e+02	-2.071232802962703272e-04	8.919826710870139286e-02	1.756157193399268124e-01	2.000000000000000111e-01	1.199999999999999956e+00	6.278173905572495550e-02
2.370000000000000000e+02	1.828876214688213066e-03	6.155334436341548116e-02	5.766006434289454585e-01	2.000000000000000111e-01	1.199999999999999956e+00	5.051442545488718169e-03
2.380000000000000000e+02	9.461136764145250313e-04	1.265118082637027852e-01	2.345094929224313951e-01	2.000000000000000111e-01	1.199999999999999956e+00	2.753481702646726724e-03
2.390000000000000000e+02	7.963965436541860102e-04	1.003035470953212438e-01	5.727914333398649305e-01	2.000000000000000111e-01	1.199999999999999956e+00	8.228880026745218068e-03
2.400000000000000000e+02	1.146456916870746768e-03	1.302269947778078030e-01	3.926827625504247798e-01	2.000000000000000111e-01	1.199999999999999956e+00	8.285006051424816803e-03
2.410000000000000000e+02	2.148842322739171092e-03	3.597530136507263998e-02	5.731436866176852218e-01	2.000000000000000111e-01	1.199999999999999956e+00	4.135117934698766089e-03
2.420000000000000000e+02	7.619939358168805648e-04	3.717361214241011319e-02	6.322628561154652882e-01	2.000000000000000111e-01	1.199999999999999956e+00	3.684536518200493774e-03
2.430000000000000000e+02	5.176366399143785685e-04	1.565051876315154133e-01	3.687476529224302801e-01	2.000000000000000111e-01	1.199999999999999956e+00	2.895826680240745025e-03
2.440000000000000000e+02	6.463647100668690930e-04	1.200725552740715268e-01	4.077954132101138107e-01	2.000000000000000111e-01	1.199999999999999956e+00	3.795066712244269357e-03
2.450000000000000000e+02	3.590388861785503115e-03	3.424064400968840349e-02	6.228775319184836068e-01	2.000000000000000111e-01	1.199999999999999956e+00	7.569041162074326493e-03
2.460000000000000000e+02	2.518729104328170168e-03	3.357927569183846023e-02	6.581257046758191009e-01	2.000000000000000111e-01	1.199999999999999956e+00	1.080877569490974223e-02
2.470000000000000000e+02	-3.690148991033142135e-03	2.834019668601678310e-01	-3.975562563486079171e-01	2.000000000000000111e-01	1.199999999999999956e+00	4.015706704942874350e-02
2.480000000000000000e+02	1.756728969503896154e-03	1.232642128674599907e-01	5.374662914209014097e-01	2.000000000000000111e-01	1.199999999999999956e+00	7.821957687044691146e-03
2.490000000000000000e+02	6.003284762062273752e-03	9.496120119455142561e-02	1.873545419126005918e-01	2.000000000000000111e-01	1.199999999999999956e+00	2.551328033764226500e-03
2.500000000000000000e+02	3.556109957703401398e-03	2.064244988479851661e-01	2.775829627974011338e-01	2.000000000000000111e-01	1.199999999999999956e+00	3.043713030685745152e-03
2.510000000000000000e+02	-4.254281716287232167e-03	3.157554537314092302e-01	-5.918845138199095857e-01	2.000000000000000111e-01	1.199999999999999956e+00	1.733593547786102182e-02
2.520000000000000000e+02	7.409168420997374813e-03	-4.537484668127401283e-02	9.523233409436594465e-01	2.000000000000000111e-01	1.199999999999999956e+00	1.900348659341758589e-02
2.530000000000000000e+02	2.582230085940228053e-03	1.571182229132165320e-01	2.735510761351829245e-01	2.000000000000000111e-01	1.199999999999999956e+00	1.192963887493147732e-02
2.540000000000000000e+02	1.250225858017016151e-03	2.474182771130622668e-02	7.271069814024692102e-01	2.000000000000000111e-01	1.199999999999999956e+00	8.355316657503539246e-03
2.550000000000000000e+02	3.426503858712722037e-03	7.445572429365193701e-02	4.940313219367855613e-01	2.000000000000000111e-01	1.199999999999999956e+00	3.255630439846855795e-03
2.560000000000000000e+02	3.926021065581628694e-03	2.341107169270926769e-01	-8.328202788925231914e-02	2.000000000000000111e-01	1.199999999999999956e+00	4.328535204620128675e-03
2.570000000000000000e+02	3.010892429626687780e-03	3.173881654030999977e-01	-2.964889204560678948e-01	2.000000000000000111e-01	1.199999999999999956e+00	3.182009360393169266e-03
2.580000000000000000e+02	2.593786912845676054e-03	1.354906250923386957e-01	4.164263529331204694e-01	2.000000000000000111e-01	1.199999999999999956e+00	8.310404781359088944e-03
2.590000000000000000e+02	1.756055787895778640e-03	1.374153661938163351e-01	4.489263471256710325e-01	2.000000000000000111e-01	1.199999999999999956e+00	7.551811378388664439e-03
2.600000000000000000e+02	1.331227505005961242e-03	1.390028814542429714e-01	4.184945547663447840e-01	2.000000000000000111e-01	1.199999999999999956e+00	6.955902041059074462e-03
2.610000000000000000e+02	1.658362976253093587e-03	5.831348874892092193e-02	6.311517453970629798e-01	2.000000000000000111e-01	1.199999999999999956e+00	5.434304069171788133e-03
2.620000000000000000e+02	1.273710052522536180e-03	1.034393975325164083e-01	4.173283565382290838e-01	2.000000000000000111e-01	1.199999999999999956e+00	3.419545574737938628e-03
2.630000000000000000e+02	1.614358900158882528e-03	1.281005998092298315e-01	4.370352465313285251e-01	2.000000000000000111e-01	1.199999999999999956e+00	7.085768258357201185e-03
2.640000000000000000e+02	-1.071081629288871866e-03	1.673786570494997239e-01	1.376146865463407920e-01	2.000000000000000111e-01	1.199999999999999956e+00	5.628008420054673999e-02
2.650000000000000000e+02	3.796787674139770843e-04	1.138750484198641499e-01	4.038336227889911534e-01	2.000000000000000111e-01	1.199999999999999956e+00	2.254712354072218022e-03
2.660000000000000000e+02	5.833926762156943155e-03	1.480250117445136848e-01	2.622545362747146225e-01	2.000000000000000111e-01	1.199999999999999956e+00	1.091329226370496737e-02
2.670000000000000000e+02	3.323090521417488511e-03	5.175343167913704773e-02	6.688156634358034536e-01	2.000000000000000111e-01	1.199999999999999956e+00	1.008007902465485675e-02
2.680000000000000000e+02	1.528933148384585333e-03	7.167942876598858148e-02	4.915741775510529266e-01	2.000000000000000111e-01	1.199999999999999956e+00	5.323338966787259131e-03
2.690000000000000000e+02	7.173328126556403894e-03	4.260378740881915621e-02	5.643171848737085217e-01	2.000000000000000111e-01	1.199999999999999956e+00	8.267968237632331019e-03
2.700000000000000000e+02	2.650001906427900972e-03	1.348967406343068720e-01	3.637111744380638889e-01	2.000000000000000111e-01	1.199999999999999956e+00	1.092129207003755993e-02
2.710000000000000000e+02	-5.004523679281832395e-05	3.679951103921116212e-02	6.000065171447346302e-01	3.428571428571428048e-01	1.199999999999999956e+00	3.426343855083367924e-03
2.720000000000000000e+02	-1.635944571726852563e-03	2.530660606081811537e-01	1.822412832022939355e-01	2.000000000000000111e-01	1.199999999999999956e+00	9.459406591549160415e-03
2.730000000000000000e+02	1.719872170703223369e-03	4.714967805333489248e-02	6.333587616100222473e-01	2.000000000000000111e-01	1.199999999999999956e+00	6.740613299511482789e-03
2.740000000000000000e+02	3.129603119684283216e-03	1.950210448904634020e-01	1.691183824563102789e-01	2.000000000000000111e-01	1.199999999999999956e+00	4.572904728099526882e-03
2.750000000000000000e+02	1.573390958421499747e-03	1.095925914380034977e-01	5.078733372104866639e-01	2.000000000000000111e-01	1.199999999999999956e+00	1.120002580499581020e-02
2.760000000000000000e+02	2.675579497732057804e-03	8.079325007329959951e-02	3.830907475952776142e-01	2.000000000000000111e-01	1.199999999999999956e+00	4.064376660283990431e-03
2.770000000000000000e+02	1.975138588066629661e-03	4.495049266187029630e-02	7.020742326758656615e-01	2.000000000000000111e-01	1.199999999999999956e+00	1.089298476018327015e-02
2.780000000000000000e+02	5.899673881471215707e-03	2.969814747758194873e-01	-3.542566437406846624e-01	2.000000000000000111e-01	1.199999999999999956e+00	1.552206007566253381e-03
2.790000000000000000e+02	7.685474841867376457e-03	9.324975333295726365e-02	4.339018581936320285e-01	2.000000000000000111e-01	1.199999999999999956e+00	1.512799937953518067e-02
2.800000000000000000e+02	1.036083230882051901e-03	1.043136309761716757e-01	3.523150633921083852e-01	2.000000000000000111e-01	1.199999999999999956e+00	1.922503850696466498e-03
2.810000000000000000e+02	9.445502183187724039e-04	4.195684449001826216e-02	7.688425580742701548e-01	2.000000000000000111e-01	1.199999999999999956e+00	1.717373631724160646e-02
2.820000000000000000e+02	-1.071799825477076683e-03	4.448733629301497849e-01	-5.219990138348320485e-01	2.000000000000000111e-01	1.199999999999999956e+00	2.291147219705844552e-03
2.830000000000000000e+02	8.103039787121928432e-04	3.493593928376477475e-02	6.933811519701359449e-01	2.000000000000000111e-01	1.199999999999999956e+00	1.453928620682702275e-02
2.840000000000000000e+02	1.430353096980162058e-03	1.075716450317156514e-01	4.463546538504306049e-01	2.000000000000000111e-01	1.199999999999999956e+00	1.059965873862937953e-02
2.850000000000000000e+02	1.888514590057461216e-03	3.042009083344136833e-02	6.720770465113575787e-01	2.000000000000000111e-01	1.199999999999999956e+00	8.261415902989304241e-03
2.860000000000000000e+02	1.424511664974694716e-03	-1.082099700054931987e-02	8.722638325826717054e-01	2.000000000000000111e-01	1.199999999999999956e+00	7.885944689913366654e-03
2.870000000000000000e+02	-1.126897763776332946e-03	2.671787191811142437e-01	1.194648518215384314e-01	2.000000000000000111e-01	1.199999999999999956e+00	3.661915475611693654e-03
2.880000000000000000e+02	1.580318299041579087e-03	1.195357438215262358e-01	3.892750297020324268e-01	2.000000000000000111e-01	1.199999999999999956e+00	3.523539524772648958e-03
2.890000000000000000e+02	4.062502257489897413e-03	1.746689127437549005e-01	4.460891403136901801e-02	2.000000000000000111e-01	1.199999999999999956e+00	3.834866840756363544e-03
2.900000000000000000e+02	7.166323386371371146e-03	2.245435162637169912e-01	-4.799550508364713863e-02	2.000000000000000111e-01	1.199999999999999956e+00	2.774017934305990363e-03
2.910000000000000000e+02	6.794360002897381276e-04	1.510081109923956666e-01	4.715534528378166890e-01	2.000000000000000111e-01	1.199999999999999956e+00	7.252250112781144682e-03
2.920000000000000000e+02	6.850443724931234296e-03	2.735581501636187921e-02	6.522688725458394288e-01	2.000000000000000111e-01	1.199999999999999956e+00	9.321628497748880512e-03
2.930000000000000000e+02	-1.385430565979065259e-03	2.594915076462067094e-01	-2.884970385389467040e-01	2.000000000000000111e-01	1.199999999999999956e+00	5.454460002013721172e-03
2.940000000000000000e+02	5.604635437257523330e-04	1.666761256758312326e-01	2.824564701647021003e-01	2.000000000000000111e-01	1.199999999999999956e+00	8.106654795290721763e-03
2.950000000000000000e+02	3.197935451584036064e-03	1.688618317391761825e-01	1.079777927616989430e-01	2.000000000000000111e-01	1.199999999999999956e+00	1.626284800191773929e-03
2.960000000000000000e+02	2.518178479375233775e-03	7.448596868345258581e-02	4.972676435322025412e-01	2.000000000000000111e-01	1.199999999999999956e+00	5.922106009353914242e-03
2.970000000000000000e+02	2.544626050428301794e-05	5.322784064492803308e-02	6.237830634756322823e-01	2.000000000000000111e-01	1.199999999999999956e+00	3.562144311445346323e-02
2.980000000000000000e+02	1.121938920993212092e-03	6.715603027663945290e-02	5.984412280494926240e-01	2.000000000000000111e-01	1.199999999999999956e+00	1.124167220836767497e-02
2.990000000000000000e+02	-7.389742651340273525e-04	2.363127430505782278e-01	-1.288469511700345294e-01	2.000000000000000111e-01	1.199999999999999956e+00	4.681875000280342862e-03
3.000000000000000000e+02	2.125433701698801418e-03	6.912584824424114482e-02	4.313492032458534631e-01	2.000000000000000111e-01	1.199999999999999956e+00	2.535334254331836172e-03
3.010000000000000000e+02	8.241744247158558009e-03	3.673061005465538820e-01	-2.215307283727590004e-01	2.000000000000000111e-01	1.199999999999999956e+00	4.252652534019892537e-03
3.020000000000000000e+02	1.922411151140276464e-03	1.626347735028521591e-01	1.858529810245515002e-01	2.000000000000000111e-01	1.199999999999999956e+00	7.931434468335106167e-03
3.030000000000000000e+02	5.178955315423448488e-03	9.284475233149562523e-03	6.806988748946189993e-01	2.000000000000000111e-01	1.199999999999999956e+00	9.570663575742408696e-03
3.040000000000000000e+02	1.672778618921879224e-03	6.453196275672756776e-02	5.153864613819962859e-01	2.000000000000000111e-01	1.199999999999999956e+00	6.327569329230019017e-03
3.050000000000000000e+02	2.783367535077287732e-03	1.251327662885078074e-01	3.572517345845511727e-01	2.000000000000000111e-01	1.199999999999999956e+00	6.109609106068119785e-03
3.060000000000000000e+02	2.706087319191418771e-03	9.524683377473198986e-02	4.309918347557619711e-01	2.000000000000000111e-01	1.199999999999999956e+00	4.806378228249808850e-03
3.070000000000000000e+02	2.810727580135682826e-03	4.331779010326134577e-02	5.954500295361682127e-01	2.000000000000000111e-01	1.199999999999999956e+00	1.346780412799731923e-02
3.080000000000000000e+02	2.410569678665524813e-03	1.676408691348948710e-01	2.686477443079224869e-01	2.000000000000000111e-01	1.199999999999999956e+00	6.353462325632784451e-03
3.090000000000000000e+02	2.629914172044575758e-04	1.397484692008442164e-01	4.503461661157301954e-01	2.000000000000000111e-01	1.199999999999999956e+00	4.865650338765750704e-03
3.100000000000000000e+02	3.838877771977457958e-04	1.704885153546883414e-01	2.036528645031987494e-01	2.000000000000000111e-01	1.199999999999999956e+00	1.353216141394695746e-02
3.110000000000000000e+02	1.037850549474056243e-02	3.646343258570036022e-02	5.709948086228444630e-01	2.000000000000000111e-01	1.199999999999999956e+00	1.002322687675641193e-02
3.120000000000000000e+02	-2.872517102634849183e-03	2.745843279056214281e-01	-4.636915450201897215e-01	2.000000000000000111e-01	1.199999999999999956e+00	2.696644481069965932e-02
3.130000000000000000e+02	2.983566127861231147e-04	1.342229604145498967e-01	3.504239332947367558e-01	2.000000000000000111e-01	1.199999999999999956e+00	5.091076212317237511e-03
3.140000000000000000e+02	1.282364048948341937e-03	7.977749613184828559e-02	5.559893525010235482e-01	2.000000000000000111e-01	1.199999999999999956e+00	4.195473969084408984e-03
3.150000000000000000e+02	1.940913232819631469e-03	5.334740469378142225e-02	5.625321284903124219e-01	2.000000000000000111e-01	1.199999999999999956e+00	1.189761946741163708e-02
3.160000000000000000e+02	3.287547657698765714e-03	3.527458337680663969e-02	7.319232225547778192e-01	2.000000000000000111e-01	1.199999999999999956e+00	1.108072888821419813e-02
3.170000000000000000e+02	-1.798308652758083244e-03	2.083525064815619221e-01	-1.743490431329384194e-01	2.000000000000000111e-01	1.199999999999999956e+00	6.263414189915986197e-02
3.180000000000000000e+02	4.628765011798582907e-03	1.178458803846196834e-01	4.430386156285628374e-01	2.000000000000000111e-01	1.199999999999999956e+00	6.870631066980068501e-03
3.190000000000000000e+02	-3.000041967339361990e-03	3.107144702765712863e-01	-6.785939306566390883e-02	2.000000000000000111e-01	1.199999999999999956e+00	8.981829685533017707e-03
3.200000000000000000e+02	6.001269590141267499e-03	1.927072966570158447e-02	6.408598553754610849e-01	2.000000000000000111e-01	1.199999999999999956e+00	6.548155437539979022e-03
3.210000000000000000e+02	1.088538974445522542e-03	1.171320376654189921e-01	3.878892839099399303e-01	2.000000000000000111e-01	1.199999999999999956e+00	9.288956576818694494e-03
3.220000000000000000e+02	1.445500621264886277e-03	2.044374679483311197e-01	-3.260539114086835610e-02	2.000000000000000111e-01	1.199999999999999956e+00	3.750545182196286364e-03
3.230000000000000000e+02	3.832697369087683954e-03	1.652338106497524273e-01	2.386109477499234188e-01	2.000000000000000111e-01	1.199999999999999956e+00	3.952175113386501189e-03
3.240000000000000000e+02	8.989048957289364015e-04	1.406220204434343590e-01	4.091288267142152435e-01	2.000000000000000111e-01	1.199999999999999956e+00	9.447325511285095331e-03
3.250000000000000000e+02	-1.390770456031144645e-03	2.507885838332288841e-01	1.167520040717775487e-01	2.000000000000000111e-01	1.199999999999999956e+00	2.382207665531301845e-03
3.260000000000000000e+02	3.729996943898958740e-03	7.108467500780289716e-02	5.370382609867658807e-01	2.000000000000000111e-01	1.199999999999999956e+00	6.671985238284847651e-03
3.270000000000000000e+02	2.031330600981149856e-03	1.503462456082580723e-01	3.019177570122084653e-01	2.000000000000000111e-01	1.199999999999999956e+00	6.209164875924819095e-04
3.280000000000000000e+02	4.493283470942713255e-04	6.530585229775895395e-02	5.529611834590526520e-01	2.000000000000000111e-01	1.199999999999999956e+00	3.784577006779570041e-02
3.290000000000000000e+02	2.960299141211324321e-03	6.019586570673050863e-02	5.351171013196434068e-01	2.000000000000000111e-01	1.199999999999999956e+00	3.634093448795216400e-03
3.300000000000000000e+02	3.464106504642008953e-03	5.044265720479147036e-02	5.259638049189131470e-01	2.000000000000000111e-01	1.199999999999999956e+00	3.952485696192548428e-03
3.310000000000000000e+02	1.806772533735208483e-03	5.531515602525823028e-02	5.423352494174522587e-01	2.000000000000000111e-01	1.199999999999999956e+00	2.054299586000546147e-03
3.320000000000000000e+02	3.739905591678973577e-03	1.218244788788857072e-02	7.600985641783142288e-01	2.000000000000000111e-01	1.199999999999999956e+00	1.813022317828860350e-02
3.330000000000000000e+02	1.277322807256329063e-03	9.076227084210024276e-02	5.960228819006925249e-01	2.000000000000000111e-01	1.199999999999999956e+00	3.260520566624747901e-02
3.340000000000000000e+02	3.166888142592909350e-03	9.142725777023748279e-02	5.011938405701226174e-01	2.000000000000000111e-01	1.199999999999999956e+00	8.307715687510130662e-03
3.350000000000000000e+02	2.217420137820249899e-03	9.007197163573367471e-02	5.588364490916786220e-01	2.000000000000000111e-01	1.199999999999999956e+00	1.022330551765445253e-02
3.360000000000000000e+02	2.378790794465801290e-03	1.052438456494274310e-01	4.825414966306782460e-01	2.000000000000000111e-01	1.199999999999999956e+00	5.991498281755118852e-03
3.370000000000000000e+02	6.271947020759181639e-03	2.416874431317235505e-01	-9.117984928044364779e-02	2.000000000000000111e-01	1.199999999999999956e+00	5.965899708178118779e-03
3.380000000000000000e+02	9.173519957729882150e-04	2.926310999005991495e-02	6.918714055400454477e-01	2.000000000000000111e-01	1.199999999999999956e+00	8.519425763597576404e-03
3.390000000000000000e+02	1.335202126637957676e-03	1.286031633099142257e-01	4.596752545610485186e-01	2.000000000000000111e-01	1.199999999999999956e+00	1.261126123293426771e-02
3.400000000000000000e+02	2.785034189147322838e-03	1.289753447064067859e-01	2.761876460189522930e-01	2.000000000000000111e-01	1.199999999999999956e+00	4.718789264151118656e-03
3.410000000000000000e+02	2.232513024003074907e-03	9.997563739878705114e-02	4.626625629533993589e-01	2.000000000000000111e-01	1.199999999999999956e+00	7.405003132261859730e-03
3.420000000000000000e+02	-3.345254519007152556e-03	2.718086115036808526e-01	-5.195310437096862799e-01	2.000000000000000111e-01	1.199999999999999956e+00	3.127975951529170240e-02
3.430000000000000000e+02	1.912367620176460203e-03	1.576885597779716652e-01	1.298778742637169969e-01	2.000000000000000111e-01	1.199999999999999956e+00	1.892518474305155416e-03
3.440000000000000000e+02	3.731357910416083050e-03	1.634697937684876090e-01	2.929614947583081275e-01	2.000000000000000111e-01	1.199999999999999956e+00	2.561098363781131888e-03
3.450000000000000000e+02	-5.201408428613284651e-04	1.322224787980468552e-01	-4.026381584931293389e-03	2.000000000000000111e-01	1.199999999999999956e+00	4.904056817999099399e-02
3.460000000000000000e+02	-7.844686476656809312e-04	1.268617767664861340e-01	3.497584465697034517e-01	2.000000000000000111e-01	1.199999999999999956e+00	4.080759518313276796e-02
3.470000000000000000e+02	5.353060209121502863e-03	2.057576459743690189e-01	1.673583233213173926e-01	2.000000000000000111e-01	1.199999999999999956e+00	1.351696081194259449e-02
3.480000000000000000e+02	1.943990446832863069e-03	1.201081528115666153e-01	4.764544963616161866e-01	2.000000000000000111e-01	1.199999999999999956e+00	8.143018809566828636e-03
3.490000000000000000e+02	2.779223466170841882e-03	9.621300496453437379e-02	4.317758320447813158e-01	2.000000000000000111e-01	1.199999999999999956e+00	4.844475653731373718e-03
3.500000000000000000e+02	5.931166587814450629e-03	-1.086446581658319539e-02	8.119367722096585416e-01	2.000000000000000111e-01	1.199999999999999956e+00	1.166030247890160500e-02
3.510000000000000000e+02	1.221249417184121656e-03	7.482801925873235060e-02	5.817277276363825855e-01	2.000000000000000111e-01	1.199999999999999956e+00	6.343288784740659485e-03
3.520000000000000000e+02	3.652634358250331399e-03	6.026219104199862647e-02	4.596873572826514209e-01	2.000000000000000111e-01	1.199999999999999956e+00	3.454402738798478204e-03
3.530000000000000000e+02	1.738202490602151025e-03	2.495878561582247079e-01	-3.908158639468028994e-02	2.000000000000000111e-01	1.199999999999999956e+00	2.703611620900357899e-03
3.540000000000000000e+02	1.877080346466718100e-03	1.230807057110695074e-01	3.698639787816335733e-01	2.000000000000000111e-01	1.199999999999999956e+00	4.674989342647339376e-03
3.550000000000000000e+02	3.578210659150583145e-03	7.484473245916942186e-02	6.217938583489295290e-01	2.000000000000000111e-01	1.199999999999999956e+00	1.308733135089691982e-02
3.560000000000000000e+02	4.082181785463970605e-03	2.090307248667609696e-01	3.452656019138222732e-02	2.000000000000000111e-01	1.199999999999999956e+00	2.853185351885839747e-03
3.570000000000000000e+02	2.713898962100066460e-03	2.067952166907712774e-01	2.916159199051557849e-01	2.000000000000000111e-01	1.199999999999999956e+00	1.566300437520998928e-02
3.580000000000000000e+02	3.055404252608378505e-03	1.579082403437580551e-01	3.516905375238836839e-01	2.000000000000000111e-01	1.199999999999999956e+00	8.784445164041846180e-03
3.590000000000000000e+02	6.447998013461952831e-03	-2.877661628699153609e-02	9.227171388248516237e-01	2.000000000000000111e-01	1.199999999999999956e+00	1.813568334617792280e-02
3.600000000000000000e+02	1.047435486880730036e-02	1.500604087576291323e-01	2.483550967542718091e-01	2.000000000000000111e-01	1.199999999999999956e+00	2.286648039240229968e-02
3.610000000000000000e+02	2.610074947586049632e-02	7.006862631403110164e-02	4.015069937907994602e-01	2.000000000000000111e-01	1.199999999999999956e+00	5.397212757941693105e-03
3.620000000000000000e+02	4.942613383311142590e-03	3.888033918731516325e-02	6.944020977978773157e-01	2.000000000000000111e-01	1.199999999999999956e+00	6.608037603889511946e-03
3.630000000000000000e+02	3.227748709349586350e-03	2.123109289818254641e-01	6.360068854904143976e-02	2.000000000000000111e-01	1.199999999999999956e+00	2.919874135109193185e-03
3.640000000000000000e+02	1.327849243557012969e-03	1.793006029697377102e-01	2.746100095072323555e-01	2.000000000000000111e-01	1.199999999999999956e+00	3.653526477222745518e-03
3.650000000000000000e+02	-8.300140289036690754e-04	1.532468451090234773e-01	2.448544365763507535e-01	2.000000000000000111e-01	1.199999999999999956e+00	5.774283924324116052e-02
3.660000000000000000e+02	3.528449595753021476e-03	8.552110441151962450e-02	5.108177956021797694e-01	2.000000000000000111e-01	1.199999999999999956e+00	3.010682845203531931e-03
3.670000000000000000e+02	-3.565869509750718789e-03	3.883809083589387923e-01	-2.505353530775931148e-01	2.000000000000000111e-01	1.199999999999999956e+00	1.142125469701503644e-02
3.680000000000000000e+02	1.512621185802005093e-03	9.674735700721538711e-02	3.727080853955366813e-01	2.000000000000000111e-01	1.199999999999999956e+00	4.676632394686163104e-03
3.690000000000000000e+02	9.826100906315349097e-04	1.305486479609138661e-01	2.974022053911395957e-01	2.000000000000000111e-01	1.199999999999999956e+00	1.279729780911298409e-02
3.700000000000000000e+02	6.594939589974909387e-04	5.876960520888914463e-02	8.157123410801703223e-01	2.000000000000000111e-01	1.199999999999999956e+00	6.232118613327363582e-02
3.710000000000000000e+02	5.846487818813355048e-04	8.693534178301810800e-02	5.701280265176311701e-01	2.000000000000000111e-01	1.199999999999999956e+00	1.140135875716770733e-02
3.720000000000000000e+02	1.273414770368556817e-04	1.726031443771279261e-01	2.977936777099103871e-01	2.000000000000000111e-01	1.199999999999999956e+00	8.336390112086068671e-03
3.730000000000000000e+02	6.615830629264963549e-04	1.461438945535885325e-01	3.954414012145934798e-01	2.000000000000000111e-01	1.199999999999999956e+00	3.750853015698822190e-03
3.740000000000000000e+02	4.333619127360774197e-03	4.472589219376304354e-02	6.291298891036245511e-01	2.000000000000000111e-01	1.199999999999999956e+00	7.517840886136871806e-03
3.750000000000000000e+02	-1.194547634807826240e-02	5.372810286721024786e-01	-1.288712148606892427e+00	2.000000000000000111e-01	1.199999999999999956e+00	3.904494931286639492e-02
3.760000000000000000e+02	3.378828521238293366e-03	3.732476419004007034e-02	6.408795615036670945e-01	2.000000000000000111e-01	1.199999999999999956e+00	3.428425914085296740e-03
3.770000000000000000e+02	1.887568240159786647e-03	4.562227030895474322e-02	7.060138113962877160e-01	2.000000000000000111e-01	1.199999999999999956e+00	9.169361108727847043e-03
3.780000000000000000e+02	4.453252169541579986e-03	5.517014258047606839e-02	5.768180299768495001e-01	2.000000000000000111e-01	1.199999999999999956e+00	5.614339985140602216e-03
3.790000000000000000e+02	3.886970966056612752e-03	8.929792417517663783e-02	5.739982305308566346e-01	2.000000000000000111e-01	1.199999999999999956e+00	1.067812920312164252e-02
3.800000000000000000e+02	6.420033845988474923e-03	6.016724805346235910e-02	4.871647827781367956e-01	2.000000000000000111e-01	1.199999999999999956e+00	3.256352809888277654e-03
3.810000000000000000e+02	7.056283105738967928e-03	9.386945891382367235e-02	3.490767958840848006e-01	2.000000000000000111e-01	1.199999999999999956e+00	1.059708939498869504e-02
3.820000000000000000e+02	2.194726428558353877e-03	1.694508500830333164e-01	1.582501518956780373e-01	2.000000000000000111e-01	1.199999999999999956e+00	5.371591170062427027e-03
3.830000000000000000e+02	1.549327845005454363e-03	9.422254924739286580e-03	7.674603105896021793e-01	2.000000000000000111e-01	1.199999999999999956e+00	6.226283223177106994e-03
