# lsbPerExcitatoryMicroSiemens:
1000.0
# lsbPerInhibitoryMicroSiemens:
250.0
# drviout_base:
1.5
# drvifall_base:
1.0
# calibration factors:
1.195208333333333206e+00
1.040208333333333179e+00
9.368750000000000133e-01
9.627083333333331661e-01
1.156458333333333144e+00
1.014375000000000027e+00
8.722916666666667984e-01
1.040208333333333179e+00
1.531041666666666856e+00
1.569791666666666474e+00
1.053124999999999867e+00
1.040208333333333179e+00
1.233958333333333046e+00
7.172916666666665497e-01
1.001458333333333117e+00
1.376041666666666829e+00
1.246874999999999956e+00
1.569791666666666474e+00
9.497916666666667007e-01
1.660208333333333286e+00
1.311458333333333393e+00
1.324375000000000080e+00
2.910416666666666430e-01
9.239583333333332149e-01
7.689583333333332993e-01
1.259791666666666643e+00
1.979166666666666574e-02
1.014375000000000027e+00
1.066041666666666776e+00
9.368750000000000133e-01
1.130624999999999991e+00
9.627083333333331661e-01
1.660208333333333286e+00
2.006250000000000255e-01
9.756249999999999645e-01
8.335416666666667362e-01
1.091874999999999929e+00
1.272708333333333330e+00
1.053124999999999867e+00
1.117708333333333082e+00
1.078958333333333242e+00
8.335416666666667362e-01
1.156458333333333144e+00
9.885416666666667629e-01
1.233958333333333046e+00
9.756249999999999645e-01
1.001458333333333117e+00
1.492291666666666572e+00
9.110416666666667496e-01
1.027291666666666714e+00
1.285624999999999796e+00
9.110416666666667496e-01
8.335416666666667362e-01
9.885416666666667629e-01
9.110416666666667496e-01
1.066041666666666776e+00
1.660208333333333286e+00
8.852083333333332638e-01
1.156458333333333144e+00
7.172916666666665497e-01
1.169374999999999831e+00
6.785416666666664876e-01
1.285624999999999796e+00
1.466458333333332975e+00
1.169374999999999831e+00
6.397916666666666474e-01
3.556250000000000244e-01
9.239583333333332149e-01
9.368750000000000133e-01
1.117708333333333082e+00
1.518125000000000169e+00
8.722916666666667984e-01
1.376041666666666829e+00
1.156458333333333144e+00
1.053124999999999867e+00
7.431250000000000355e-01
9.497916666666667007e-01
1.360416666666666441e-01
9.885416666666667629e-01
1.979166666666666574e-02
1.014375000000000027e+00
9.239583333333332149e-01
9.110416666666667496e-01
1.272708333333333330e+00
9.368750000000000133e-01
9.497916666666667007e-01
1.053124999999999867e+00
8.335416666666667362e-01
1.660208333333333286e+00
8.852083333333332638e-01
7.172916666666665497e-01
9.627083333333331661e-01
1.078958333333333242e+00
1.027291666666666714e+00
1.014375000000000027e+00
1.001458333333333117e+00
9.368750000000000133e-01
9.497916666666667007e-01
1.014375000000000027e+00
1.466458333333332975e+00
1.040208333333333179e+00
9.885416666666667629e-01
1.040208333333333179e+00
1.231249999999999983e-01
9.756249999999999645e-01
7.431250000000000355e-01
4.718749999999999889e-01
7.947916666666667851e-01
8.852083333333332638e-01
1.182291666666666741e+00
9.497916666666667007e-01
1.259791666666666643e+00
8.206250000000000488e-01
9.756249999999999645e-01
6.785416666666664876e-01
1.078958333333333242e+00
1.324375000000000080e+00
5.881249999999998979e-01
5.752083333333333215e-01
1.156458333333333144e+00
1.453541666666666954e+00
8.722916666666667984e-01
1.246874999999999956e+00
1.014375000000000027e+00
7.947916666666667851e-01
1.337291666666666545e+00
1.027291666666666714e+00
1.479374999999999885e+00
1.466458333333332975e+00
1.130624999999999991e+00
1.027291666666666714e+00
1.660208333333333286e+00
1.001458333333333117e+00
1.169374999999999831e+00
1.259791666666666643e+00
9.885416666666667629e-01
8.852083333333332638e-01
1.053124999999999867e+00
1.091874999999999929e+00
8.464583333333332016e-01
8.335416666666667362e-01
9.885416666666667629e-01
1.440625000000000044e+00
1.979166666666666574e-02
1.014375000000000027e+00
1.014375000000000027e+00
1.053124999999999867e+00
1.363125000000000142e+00
1.143541666666666679e+00
8.464583333333332016e-01
8.464583333333332016e-01
9.885416666666667629e-01
4.331249999999999822e-01
9.627083333333331661e-01
1.311458333333333393e+00
8.593750000000000000e-01
9.368750000000000133e-01
9.756249999999999645e-01
4.072916666666666630e-01
9.239583333333332149e-01
7.043750000000000844e-01
1.014375000000000027e+00
8.981249999999999512e-01
9.368750000000000133e-01
1.053124999999999867e+00
9.368750000000000133e-01
1.543958333333333099e+00
7.560416666666668339e-01
1.621458333333333002e+00
1.040208333333333179e+00
1.272708333333333330e+00
1.001458333333333117e+00
9.885416666666667629e-01
1.014375000000000027e+00
8.464583333333332016e-01
1.259791666666666643e+00
5.881249999999998979e-01
7.947916666666667851e-01
9.368750000000000133e-01
1.001458333333333117e+00
1.156458333333333144e+00
1.053124999999999867e+00
9.627083333333331661e-01
1.066041666666666776e+00
7.947916666666667851e-01
9.885416666666667629e-01
9.497916666666667007e-01
9.497916666666667007e-01
8.852083333333332638e-01
9.497916666666667007e-01
1.014375000000000027e+00
8.464583333333332016e-01
1.027291666666666714e+00
9.497916666666667007e-01
9.885416666666667629e-01
1.040208333333333179e+00
8.722916666666667984e-01
1.027291666666666714e+00
1.001458333333333117e+00
1.091874999999999929e+00
8.593750000000000000e-01
9.497916666666667007e-01
9.885416666666667629e-01
6.656249999999999112e-01
6.656249999999999112e-01
1.053124999999999867e+00
1.660208333333333286e+00
1.877083333333333381e-01
1.078958333333333242e+00
8.335416666666667362e-01
1.091874999999999929e+00
1.040208333333333179e+00
1.143541666666666679e+00
1.053124999999999867e+00
8.722916666666667984e-01
1.001458333333333117e+00
1.040208333333333179e+00
9.239583333333332149e-01
1.647291666666666599e+00
1.388958333333333073e+00
1.311458333333333393e+00
1.040208333333333179e+00
1.453541666666666954e+00
1.053124999999999867e+00
1.040208333333333179e+00
1.208124999999999893e+00
1.272708333333333330e+00
1.414791666666666670e+00
4.202083333333333504e-01
9.110416666666667496e-01
1.660208333333333286e+00
1.363125000000000142e+00
1.979166666666666574e-02
8.981249999999999512e-01
1.259791666666666643e+00
1.143541666666666679e+00
1.466458333333332975e+00
9.756249999999999645e-01
1.376041666666666829e+00
1.169374999999999831e+00
9.110416666666667496e-01
1.979166666666666574e-02
8.464583333333332016e-01
1.078958333333333242e+00
1.233958333333333046e+00
1.053124999999999867e+00
7.302083333333332371e-01
9.497916666666667007e-01
1.660208333333333286e+00
1.324375000000000080e+00
9.756249999999999645e-01
1.066041666666666776e+00
9.497916666666667007e-01
1.221041666666666581e+00
1.979166666666666574e-02
9.497916666666667007e-01
1.979166666666666574e-02
1.979166666666666574e-02
1.363125000000000142e+00
1.979166666666666574e-02
9.756249999999999645e-01
1.311458333333333393e+00
8.464583333333332016e-01
9.497916666666667007e-01
8.464583333333332016e-01
1.979166666666666574e-02
1.979166666666666574e-02
1.053124999999999867e+00
1.979166666666666574e-02
1.979166666666666574e-02
1.979166666666666574e-02
1.363125000000000142e+00
1.979166666666666574e-02
1.014375000000000027e+00
8.981249999999999512e-01
1.979166666666666574e-02
1.595625000000000071e+00
9.110416666666667496e-01
1.979166666666666574e-02
1.979166666666666574e-02
1.979166666666666574e-02
1.979166666666666574e-02
9.368750000000000133e-01
1.979166666666666574e-02
1.979166666666666574e-02
1.979166666666666574e-02
1.979166666666666574e-02
1.979166666666666574e-02
1.979166666666666574e-02
1.979166666666666574e-02
1.979166666666666574e-02
1.979166666666666574e-02
1.979166666666666574e-02
1.979166666666666574e-02
1.979166666666666574e-02
8.722916666666667984e-01
1.979166666666666574e-02
1.979166666666666574e-02
8.852083333333332638e-01
1.979166666666666574e-02
1.979166666666666574e-02
1.001458333333333117e+00
1.979166666666666574e-02
1.979166666666666574e-02
1.053124999999999867e+00
1.979166666666666574e-02
8.464583333333332016e-01
1.376041666666666829e+00
1.979166666666666574e-02
1.979166666666666574e-02
1.979166666666666574e-02
1.979166666666666574e-02
1.979166666666666574e-02
1.979166666666666574e-02
1.979166666666666574e-02
1.979166666666666574e-02
1.979166666666666574e-02
1.979166666666666574e-02
1.979166666666666574e-02
1.979166666666666574e-02
1.979166666666666574e-02
1.979166666666666574e-02
1.001458333333333117e+00
1.040208333333333179e+00
1.979166666666666574e-02
1.979166666666666574e-02
8.464583333333332016e-01
8.593750000000000000e-01
1.979166666666666574e-02
1.979166666666666574e-02
1.979166666666666574e-02
1.979166666666666574e-02
1.979166666666666574e-02
1.979166666666666574e-02
1.053124999999999867e+00
1.979166666666666574e-02
1.979166666666666574e-02
1.979166666666666574e-02
1.621458333333333002e+00
9.239583333333332149e-01
1.979166666666666574e-02
8.464583333333332016e-01
1.979166666666666574e-02
1.979166666666666574e-02
9.497916666666667007e-01
1.979166666666666574e-02
1.979166666666666574e-02
1.979166666666666574e-02
1.979166666666666574e-02
1.979166666666666574e-02
1.979166666666666574e-02
1.979166666666666574e-02
8.464583333333332016e-01
1.979166666666666574e-02
1.979166666666666574e-02
1.979166666666666574e-02
1.040208333333333179e+00
1.979166666666666574e-02
1.979166666666666574e-02
1.979166666666666574e-02
1.979166666666666574e-02
9.756249999999999645e-01
1.979166666666666574e-02
1.979166666666666574e-02
1.979166666666666574e-02
1.979166666666666574e-02
1.979166666666666574e-02
1.979166666666666574e-02
1.979166666666666574e-02
1.979166666666666574e-02
1.053124999999999867e+00
1.979166666666666574e-02
1.979166666666666574e-02
1.376041666666666829e+00
1.979166666666666574e-02
1.337291666666666545e+00
1.979166666666666574e-02
1.979166666666666574e-02
1.979166666666666574e-02
1.979166666666666574e-02
9.497916666666667007e-01
1.979166666666666574e-02
1.979166666666666574e-02
1.979166666666666574e-02
1.979166666666666574e-02
1.979166666666666574e-02
1.979166666666666574e-02
1.979166666666666574e-02
1.979166666666666574e-02
1.979166666666666574e-02
1.979166666666666574e-02
1.979166666666666574e-02
1.979166666666666574e-02
1.979166666666666574e-02
8.981249999999999512e-01
1.979166666666666574e-02
1.979166666666666574e-02
1.979166666666666574e-02
1.979166666666666574e-02
1.979166666666666574e-02
1.091874999999999929e+00
1.979166666666666574e-02
1.311458333333333393e+00
1.979166666666666574e-02
1.979166666666666574e-02
1.979166666666666574e-02
1.259791666666666643e+00
1.979166666666666574e-02
1.979166666666666574e-02
1.979166666666666574e-02
1.979166666666666574e-02
1.979166666666666574e-02
9.756249999999999645e-01
1.979166666666666574e-02
1.979166666666666574e-02
1.979166666666666574e-02
1.979166666666666574e-02
1.979166666666666574e-02
1.979166666666666574e-02
1.350208333333333455e+00
1.979166666666666574e-02
1.979166666666666574e-02
1.979166666666666574e-02
1.979166666666666574e-02
8.852083333333332638e-01
8.464583333333332016e-01
9.756249999999999645e-01
1.979166666666666574e-02
1.979166666666666574e-02
1.979166666666666574e-02
1.979166666666666574e-02
1.979166666666666574e-02
1.979166666666666574e-02
1.979166666666666574e-02
1.979166666666666574e-02
1.979166666666666574e-02
1.979166666666666574e-02
1.979166666666666574e-02
1.979166666666666574e-02
1.979166666666666574e-02
1.979166666666666574e-02
8.464583333333332016e-01
9.368750000000000133e-01
1.979166666666666574e-02
1.979166666666666574e-02
1.979166666666666574e-02
1.979166666666666574e-02
8.464583333333332016e-01
1.979166666666666574e-02
1.979166666666666574e-02
1.979166666666666574e-02
1.979166666666666574e-02
1.979166666666666574e-02
1.979166666666666574e-02
1.979166666666666574e-02
1.979166666666666574e-02
1.979166666666666574e-02
1.979166666666666574e-02
1.979166666666666574e-02
1.363125000000000142e+00
1.363125000000000142e+00
1.979166666666666574e-02
1.979166666666666574e-02
1.979166666666666574e-02
1.979166666666666574e-02
1.285624999999999796e+00
1.979166666666666574e-02
1.979166666666666574e-02
1.979166666666666574e-02
1.259791666666666643e+00
1.066041666666666776e+00
1.979166666666666574e-02
1.979166666666666574e-02
1.979166666666666574e-02
1.979166666666666574e-02
8.464583333333332016e-01
1.979166666666666574e-02
1.979166666666666574e-02
9.497916666666667007e-01
1.979166666666666574e-02
1.979166666666666574e-02
1.979166666666666574e-02
1.979166666666666574e-02
1.979166666666666574e-02
1.979166666666666574e-02
1.595625000000000071e+00
1.979166666666666574e-02
1.979166666666666574e-02
1.979166666666666574e-02
1.979166666666666574e-02
1.979166666666666574e-02
1.979166666666666574e-02
1.130624999999999991e+00
1.979166666666666574e-02
1.979166666666666574e-02
1.979166666666666574e-02
1.078958333333333242e+00
1.979166666666666574e-02
1.350208333333333455e+00
1.324375000000000080e+00
1.979166666666666574e-02
1.979166666666666574e-02
1.979166666666666574e-02
1.979166666666666574e-02
1.979166666666666574e-02
1.979166666666666574e-02
1.979166666666666574e-02
1.979166666666666574e-02
1.156458333333333144e+00
1.979166666666666574e-02
1.979166666666666574e-02
1.979166666666666574e-02
4.946875000000000022e-01
2.968749999999999861e-02
1.459374999999999978e-01
2.199687499999999574e+00
1.265624999999999944e-01
1.071874999999999911e-01
6.303125000000000533e-01
3.203125000000000000e-01
2.968749999999999861e-02
1.114687500000000053e+00
2.180312500000000320e+00
1.071874999999999911e-01
2.141562500000000036e+00
6.496874999999999734e-01
4.365624999999999645e-01
8.628124999999999822e-01
2.968749999999999861e-02
9.790624999999999467e-01
9.984374999999998668e-01
1.347187499999999982e+00
1.502187499999999787e+00
2.968749999999999861e-02
2.238437499999999858e+00
3.203125000000000000e-01
5.334375000000000089e-01
7.853124999999999689e-01
2.490312499999999929e+00
1.211562499999999876e+00
1.846875000000000044e-01
2.490312499999999929e+00
2.621875000000000178e-01
1.846875000000000044e-01
2.160937500000000178e+00
2.490312499999999929e+00
2.432187499999999503e+00
3.203125000000000000e-01
1.909062500000000107e+00
7.465625000000000178e-01
1.579687499999999911e+00
6.496874999999999734e-01
1.459374999999999978e-01
2.025312500000000071e+00
6.843749999999999833e-02
9.209374999999999645e-01
7.271874999999999867e-01
6.843749999999999833e-02
9.209374999999999645e-01
9.015624999999999334e-01
1.230937500000000018e+00
1.459374999999999978e-01
2.968749999999999861e-02
9.015624999999999334e-01
1.599062500000000053e+00
6.843749999999999833e-02
4.906249999999999500e-02
1.265624999999999944e-01
2.968749999999999861e-02
8.046875000000000000e-01
2.968749999999999861e-02
2.490312499999999929e+00
7.078124999999999556e-01
5.915624999999999911e-01
6.496874999999999734e-01
9.403124999999998845e-01
2.354687499999999822e+00
1.870312499999999822e+00
1.502187499999999787e+00
6.843749999999999833e-02
6.843749999999999833e-02
5.140624999999999778e-01
2.968749999999999861e-02
2.968749999999999861e-02
4.946875000000000022e-01
1.947812499999999947e+00
3.203125000000000000e-01
8.628124999999999822e-01
1.637812499999999893e+00
2.490312499999999929e+00
2.428124999999999867e-01
2.490312499999999929e+00
6.303125000000000533e-01
1.653124999999999734e-01
3.978125000000000133e-01
2.968749999999999861e-02
1.071874999999999911e-01
2.621875000000000178e-01
6.496874999999999734e-01
2.490312499999999929e+00
2.968749999999999861e-02
2.296562500000000284e+00
6.303125000000000533e-01
2.040624999999999800e-01
2.083437499999999609e+00
1.482812500000000089e+00
6.843749999999999833e-02
4.906249999999999500e-02
1.075937499999999769e+00
2.234375000000000111e-01
1.265624999999999944e-01
7.853124999999999689e-01
8.781250000000000167e-02
1.071874999999999911e-01
1.653124999999999734e-01
2.490312499999999929e+00
1.653124999999999734e-01
2.490312499999999929e+00
8.240624999999999201e-01
4.906249999999999500e-02
2.621875000000000178e-01
1.502187499999999787e+00
6.303125000000000533e-01
1.579687499999999911e+00
2.428124999999999867e-01
2.968749999999999861e-02
2.490312499999999929e+00
3.009375000000000244e-01
2.968749999999999861e-02
2.490312499999999929e+00
2.490312499999999929e+00
2.968749999999999861e-02
2.968749999999999861e-02
1.366562500000000124e+00
8.434374999999999512e-01
2.968749999999999861e-02
1.846875000000000044e-01
5.528124999999999289e-01
2.470937499999999787e+00
2.040624999999999800e-01
1.347187499999999982e+00
6.303125000000000533e-01
1.071874999999999911e-01
6.884375000000000355e-01
4.906249999999999500e-02
5.721875000000000711e-01
1.846875000000000044e-01
1.579687499999999911e+00
6.303125000000000533e-01
2.968749999999999861e-02
4.559374999999999956e-01
2.968749999999999861e-02
4.559374999999999956e-01
2.141562500000000036e+00
9.596874999999999156e-01
2.490312499999999929e+00
1.071874999999999911e-01
8.781250000000000167e-02
9.596874999999999156e-01
1.056562500000000071e+00
2.432187499999999503e+00
2.621875000000000178e-01
5.140624999999999778e-01
1.071874999999999911e-01
2.490312499999999929e+00
3.009375000000000244e-01
4.946875000000000022e-01
3.978125000000000133e-01
9.403124999999998845e-01
2.083437499999999609e+00
2.490312499999999929e+00
1.265624999999999944e-01
2.428124999999999867e-01
1.734687499999999716e+00
7.078124999999999556e-01
1.889687499999999964e+00
1.459374999999999978e-01
3.784374999999999822e-01
1.846875000000000044e-01
1.265624999999999944e-01
1.502187499999999787e+00
2.621875000000000178e-01
1.521562499999999929e+00
3.009375000000000244e-01
1.075937499999999769e+00
4.906249999999999500e-02
1.695937499999999876e+00
3.203125000000000000e-01
6.303125000000000533e-01
3.784374999999999822e-01
2.040624999999999800e-01
3.784374999999999822e-01
1.846875000000000044e-01
4.946875000000000022e-01
2.040624999999999800e-01
3.203125000000000000e-01
8.821874999999999023e-01
2.412812500000000249e+00
4.946875000000000022e-01
1.265624999999999944e-01
2.621875000000000178e-01
2.968749999999999861e-02
1.846875000000000044e-01
5.140624999999999778e-01
1.653124999999999734e-01
8.781250000000000167e-02
4.753124999999999711e-01
8.781250000000000167e-02
1.405312499999999964e+00
6.109375000000000222e-01
1.459374999999999978e-01
4.946875000000000022e-01
9.015624999999999334e-01
2.815624999999999933e-01
2.490312499999999929e+00
2.490312499999999929e+00
9.403124999999998845e-01
8.434374999999999512e-01
2.968749999999999861e-02
2.490312499999999929e+00
7.853124999999999689e-01
9.015624999999999334e-01
2.968749999999999861e-02
1.056562500000000071e+00
2.968749999999999861e-02
1.071874999999999911e-01
1.676562499999999734e+00
6.843749999999999833e-02
9.596874999999999156e-01
8.781250000000000167e-02
9.209374999999999645e-01
2.968749999999999861e-02
3.009375000000000244e-01
9.596874999999999156e-01
1.192187500000000178e+00
3.978125000000000133e-01
8.781250000000000167e-02
2.354687499999999822e+00
6.843749999999999833e-02
2.968749999999999861e-02
2.490312499999999929e+00
1.265624999999999944e-01
2.968749999999999861e-02
5.334375000000000089e-01
2.490312499999999929e+00
1.579687499999999911e+00
5.721875000000000711e-01
1.114687500000000053e+00
9.984374999999998668e-01
3.590625000000000067e-01
1.265624999999999944e-01
3.203125000000000000e-01
6.496874999999999734e-01
2.490312499999999929e+00
3.203125000000000000e-01
4.906249999999999500e-02
2.968749999999999861e-02
7.659374999999999378e-01
4.365624999999999645e-01
1.653124999999999734e-01
2.968749999999999861e-02
8.046875000000000000e-01
2.234375000000000111e-01
8.434374999999999512e-01
4.946875000000000022e-01
1.502187499999999787e+00
2.490312499999999929e+00
4.946875000000000022e-01
2.296562500000000284e+00
2.451562499999999645e+00
2.490312499999999929e+00
1.870312499999999822e+00
1.560312499999999769e+00
2.490312499999999929e+00
1.192187500000000178e+00
2.490312499999999929e+00
7.659374999999999378e-01
1.095312499999999911e+00
9.403124999999998845e-01
2.083437499999999609e+00
2.335312499999999680e+00
2.412812500000000249e+00
2.470937499999999787e+00
8.821874999999999023e-01
2.490312499999999929e+00
1.715312500000000018e+00
1.075937499999999769e+00
2.451562499999999645e+00
2.470937499999999787e+00
2.451562499999999645e+00
1.792812499999999698e+00
1.230937500000000018e+00
2.412812500000000249e+00
2.315937499999999538e+00
2.490312499999999929e+00
1.056562500000000071e+00
2.470937499999999787e+00
2.470937499999999787e+00
2.490312499999999929e+00
2.083437499999999609e+00
2.490312499999999929e+00
2.393437500000000107e+00
2.470937499999999787e+00
2.180312500000000320e+00
2.490312499999999929e+00
1.230937500000000018e+00
2.025312500000000071e+00
1.095312499999999911e+00
2.490312499999999929e+00
2.490312499999999929e+00
2.451562499999999645e+00
2.470937499999999787e+00
2.490312499999999929e+00
2.180312500000000320e+00
1.792812499999999698e+00
2.490312499999999929e+00
2.451562499999999645e+00
7.659374999999999378e-01
2.180312500000000320e+00
1.599062500000000053e+00
1.870312499999999822e+00
2.412812500000000249e+00
1.250312500000000160e+00
2.490312499999999929e+00
1.230937500000000018e+00
2.490312499999999929e+00
1.250312500000000160e+00
2.160937500000000178e+00
9.403124999999998845e-01
1.230937500000000018e+00
9.596874999999999156e-01
2.412812500000000249e+00
2.315937499999999538e+00
1.521562499999999929e+00
1.792812499999999698e+00
1.075937499999999769e+00
2.025312500000000071e+00
1.250312500000000160e+00
1.211562499999999876e+00
2.490312499999999929e+00
2.180312500000000320e+00
1.056562500000000071e+00
1.870312499999999822e+00
1.017812499999999787e+00
2.470937499999999787e+00
1.967187500000000089e+00
2.451562499999999645e+00
1.211562499999999876e+00
1.909062500000000107e+00
1.211562499999999876e+00
2.470937499999999787e+00
2.490312499999999929e+00
8.628124999999999822e-01
2.083437499999999609e+00
1.792812499999999698e+00
1.017812499999999787e+00
2.490312499999999929e+00
2.490312499999999929e+00
2.335312499999999680e+00
2.451562499999999645e+00
1.250312500000000160e+00
2.490312499999999929e+00
1.230937500000000018e+00
2.412812500000000249e+00
7.853124999999999689e-01
1.153437499999999893e+00
1.172812500000000036e+00
1.250312500000000160e+00
1.172812500000000036e+00
2.102812499999999751e+00
1.250312500000000160e+00
2.451562499999999645e+00
1.172812500000000036e+00
1.560312499999999769e+00
2.490312499999999929e+00
1.250312500000000160e+00
2.490312499999999929e+00
1.075937499999999769e+00
1.812187499999999840e+00
2.432187499999999503e+00
2.393437500000000107e+00
1.211562499999999876e+00
2.160937500000000178e+00
1.657187500000000036e+00
1.211562499999999876e+00
2.064062500000000355e+00
2.490312499999999929e+00
2.102812499999999751e+00
2.083437499999999609e+00
2.490312499999999929e+00
2.490312499999999929e+00
1.037187499999999929e+00
2.393437500000000107e+00
2.490312499999999929e+00
2.141562500000000036e+00
2.490312499999999929e+00
9.790624999999999467e-01
2.083437499999999609e+00
2.374062499999999964e+00
2.296562500000000284e+00
2.490312499999999929e+00
2.490312499999999929e+00
1.230937500000000018e+00
2.412812500000000249e+00
2.490312499999999929e+00
2.412812500000000249e+00
2.122187499999999893e+00
2.490312499999999929e+00
1.463437499999999947e+00
7.465625000000000178e-01
2.180312500000000320e+00
1.075937499999999769e+00
2.335312499999999680e+00
2.315937499999999538e+00
1.637812499999999893e+00
1.870312499999999822e+00
2.296562500000000284e+00
2.432187499999999503e+00
2.257812500000000000e+00
1.792812499999999698e+00
7.853124999999999689e-01
1.211562499999999876e+00
7.853124999999999689e-01
1.850937499999999680e+00
1.172812500000000036e+00
2.374062499999999964e+00
2.490312499999999929e+00
2.490312499999999929e+00
2.180312500000000320e+00
2.180312500000000320e+00
2.025312500000000071e+00
1.618437499999999751e+00
2.490312499999999929e+00
2.490312499999999929e+00
2.490312499999999929e+00
1.172812500000000036e+00
2.180312500000000320e+00
2.490312499999999929e+00
2.315937499999999538e+00
1.463437499999999947e+00
2.219062499999999716e+00
7.853124999999999689e-01
1.230937500000000018e+00
7.853124999999999689e-01
2.490312499999999929e+00
1.250312500000000160e+00
1.192187500000000178e+00
2.490312499999999929e+00
2.490312499999999929e+00
1.715312500000000018e+00
1.773437500000000000e+00
2.490312499999999929e+00
2.470937499999999787e+00
7.853124999999999689e-01
1.230937500000000018e+00
2.180312500000000320e+00
2.470937499999999787e+00
9.790624999999999467e-01
2.180312500000000320e+00
2.219062499999999716e+00
2.470937499999999787e+00
1.831562499999999982e+00
1.773437500000000000e+00
2.180312500000000320e+00
2.005937499999999929e+00
2.490312499999999929e+00
2.257812500000000000e+00
2.335312499999999680e+00
1.560312499999999769e+00
2.335312499999999680e+00
2.490312499999999929e+00
1.230937500000000018e+00
2.451562499999999645e+00
2.470937499999999787e+00
1.075937499999999769e+00
1.870312499999999822e+00
2.470937499999999787e+00
2.490312499999999929e+00
2.490312499999999929e+00
2.238437499999999858e+00
2.490312499999999929e+00
1.754062499999999858e+00
1.056562500000000071e+00
2.490312499999999929e+00
1.560312499999999769e+00
2.490312499999999929e+00
2.122187499999999893e+00
1.792812499999999698e+00
8.628124999999999822e-01
2.490312499999999929e+00
2.470937499999999787e+00
1.444062499999999805e+00
2.432187499999999503e+00
2.490312499999999929e+00
2.490312499999999929e+00
1.502187499999999787e+00
1.870312499999999822e+00
1.172812500000000036e+00
2.335312499999999680e+00
2.490312499999999929e+00
2.335312499999999680e+00
2.180312500000000320e+00
2.490312499999999929e+00
2.470937499999999787e+00
2.490312499999999929e+00
1.327812499999999840e+00
2.470937499999999787e+00
2.490312499999999929e+00
1.986562500000000231e+00
2.025312500000000071e+00
8.240624999999999201e-01
2.335312499999999680e+00
1.715312500000000018e+00
2.490312499999999929e+00
1.560312499999999769e+00
2.490312499999999929e+00
1.250312500000000160e+00
2.025312500000000071e+00
2.490312499999999929e+00
1.850937499999999680e+00
2.451562499999999645e+00
9.403124999999998845e-01
2.335312499999999680e+00
1.502187499999999787e+00
