0.000000000000000000e+00	-1.147246664843259425e-03	2.468899326111589076e-01	1.295707317660887981e-02	2.000000000000000111e-01	1.199999999999999956e+00	6.585155437872690018e-03
1.000000000000000000e+00	2.472005947346791595e-05	1.166490326470224909e-01	5.249417162564320449e-01	2.000000000000000111e-01	1.199999999999999956e+00	7.335835900470308313e-03
2.000000000000000000e+00	-1.592576939905723625e-03	2.338683808042655299e-01	1.486030500713768632e-01	2.000000000000000111e-01	1.199999999999999956e+00	4.348701241355753914e-03
3.000000000000000000e+00	2.365546650813167735e-04	9.467621945812602913e-02	4.750454674936896993e-01	2.000000000000000111e-01	1.199999999999999956e+00	5.414295420936931537e-03
4.000000000000000000e+00	1.238426032180139566e-03	1.219286066180402806e-01	4.148926171805578100e-01	2.000000000000000111e-01	1.199999999999999956e+00	7.186887723608405276e-03
5.000000000000000000e+00	8.682534023754537398e-04	1.298103800724319801e-01	3.802925554688516563e-01	2.000000000000000111e-01	1.199999999999999956e+00	4.937142775406965466e-03
6.000000000000000000e+00	-1.322928944028145710e-03	4.308734031717905699e-01	-3.877020136406796880e-01	2.000000000000000111e-01	1.199999999999999956e+00	4.392593050928470834e-03
7.000000000000000000e+00	1.214381717679736359e-04	1.401082955138890085e-01	6.166292415741381205e-02	2.000000000000000111e-01	1.199999999999999956e+00	4.367816827317129794e-03
8.000000000000000000e+00	-8.914479973488648526e-03	6.105049429417236384e-01	-8.829026956840362317e-01	2.000000000000000111e-01	1.199999999999999956e+00	9.330309344619381814e-03
9.000000000000000000e+00	-4.703764614979706951e-04	2.235142622010940772e-01	1.461317392447116781e-01	2.000000000000000111e-01	1.199999999999999956e+00	6.387004679883306717e-03
1.000000000000000000e+01	8.898175590460842685e-04	2.099563552518264042e-01	2.062931899705229277e-01	2.000000000000000111e-01	1.199999999999999956e+00	6.904939351255288439e-03
1.100000000000000000e+01	2.489424030338343013e-03	4.085249648445512527e-01	-7.936004934851990100e-01	2.000000000000000111e-01	1.199999999999999956e+00	4.791376460627684401e-03
1.200000000000000000e+01	7.848732515641840398e-04	1.707832064841808273e-01	1.544750138852521992e-01	2.000000000000000111e-01	1.199999999999999956e+00	5.438990406917171283e-03
1.300000000000000000e+01	-5.146826638525109701e-04	9.572446387370142640e-02	6.217061950647835289e-01	2.000000000000000111e-01	1.199999999999999956e+00	7.928907846116582669e-02
1.400000000000000000e+01	-1.477279459723463036e-03	2.890606075935049923e-01	1.736962000191422106e-02	2.000000000000000111e-01	1.199999999999999956e+00	1.014908868900939697e-02
1.500000000000000000e+01	9.553401517744361700e-04	4.453596271728348377e-01	-6.092005519754986054e-01	2.000000000000000111e-01	1.199999999999999956e+00	4.209290900215260922e-03
1.600000000000000000e+01	7.395076361642610599e-04	1.172052305851981335e-01	4.104120232080670228e-01	2.000000000000000111e-01	1.199999999999999956e+00	4.573904673145370338e-03
1.700000000000000000e+01	-1.363884856382806298e-04	1.976736639009095409e-01	1.872929413364028406e-01	2.000000000000000111e-01	1.199999999999999956e+00	3.762517120401882853e-03
1.800000000000000000e+01	-2.405591724640038405e-03	3.094942327404037741e-01	-1.183243795683566191e-01	2.000000000000000111e-01	1.199999999999999956e+00	8.909391956886824129e-03
1.900000000000000000e+01	3.020083808164029200e-04	1.047304948756650755e-01	5.842838858046772721e-01	2.000000000000000111e-01	1.199999999999999956e+00	1.639470896562383526e-02
2.000000000000000000e+01	2.573497749816356251e-03	2.304530606473145504e-01	1.535426352365747427e-01	2.000000000000000111e-01	1.199999999999999956e+00	1.455925711464814594e-02
2.100000000000000000e+01	7.204705409443346465e-04	4.583102055126136998e-02	6.856521438492890752e-01	2.000000000000000111e-01	1.199999999999999956e+00	1.029639499286526261e-02
2.200000000000000000e+01	1.767242588615856608e-03	1.666140028255091998e-01	2.683419989499937763e-01	2.000000000000000111e-01	1.199999999999999956e+00	5.553443705062888203e-03
2.300000000000000000e+01	-3.429266294051109241e-03	4.723463285255558586e-01	-6.448100810762698032e-01	2.000000000000000111e-01	1.199999999999999956e+00	6.156384832277326906e-03
2.400000000000000000e+01	4.954928173328394759e-04	1.425685310842425002e-01	3.166927850251464172e-01	2.000000000000000111e-01	1.199999999999999956e+00	6.121231650045396398e-03
2.500000000000000000e+01	-1.260815116121087771e-03	1.919627393056605458e-01	3.406500211446257254e-01	2.000000000000000111e-01	1.199999999999999956e+00	2.888507611816770217e-03
2.600000000000000000e+01	-1.027858344568661564e-03	2.215225071035989979e-01	1.795712273669272108e-01	2.000000000000000111e-01	1.199999999999999956e+00	2.372064535073811764e-03
2.700000000000000000e+01	1.216104403592461287e-03	1.718594676720500980e-01	3.485727905724447240e-01	2.000000000000000111e-01	1.199999999999999956e+00	6.673344110213830574e-03
2.800000000000000000e+01	1.024957619279873644e-03	4.181375112539526678e-02	6.949053533925106940e-01	2.000000000000000111e-01	1.199999999999999956e+00	7.958737204491994968e-03
2.900000000000000000e+01	3.207109822927306465e-04	1.743200070688929182e-01	1.838486837655670669e-01	2.000000000000000111e-01	1.199999999999999956e+00	3.294735566297654628e-03
3.000000000000000000e+01	-5.481620109237507693e-04	1.953641805916710439e-01	1.939550233655640277e-01	2.000000000000000111e-01	1.199999999999999956e+00	6.170544325698368478e-03
3.100000000000000000e+01	-4.571515638764405364e-04	4.287803672285201428e-01	-4.542436001703968884e-01	2.000000000000000111e-01	1.199999999999999956e+00	6.986905860244995749e-03
3.200000000000000000e+01	2.542575713964041143e-03	2.438596539485157477e-01	-1.420655312002949699e-01	2.000000000000000111e-01	1.199999999999999956e+00	6.573057593120851250e-03
3.300000000000000000e+01	8.572827809791684975e-04	5.660969921997145715e-02	6.389347794850437356e-01	2.000000000000000111e-01	1.199999999999999956e+00	7.899056386512013153e-03
3.400000000000000000e+01	1.722916032365635897e-03	1.601480776263094763e-01	2.219872951235291048e-01	2.000000000000000111e-01	1.199999999999999956e+00	3.137868281982943326e-03
3.500000000000000000e+01	-1.126959822392494459e-03	2.845945934738480787e-01	5.991041198325941508e-02	2.000000000000000111e-01	1.199999999999999956e+00	8.225494853144773438e-03
3.600000000000000000e+01	7.143921636870018870e-04	2.317988563915317213e-01	-1.736969236930971938e-01	2.000000000000000111e-01	1.199999999999999956e+00	5.635592613562940938e-03
3.700000000000000000e+01	-6.327528314567325545e-04	3.178366689601901385e-01	-2.890911328534233604e-01	2.000000000000000111e-01	1.199999999999999956e+00	5.295334849893740085e-03
3.800000000000000000e+01	6.631591481300326248e-04	6.753902814322003401e-02	5.020792508963847212e-01	2.000000000000000111e-01	1.199999999999999956e+00	2.617426691083475122e-03
3.900000000000000000e+01	3.634681192311640962e-04	9.774704834639316720e-02	5.832898778531476758e-01	2.000000000000000111e-01	1.199999999999999956e+00	3.954096512788772555e-02
4.000000000000000000e+01	6.184590775029905931e-04	1.809830807641577000e-01	1.039490816336807733e-01	2.000000000000000111e-01	1.199999999999999956e+00	9.241848482115349803e-03
4.100000000000000000e+01	-1.612006463325857473e-04	1.112205630793005884e-01	4.117416713328614364e-01	2.000000000000000111e-01	1.199999999999999956e+00	4.920952734383024149e-03
4.200000000000000000e+01	3.864326110596357552e-03	5.292378702679227664e-02	6.215542831726931228e-01	2.000000000000000111e-01	1.199999999999999956e+00	8.075139902566016992e-03
4.300000000000000000e+01	-1.039335076960433424e-03	2.590455671167865570e-01	5.139829505197024417e-02	2.000000000000000111e-01	1.199999999999999956e+00	9.244826330250369845e-03
4.400000000000000000e+01	-2.762668451106932866e-03	3.454940587272357089e-01	-2.064425759995618392e-01	2.000000000000000111e-01	1.199999999999999956e+00	9.024010830582894840e-03
4.500000000000000000e+01	-4.753087280403288720e-03	4.100824934626693397e-01	-1.683251332301942682e-01	2.000000000000000111e-01	1.199999999999999956e+00	7.360691187442046195e-03
4.600000000000000000e+01	1.566176531218820738e-03	1.267573956761231246e-01	3.177470286439807445e-01	2.000000000000000111e-01	1.199999999999999956e+00	3.184919286663833327e-03
4.700000000000000000e+01	-5.651167951938552633e-04	3.840782191423997016e-01	-3.614125332438664628e-01	2.000000000000000111e-01	1.199999999999999956e+00	4.342820592376337059e-03
4.800000000000000000e+01	2.872200356489384120e-03	1.895265557376317189e-01	6.693491050178046464e-02	2.000000000000000111e-01	1.199999999999999956e+00	2.789635518063526051e-03
4.900000000000000000e+01	1.204724852894956165e-03	3.260034586378968702e-01	-4.060485643420732593e-01	2.000000000000000111e-01	1.199999999999999956e+00	6.945621684947824066e-03
5.000000000000000000e+01	-1.017101145907784582e-02	4.879084525931079441e-01	-1.499859740580210321e+00	2.000000000000000111e-01	1.199999999999999956e+00	2.040554970015106551e-01
5.100000000000000000e+01	7.816561176208926655e-04	8.170547216194891382e-02	4.730495262329732498e-01	2.000000000000000111e-01	1.199999999999999956e+00	7.532338860450482100e-03
5.200000000000000000e+01	8.763944616054446897e-04	2.138965172633495448e-01	1.661576105233106837e-01	2.000000000000000111e-01	1.199999999999999956e+00	5.590954156883272408e-03
5.300000000000000000e+01	1.916035710043845512e-03	1.845990355579739395e-01	2.139720227736852110e-01	2.000000000000000111e-01	1.199999999999999956e+00	5.868491250312366306e-03
5.400000000000000000e+01	-2.692983898410737653e-03	3.922566696834298150e-01	-7.545736162560165994e-01	2.000000000000000111e-01	1.199999999999999956e+00	3.212841359709534862e-03
5.500000000000000000e+01	-1.191148864679216765e-04	1.867279985149411514e-01	8.807058242186371899e-02	2.000000000000000111e-01	1.199999999999999956e+00	2.725670369197170147e-03
5.600000000000000000e+01	1.002508542243036216e-04	1.323829160336384980e-01	4.292918770137381657e-01	2.000000000000000111e-01	1.199999999999999956e+00	9.303848150991594207e-03
5.700000000000000000e+01	-1.075952987091243623e-03	3.625105001682401018e-01	-1.956252283437498463e-01	2.000000000000000111e-01	1.199999999999999956e+00	8.333596966850443863e-03
5.800000000000000000e+01	1.142822193486319957e-02	2.933889720171916626e-01	-2.169748184998039342e-01	2.000000000000000111e-01	1.199999999999999956e+00	2.775947069603267991e-03
5.900000000000000000e+01	1.333040754397985320e-02	5.011981301158975333e-01	-6.843423109593356202e-01	2.000000000000000111e-01	1.199999999999999956e+00	5.460150396499668587e-03
6.000000000000000000e+01	2.774164664877443436e-03	3.648432120982567084e-02	6.667956538645358755e-01	2.000000000000000111e-01	1.199999999999999956e+00	1.917679081848451886e-02
6.100000000000000000e+01	5.645474790266687961e-04	3.682617048982805841e-01	-2.845027636745682820e-01	2.000000000000000111e-01	1.199999999999999956e+00	9.750328789158798151e-03
6.200000000000000000e+01	2.487897481681807486e-03	7.261682691128226730e-02	5.523319091886953469e-01	2.000000000000000111e-01	1.199999999999999956e+00	7.212835960991114716e-03
6.300000000000000000e+01	-4.017269820769174375e-03	3.130385066724164500e-01	1.485285675691612184e-01	2.000000000000000111e-01	1.199999999999999956e+00	8.507311335567759383e-03
6.400000000000000000e+01	-3.356192135524544741e-03	3.899672633053586912e-01	-4.840013175299322512e-01	2.000000000000000111e-01	1.199999999999999956e+00	3.837149891942247260e-03
6.500000000000000000e+01	7.982804173116722591e-04	2.639198865365324775e-01	-1.959527954729263222e-01	2.000000000000000111e-01	1.199999999999999956e+00	4.007848317201941415e-03
6.600000000000000000e+01	2.315435988182608026e-03	2.917520783897322723e-01	-4.168366320064316177e-01	2.000000000000000111e-01	1.199999999999999956e+00	4.159665477128753064e-03
6.700000000000000000e+01	9.884249597689491115e-04	3.217556237743419700e-01	-3.954884525407691420e-01	2.000000000000000111e-01	1.199999999999999956e+00	4.820914294115693534e-03
6.800000000000000000e+01	-4.332006864961625552e-04	2.293977749067183936e-01	1.308998718139759987e-01	2.000000000000000111e-01	1.199999999999999956e+00	2.557972938317617552e-03
6.900000000000000000e+01	2.648455953165996732e-03	1.227000116532278307e-01	3.997697478762067824e-01	2.000000000000000111e-01	1.199999999999999956e+00	6.518227147153729008e-03
7.000000000000000000e+01	5.488708800056899765e-04	9.149696986111026387e-02	5.278408581296387680e-01	2.000000000000000111e-01	1.199999999999999956e+00	8.910153066383054085e-03
7.100000000000000000e+01	1.494705421979712493e-03	7.053771310781477011e-01	-1.322255771809150993e+00	2.000000000000000111e-01	1.199999999999999956e+00	4.925833887024638758e-03
7.200000000000000000e+01	2.249863747455328484e-03	2.146278553176443338e-01	3.560706528121748704e-02	2.000000000000000111e-01	1.199999999999999956e+00	6.135077221394164351e-03
7.300000000000000000e+01	6.066157027912445982e-04	1.413349572208792426e-01	4.036906356946308172e-01	2.000000000000000111e-01	1.199999999999999956e+00	7.827466478909014813e-03
7.400000000000000000e+01	-3.649666870451271587e-04	2.470234972168572907e-01	1.322919664242134807e-01	2.000000000000000111e-01	1.199999999999999956e+00	2.585188520998244529e-03
7.500000000000000000e+01	8.118694689515939221e-04	1.006413170034812093e-01	4.155929282439299044e-01	2.000000000000000111e-01	1.199999999999999956e+00	3.330595233540764848e-03
7.600000000000000000e+01	1.783412018501409667e-03	1.141855717982703661e-01	3.240427363635869362e-01	2.000000000000000111e-01	1.199999999999999956e+00	3.631547613900331772e-03
7.700000000000000000e+01	6.170216160311332637e-04	1.641679695367357084e-01	2.673476839988753184e-01	2.000000000000000111e-01	1.199999999999999956e+00	4.055936821767294406e-03
7.800000000000000000e+01	3.034276373039243840e-03	8.996743728856813893e-02	5.476051898182361377e-01	2.000000000000000111e-01	1.199999999999999956e+00	1.121517539598556809e-02
7.900000000000000000e+01	1.051152980220829711e-03	9.856106451452656403e-02	3.534076654853319788e-01	2.000000000000000111e-01	1.199999999999999956e+00	4.723501349533135683e-03
8.000000000000000000e+01	3.300963713841410102e-03	1.014241025329378210e-01	4.945313112845619585e-01	2.000000000000000111e-01	1.199999999999999956e+00	1.150558648555945716e-02
8.100000000000000000e+01	-1.075112823098205617e-04	1.512900535401933699e-01	3.973514098569568276e-01	2.000000000000000111e-01	1.199999999999999956e+00	5.551580848655833511e-03
8.200000000000000000e+01	-5.617668446117086989e-03	4.082274420549323879e-01	-3.769154615726657553e-01	2.000000000000000111e-01	1.199999999999999956e+00	9.721399006573391496e-03
8.300000000000000000e+01	3.749604728964304849e-04	3.006347168094525291e-01	-2.290280601876872879e-01	2.000000000000000111e-01	1.199999999999999956e+00	4.135740450927386305e-03
8.400000000000000000e+01	2.318134230334601071e-04	3.405465504626373208e-01	-4.049550962535031218e-02	2.000000000000000111e-01	1.199999999999999956e+00	6.681803370294558085e-03
8.500000000000000000e+01	1.799570679255696676e-04	1.971595329024874999e-01	1.541387968967624644e-01	2.000000000000000111e-01	1.199999999999999956e+00	3.763432382025271809e-03
8.600000000000000000e+01	2.329287891387922006e-03	2.732992717226663815e-01	3.217403957736220121e-02	2.000000000000000111e-01	1.199999999999999956e+00	7.321056607475813841e-03
8.700000000000000000e+01	1.037047478816522598e-03	2.483298398097061599e-01	4.578090667694523219e-02	2.000000000000000111e-01	1.199999999999999956e+00	6.478213440248277097e-03
8.800000000000000000e+01	1.269926884478627489e-03	1.220519323138617995e-01	4.717583211589557735e-01	2.000000000000000111e-01	1.199999999999999956e+00	1.495625647399944670e-02
8.900000000000000000e+01	-1.611019641328424116e-04	1.748386060146340237e-01	2.120112927374955269e-01	2.000000000000000111e-01	1.199999999999999956e+00	6.397196230502032351e-03
9.000000000000000000e+01	1.894326064125774727e-04	1.568285793109127080e-01	3.684989907201212667e-01	2.000000000000000111e-01	1.199999999999999956e+00	1.164556997366159551e-02
9.100000000000000000e+01	-6.008504136915863644e-03	3.680359284316516710e-01	-5.110462394159380750e-01	2.000000000000000111e-01	1.199999999999999956e+00	1.998416967036941577e-02
9.200000000000000000e+01	3.106528979398469337e-03	1.629475330008529066e-01	2.866721467897233033e-01	2.000000000000000111e-01	1.199999999999999956e+00	8.640610854158880735e-03
9.300000000000000000e+01	5.397125611811218887e-04	1.178552090498337923e-01	2.594476528926743519e-01	2.000000000000000111e-01	1.199999999999999956e+00	2.866096503555731236e-03
9.400000000000000000e+01	1.152035128800971012e-03	2.293186534298383705e-01	1.721628091479150413e-01	2.000000000000000111e-01	1.199999999999999956e+00	1.048879381618903275e-02
9.500000000000000000e+01	-7.175199990454852409e-04	2.163462720750353729e-01	1.260851582509463498e-01	2.000000000000000111e-01	1.199999999999999956e+00	7.475571139264616631e-03
9.600000000000000000e+01	-4.278888116081316874e-04	2.296224221726594072e-01	2.422409152986286784e-01	2.000000000000000111e-01	1.199999999999999956e+00	5.744473018669617008e-03
9.700000000000000000e+01	3.850658560946088483e-03	4.799962411767030868e-02	5.169411468014560862e-01	2.000000000000000111e-01	1.199999999999999956e+00	5.782355116847287362e-03
9.800000000000000000e+01	-4.769738718942263291e-03	4.374899425395307739e-01	-2.438006156335852381e-01	2.000000000000000111e-01	1.199999999999999956e+00	8.228147325898866812e-03
9.900000000000000000e+01	-1.038460081518055708e-03	2.937298261711813741e-01	1.893314386798916615e-01	2.000000000000000111e-01	1.199999999999999956e+00	9.951492193281790896e-03
1.000000000000000000e+02	-1.480800886533283631e-03	4.094411843342525836e-01	-3.065618383408637015e-01	2.000000000000000111e-01	1.199999999999999956e+00	9.577930326111382814e-03
1.010000000000000000e+02	-8.469208356715636835e-03	4.530742304563081246e-01	-1.014283873658344604e+00	2.000000000000000111e-01	1.199999999999999956e+00	2.559682543419588077e-02
1.020000000000000000e+02	1.330449577310673266e-03	3.182598693322009620e-01	-7.249083537726264126e-02	2.000000000000000111e-01	1.199999999999999956e+00	1.012930767043423129e-02
1.030000000000000000e+02	-1.003427386034953447e-03	2.435058398705154115e-01	1.558201781514978457e-01	2.000000000000000111e-01	1.199999999999999956e+00	9.101166026737854062e-03
1.040000000000000000e+02	1.455690748446302482e-03	1.512373445537446848e-01	2.844622333638811007e-01	2.000000000000000111e-01	1.199999999999999956e+00	2.121355343115464542e-03
1.050000000000000000e+02	1.808415307903569460e-03	9.146194473310322037e-02	5.455150182916703727e-01	2.000000000000000111e-01	1.199999999999999956e+00	8.231155860776637884e-03
1.060000000000000000e+02	-8.196924726536237169e-04	1.976901234027781395e-01	1.309627237116846032e-01	2.000000000000000111e-01	1.199999999999999956e+00	7.648042462959555102e-03
1.070000000000000000e+02	-3.426620927663681562e-03	3.855915435476009456e-01	-3.823783476088351563e-01	2.000000000000000111e-01	1.199999999999999956e+00	3.404567922280293205e-03
1.080000000000000000e+02	-2.336750250327039764e-03	3.047656358882919192e-01	1.333841888404396769e-02	2.000000000000000111e-01	1.199999999999999956e+00	9.176529647076355281e-03
1.090000000000000000e+02	3.806458424463812600e-03	1.790538570210855052e-01	4.072946211028316554e-02	2.000000000000000111e-01	1.199999999999999956e+00	3.157160653595534033e-03
1.100000000000000000e+02	8.627778624563690272e-04	1.791021891985633829e-01	2.542898278797389722e-01	2.000000000000000111e-01	1.199999999999999956e+00	1.057685215631641411e-02
1.110000000000000000e+02	4.207966817781695385e-04	1.173094985890799774e-01	5.530399808499399938e-01	2.000000000000000111e-01	1.199999999999999956e+00	1.418481250617707225e-02
1.120000000000000000e+02	1.802449869672913350e-03	8.370193518344318240e-02	4.266280543260647651e-01	2.000000000000000111e-01	1.199999999999999956e+00	2.018774021534132639e-03
1.130000000000000000e+02	3.586178138615038046e-03	2.166509000363214810e-01	1.229820091603235355e-01	2.000000000000000111e-01	1.199999999999999956e+00	2.317922808819714801e-03
1.140000000000000000e+02	-1.057912463295110667e-05	7.608851664196167319e-02	4.369209905634567903e-01	2.000000000000000111e-01	1.199999999999999956e+00	8.905852103032999359e-03
1.150000000000000000e+02	-8.906533191500996436e-05	1.195741117639621265e-01	4.226373679991453081e-01	2.000000000000000111e-01	1.199999999999999956e+00	5.133629705913922599e-03
1.160000000000000000e+02	7.669155568376684893e-04	2.054525802109238020e-01	1.939247117432389977e-01	2.000000000000000111e-01	1.199999999999999956e+00	7.311154623078781542e-03
1.170000000000000000e+02	-2.866094123577489407e-03	2.998272635762007643e-01	1.065664957886074404e-01	2.000000000000000111e-01	1.199999999999999956e+00	9.795782711662917239e-03
1.180000000000000000e+02	1.137280647406583483e-03	1.310612106070240812e-01	3.730041523462808151e-01	2.000000000000000111e-01	1.199999999999999956e+00	6.686379192515441629e-04
1.190000000000000000e+02	1.214643342699085748e-03	6.486754641408980226e-02	5.825776833996743065e-01	2.000000000000000111e-01	1.199999999999999956e+00	6.470461646230628305e-03
1.200000000000000000e+02	-4.150171476451133996e-03	6.195845602332110680e-01	-8.919905207189637864e-01	2.000000000000000111e-01	1.199999999999999956e+00	6.517892405321608698e-03
1.210000000000000000e+02	7.026253703767118466e-04	1.650069394522904187e-01	5.597820905145178827e-02	2.000000000000000111e-01	1.199999999999999956e+00	2.748057872284361859e-03
1.220000000000000000e+02	-1.891845217272450971e-03	2.381436843567042438e-01	1.309887269571667900e-01	2.000000000000000111e-01	1.199999999999999956e+00	6.457955524672326017e-03
1.230000000000000000e+02	-1.083375181095894710e-03	2.508691296822225802e-01	7.499629104739469199e-02	2.000000000000000111e-01	1.199999999999999956e+00	6.503219730739699840e-03
1.240000000000000000e+02	1.740630553038239941e-03	1.420396573816664343e-01	3.610214834023479646e-01	2.000000000000000111e-01	1.199999999999999956e+00	4.396980838729310816e-03
1.250000000000000000e+02	-1.654562495350926990e-03	2.491155299866257833e-01	1.741817141126915658e-01	2.000000000000000111e-01	1.199999999999999956e+00	3.272814414167037663e-03
1.260000000000000000e+02	5.957039539061470502e-04	1.560819377699247390e-01	4.075665364385949729e-01	2.000000000000000111e-01	1.199999999999999956e+00	9.102412694499821197e-03
1.270000000000000000e+02	5.234822541512417458e-04	1.833474799100294483e-01	1.657011076507335368e-01	2.000000000000000111e-01	1.199999999999999956e+00	4.829851617036853492e-03
1.280000000000000000e+02	-8.368950714072437140e-05	1.386734628665234337e-01	5.151287790493253027e-01	2.000000000000000111e-01	1.199999999999999956e+00	1.503481735791814891e-02
1.290000000000000000e+02	-1.591215697193680599e-04	1.448112794328918207e-01	1.350329911338032929e-01	2.000000000000000111e-01	1.199999999999999956e+00	8.160093933858270435e-03
1.300000000000000000e+02	-1.734632680793663992e-02	1.014422883040323020e+00	-1.440675452188785677e+00	2.000000000000000111e-01	1.199999999999999956e+00	6.089062284984356546e-03
1.310000000000000000e+02	-2.577259983264695506e-04	2.776328815996106925e-01	-2.128376484863752083e-01	2.000000000000000111e-01	1.199999999999999956e+00	5.237575463852228719e-03
1.320000000000000000e+02	5.719783403584812256e-03	6.296298557367589754e-02	4.524722258281255183e-01	2.000000000000000111e-01	1.199999999999999956e+00	3.996192481221881761e-03
1.330000000000000000e+02	-1.276350957470846412e-02	7.218229513518759077e-01	-1.370968933228529529e+00	2.000000000000000111e-01	1.199999999999999956e+00	6.001248389250010522e-03
1.340000000000000000e+02	-6.121207390784674405e-04	2.526125817309792798e-01	2.876495948553170479e-02	2.000000000000000111e-01	1.199999999999999956e+00	3.863681630764263190e-03
1.350000000000000000e+02	-4.772039700064868543e-03	3.797408184543231702e-01	-1.640402930160469452e-01	2.000000000000000111e-01	1.199999999999999956e+00	5.931543542003069221e-03
1.360000000000000000e+02	2.579736645112929339e-04	1.549904581754507071e-01	3.391918574832781808e-01	2.000000000000000111e-01	1.199999999999999956e+00	5.730469694064163101e-03
1.370000000000000000e+02	-6.441473313404790417e-06	1.342697597947866972e-01	4.430485913387594010e-01	2.000000000000000111e-01	1.199999999999999956e+00	1.288167599059315653e-02
1.380000000000000000e+02	1.872209371449933641e-03	6.391636492779061152e-02	5.182503977556083274e-01	2.000000000000000111e-01	1.199999999999999956e+00	4.668140609294231698e-03
1.390000000000000000e+02	-6.146340068626203598e-04	2.090050286185944906e-01	2.010391207863935215e-01	2.000000000000000111e-01	1.199999999999999956e+00	1.257246696810233877e-02
1.400000000000000000e+02	5.698631309785138306e-04	2.382917797103787927e-01	9.329825382303447157e-02	2.000000000000000111e-01	1.199999999999999956e+00	3.855602553641823433e-03
1.410000000000000000e+02	-2.756146729806846149e-04	2.167513516870945289e-01	1.664293647665142650e-01	2.000000000000000111e-01	1.199999999999999956e+00	3.772153224368442973e-03
1.420000000000000000e+02	-3.136098559122771552e-04	2.591324905753675800e-01	2.075193427246571076e-01	2.000000000000000111e-01	1.199999999999999956e+00	7.092315586000930150e-03
1.430000000000000000e+02	-3.492427129110777071e-04	1.770385948847651991e-01	3.682659018665064288e-01	2.000000000000000111e-01	1.199999999999999956e+00	1.198457244695862005e-02
1.440000000000000000e+02	1.059832507103735007e-04	7.960296742620269483e-02	6.069418782352959951e-01	2.000000000000000111e-01	1.199999999999999956e+00	9.399550533458752438e-03
1.450000000000000000e+02	-5.946007461750268562e-04	2.245304003379035018e-01	1.755538676780887819e-01	2.000000000000000111e-01	1.199999999999999956e+00	8.812015365829029695e-03
1.460000000000000000e+02	2.031596978714589829e-04	1.954729185818747661e-01	1.462984165922813773e-01	2.000000000000000111e-01	1.199999999999999956e+00	3.736256407629807378e-03
1.470000000000000000e+02	1.131507734522882100e-03	7.487832015477720315e-02	5.421789775217638052e-01	2.000000000000000111e-01	1.199999999999999956e+00	4.829625640893232298e-03
1.480000000000000000e+02	-7.265503400049060263e-04	2.029097742917565228e-01	2.019151998032286954e-01	2.000000000000000111e-01	1.199999999999999956e+00	7.160207109599655770e-03
1.490000000000000000e+02	-2.934576025234794227e-03	3.350039056896656486e-01	-7.525840445711118321e-02	2.000000000000000111e-01	1.199999999999999956e+00	9.850003964370452822e-03
1.500000000000000000e+02	1.501122934484772900e-03	1.588841781048648261e-01	1.114625517925476039e-01	2.000000000000000111e-01	1.199999999999999956e+00	3.240970408447964822e-03
1.510000000000000000e+02	-4.302936077646340313e-02	1.161830595274360611e+00	-3.260991458629485251e+00	2.000000000000000111e-01	1.199999999999999956e+00	9.200007047642462521e-02
1.520000000000000000e+02	1.366452167412019999e-03	1.772219507632331881e-01	2.871745633603439707e-01	2.000000000000000111e-01	1.199999999999999956e+00	1.215354114631763890e-02
1.530000000000000000e+02	7.452758708342139583e-03	1.355379258260200059e-01	2.383300934587442299e-01	2.000000000000000111e-01	1.199999999999999956e+00	2.315393848613302510e-02
1.540000000000000000e+02	2.201097841801849531e-03	2.689278722222435136e-01	-2.194876631757654017e-01	2.000000000000000111e-01	1.199999999999999956e+00	2.028999695256720765e-03
1.550000000000000000e+02	-8.066654040971213760e-03	4.492018709385118269e-01	-7.440767211495789013e-01	2.000000000000000111e-01	1.199999999999999956e+00	5.038141993316021944e-02
1.560000000000000000e+02	3.061857337410602031e-04	2.087484214164964658e-01	2.351895879688843394e-01	2.000000000000000111e-01	1.199999999999999956e+00	2.837043945980502295e-03
1.570000000000000000e+02	4.471197273765988934e-04	8.108052796548360919e-02	6.220521027902190525e-01	2.000000000000000111e-01	1.199999999999999956e+00	9.091372503426913346e-03
1.580000000000000000e+02	4.403707954610740043e-03	2.965885292596195377e-01	-3.092207217144715692e-01	2.000000000000000111e-01	1.199999999999999956e+00	6.265720665766160748e-03
1.590000000000000000e+02	-1.157177592158422893e-03	2.032187130590277502e-01	2.802896451673602130e-01	2.000000000000000111e-01	1.199999999999999956e+00	8.600363911505946868e-03
1.600000000000000000e+02	1.079050274913106376e-04	1.082162477183523930e-01	5.672823871484649061e-01	2.000000000000000111e-01	1.199999999999999956e+00	9.988450569835466419e-03
1.610000000000000000e+02	2.251187545392984552e-04	1.437942364401101902e-01	2.863468259626591461e-01	2.000000000000000111e-01	1.199999999999999956e+00	5.785920134458965615e-03
1.620000000000000000e+02	-2.942544738714313740e-03	3.451296875006583109e-01	-1.956842894674775124e-01	2.000000000000000111e-01	1.199999999999999956e+00	1.030019446402392728e-02
1.630000000000000000e+02	-1.497258504960772424e-03	2.221505422998326096e-01	1.907320165905170839e-01	2.000000000000000111e-01	1.199999999999999956e+00	7.756982884203075281e-03
1.640000000000000000e+02	-3.155937652797720329e-04	1.258720325879752189e-01	2.908199527330350698e-01	2.000000000000000111e-01	1.199999999999999956e+00	3.940014642793545317e-03
1.650000000000000000e+02	1.098936058433072627e-03	2.749345805177529911e-01	-2.482441759861409025e-02	2.000000000000000111e-01	1.199999999999999956e+00	3.861188873986955063e-03
1.660000000000000000e+02	-1.292891416629139180e-03	1.686596660972455586e-01	-1.227578849572035224e-01	2.000000000000000111e-01	1.199999999999999956e+00	5.147169604188393116e-02
1.670000000000000000e+02	9.844467794389087471e-04	1.068672303239816684e-01	4.504090878722046831e-01	2.000000000000000111e-01	1.199999999999999956e+00	5.345109518554978269e-03
1.680000000000000000e+02	-1.381868824159208833e-03	2.720315032169725034e-01	1.045394748113626093e-01	2.000000000000000111e-01	1.199999999999999956e+00	6.324669543156992250e-03
1.690000000000000000e+02	2.559638912782193076e-03	1.364152069777875287e-01	3.270315671254815371e-01	2.000000000000000111e-01	1.199999999999999956e+00	7.921266946637098294e-03
1.700000000000000000e+02	-6.349503767284109777e-03	5.319980009529350351e-01	-4.545256422583747735e-01	2.000000000000000111e-01	1.199999999999999956e+00	8.172960301496641836e-03
1.710000000000000000e+02	-2.007879457433722151e-03	2.182629017249708703e-01	-6.441462057882789694e-01	2.000000000000000111e-01	1.199999999999999956e+00	5.231543978213649970e-02
1.720000000000000000e+02	-9.866961556695621072e-04	2.114337628645467926e-01	2.432016329573380986e-01	2.000000000000000111e-01	1.199999999999999956e+00	8.710793152664975808e-03
1.730000000000000000e+02	4.861586498181171001e-03	1.708331783471690457e-01	-1.023893330328879969e-01	2.000000000000000111e-01	1.199999999999999956e+00	5.594608599979422961e-03
1.740000000000000000e+02	6.531971291849993956e-04	1.530458374624467377e-01	3.052896699241540723e-01	2.000000000000000111e-01	1.199999999999999956e+00	2.716304887738896830e-03
1.750000000000000000e+02	3.138100853846047256e-03	1.173529578272101553e-01	4.561708589630384392e-01	2.000000000000000111e-01	1.199999999999999956e+00	4.409880193629892725e-02
1.760000000000000000e+02	-1.305819545829329902e-02	6.772859770859570583e-01	-8.296839810210130395e-01	2.000000000000000111e-01	1.199999999999999956e+00	4.929196766317382218e-03
1.770000000000000000e+02	-2.527454423827576709e-04	2.320384880798726235e-01	4.949129691507758722e-02	2.000000000000000111e-01	1.199999999999999956e+00	6.025754157134017089e-03
1.780000000000000000e+02	8.788654282989979884e-04	1.122783070625212876e-01	5.190436364046551176e-01	2.000000000000000111e-01	1.199999999999999956e+00	7.710106717087562497e-03
1.790000000000000000e+02	-4.148941178634095103e-03	3.503570270006619580e-01	-1.898532917920068286e-01	2.000000000000000111e-01	1.199999999999999956e+00	8.151191616785447708e-03
1.800000000000000000e+02	-4.210188341802058136e-04	1.301374757527166692e-01	4.177844032301432087e-01	2.000000000000000111e-01	1.199999999999999956e+00	5.434887985387265065e-03
1.810000000000000000e+02	-9.266036962466833726e-04	2.288464034703122929e-01	1.657565791685415846e-01	2.000000000000000111e-01	1.199999999999999956e+00	5.632968685017503141e-03
1.820000000000000000e+02	-7.677786653657180278e-03	4.758089439153426747e-01	-3.162277558902308883e-01	2.000000000000000111e-01	1.199999999999999956e+00	6.009409800904126284e-03
1.830000000000000000e+02	1.633667327151775610e-04	1.718245590468719108e-01	2.940641615788148755e-01	2.000000000000000111e-01	1.199999999999999956e+00	5.330227069825153353e-03
1.840000000000000000e+02	-8.092450329804938731e-04	2.005175179415087106e-01	2.067748349132711994e-01	2.000000000000000111e-01	1.199999999999999956e+00	5.781774895444777296e-03
1.850000000000000000e+02	-1.561360038226066328e-03	2.932752096013476750e-01	1.320622550554331198e-01	2.000000000000000111e-01	1.199999999999999956e+00	1.061071656107486806e-02
1.860000000000000000e+02	-2.382153949137606405e-02	8.367131169270297653e-01	-2.667390037921764545e+00	2.000000000000000111e-01	1.199999999999999956e+00	1.351129130736214157e-01
1.870000000000000000e+02	-2.782487678791564561e-04	2.315127020544606451e-01	1.487138137497177048e-01	2.000000000000000111e-01	1.199999999999999956e+00	4.856261329476198665e-03
1.880000000000000000e+02	-1.634085449558217006e-03	3.530546357238861788e-01	-1.706080768872277886e-01	2.000000000000000111e-01	1.199999999999999956e+00	1.104298840118754510e-02
1.890000000000000000e+02	2.268302317542325586e-03	2.857640277699263209e-01	-3.747214011045900683e-01	2.000000000000000111e-01	1.199999999999999956e+00	3.290639957597566497e-03
1.900000000000000000e+02	-2.428731774326306145e-03	2.519450472286507980e-01	1.721893714023430277e-01	2.000000000000000111e-01	1.199999999999999956e+00	1.559507858030162453e-02
1.910000000000000000e+02	-2.010785184026773272e-04	1.297607422135223509e-01	5.043495348884476925e-01	2.000000000000000111e-01	1.199999999999999956e+00	1.148005450156673428e-02
1.920000000000000000e+02	-4.912245950695465040e-03	3.899849830514955928e-01	-1.138329699774995873e-01	2.000000000000000111e-01	1.199999999999999956e+00	1.350925483272498451e-02
1.930000000000000000e+02	6.281521788033484150e-04	8.470912915801846743e-02	6.175665652586452836e-01	2.000000000000000111e-01	1.199999999999999956e+00	8.650262652894114349e-03
1.940000000000000000e+02	1.221549567109453957e-03	1.053867321546922003e-01	3.429225611734385559e-01	2.000000000000000111e-01	1.199999999999999956e+00	3.608965063149148240e-03
1.950000000000000000e+02	3.085351362737885801e-03	4.307810110110576324e-02	5.882583596242944024e-01	2.000000000000000111e-01	1.199999999999999956e+00	6.640130448151611471e-03
1.960000000000000000e+02	-3.326905724572286512e-03	3.458441654133708187e-01	-2.649891801592190177e-01	2.000000000000000111e-01	1.199999999999999956e+00	4.457304885048489831e-03
1.970000000000000000e+02	6.359780379010996840e-03	1.729061069859411937e-01	1.120637200257434962e-01	2.000000000000000111e-01	1.199999999999999956e+00	2.358638282847435718e-03
1.980000000000000000e+02	-1.650264346258733736e-02	6.599974879907384295e-01	-1.443858385281933110e+00	2.000000000000000111e-01	1.199999999999999956e+00	3.845641559553097943e-02
1.990000000000000000e+02	-5.420393721772992659e-05	1.774728775027640260e-01	2.006855528228470575e-01	2.000000000000000111e-01	1.199999999999999956e+00	3.338116128860237931e-03
2.000000000000000000e+02	-1.902761518273222291e-03	3.038490611835569788e-01	2.908200051500866579e-01	2.000000000000000111e-01	1.199999999999999956e+00	1.064581878650827131e-02
2.010000000000000000e+02	-4.169729757146637544e-03	3.964457253802031733e-01	-2.560745291623280906e-01	2.000000000000000111e-01	1.199999999999999956e+00	3.119413883877575865e-03
2.020000000000000000e+02	4.441558916016465769e-03	2.294427658406527071e-01	3.572219403358056766e-02	2.000000000000000111e-01	1.199999999999999956e+00	4.037585934360732667e-03
2.030000000000000000e+02	1.116998032872136126e-03	2.278918864359270602e-01	1.263871321498237776e-01	2.000000000000000111e-01	1.199999999999999956e+00	5.539874553615774071e-03
2.040000000000000000e+02	-1.069081621514562030e-04	9.059052441351719831e-02	4.032250693381396189e-01	2.000000000000000111e-01	1.199999999999999956e+00	3.687734350340414035e-03
2.050000000000000000e+02	5.286083575297705105e-04	1.211172381927633351e-01	3.399999388409740142e-01	2.000000000000000111e-01	1.199999999999999956e+00	2.136657454988061689e-03
2.060000000000000000e+02	2.638735981787102697e-03	1.192060834831849270e-01	4.837433817195493369e-01	2.000000000000000111e-01	1.199999999999999956e+00	1.438555852624041377e-02
2.070000000000000000e+02	1.303364027517719872e-03	9.847463243710963265e-02	5.074862254099703485e-01	2.000000000000000111e-01	1.199999999999999956e+00	4.757256745232545450e-03
2.080000000000000000e+02	3.909570556868041170e-04	1.161302115288558173e-01	4.045202887308589901e-01	2.000000000000000111e-01	1.199999999999999956e+00	3.762749261452194658e-03
2.090000000000000000e+02	-1.108700967577636552e-02	5.374080766611460946e-01	-1.255612435178385056e+00	2.000000000000000111e-01	1.199999999999999956e+00	3.012942358666465328e-02
2.100000000000000000e+02	-5.973666263705314401e-03	3.933878263020295640e-01	-1.781025597940812943e-01	2.000000000000000111e-01	1.199999999999999956e+00	7.161701258599331536e-03
2.110000000000000000e+02	-3.872864467160373053e-03	4.302422705334301156e-01	-6.220319423799169911e-01	2.000000000000000111e-01	1.199999999999999956e+00	6.341512284444329739e-03
2.120000000000000000e+02	-1.056067857265746181e-03	2.235840970998069777e-01	2.494260648532216074e-01	2.000000000000000111e-01	1.199999999999999956e+00	7.840834181721731064e-03
2.130000000000000000e+02	4.734109607196302695e-04	6.894203428235461117e-02	4.946425931482214544e-01	2.000000000000000111e-01	1.199999999999999956e+00	2.139213555270730489e-03
2.140000000000000000e+02	2.875272140233464495e-03	1.675057081828630057e-01	3.105345354956359216e-01	2.000000000000000111e-01	1.199999999999999956e+00	4.879147432624926679e-03
2.150000000000000000e+02	-1.101563331868949053e-03	3.091142598605423619e-01	-4.324544360021231881e-02	2.000000000000000111e-01	1.199999999999999956e+00	4.229573216727591962e-03
2.160000000000000000e+02	5.624577676080998005e-03	2.964986703005183521e-01	-3.265769029447840310e-02	2.000000000000000111e-01	1.199999999999999956e+00	9.288327836189403178e-03
2.170000000000000000e+02	-4.699172480120644355e-03	5.091373118896778127e-01	-5.013132294581916781e-01	2.000000000000000111e-01	1.199999999999999956e+00	3.298244353197983536e-03
2.180000000000000000e+02	3.403445277190895839e-04	3.112627269238509298e-01	-2.688934206813327066e-01	2.000000000000000111e-01	1.199999999999999956e+00	4.624918461862774152e-03
2.190000000000000000e+02	1.300861916306217479e-03	1.092490412264103677e-01	3.138201007848371304e-01	2.000000000000000111e-01	1.199999999999999956e+00	2.928910157259930185e-03
2.200000000000000000e+02	1.056542108745621390e-03	1.201719674078314815e-01	3.820812533955484369e-01	2.000000000000000111e-01	1.199999999999999956e+00	3.681568542757898167e-03
2.210000000000000000e+02	5.212351401428716923e-04	1.134445821414631489e-01	4.434110488886275903e-01	2.000000000000000111e-01	1.199999999999999956e+00	6.207507470366304195e-03
2.220000000000000000e+02	1.093500543560676765e-04	1.567441223691488084e-01	1.118584196318326285e-01	2.000000000000000111e-01	1.199999999999999956e+00	2.692939684855083764e-03
2.230000000000000000e+02	1.920860958088083190e-03	8.055471576352410401e-02	4.502460977349933557e-01	2.000000000000000111e-01	1.199999999999999956e+00	3.001350499941574969e-03
2.240000000000000000e+02	-2.297470035849612582e-03	3.745000403769028763e-01	-1.510807031150216417e-01	2.000000000000000111e-01	1.199999999999999956e+00	1.172165609143615769e-02
2.250000000000000000e+02	5.718641119778512631e-03	3.214517634535293822e-01	-1.227267034041950033e-01	2.000000000000000111e-01	1.199999999999999956e+00	8.440799197237312118e-03
2.260000000000000000e+02	1.822999707690403301e-03	2.735685414807296767e-01	-1.070089159650322586e-02	2.000000000000000111e-01	1.199999999999999956e+00	5.180877044212476960e-03
2.270000000000000000e+02	1.422454509641035616e-03	1.719947402531249170e-01	-1.121901003545358044e-01	2.000000000000000111e-01	1.199999999999999956e+00	6.648018917913540646e-03
2.280000000000000000e+02	3.590942817031779434e-04	9.732299272453674710e-02	4.990385439443629778e-01	2.000000000000000111e-01	1.199999999999999956e+00	4.294598634837479625e-03
2.290000000000000000e+02	-2.041693268378127037e-04	1.749258790712863443e-01	2.488711340435538766e-01	2.000000000000000111e-01	1.199999999999999956e+00	4.354871638926184271e-03
2.300000000000000000e+02	-2.079030901626045900e-03	3.509940059874984697e-01	-5.639133039026997807e-01	2.000000000000000111e-01	1.199999999999999956e+00	1.862581025789600969e-02
2.310000000000000000e+02	-3.322232413786468247e-03	3.608250319012010210e-01	-2.326194040137368191e-01	2.000000000000000111e-01	1.199999999999999956e+00	4.705631366945046447e-03
2.320000000000000000e+02	-3.891842645134552074e-03	5.181324610052354673e-01	-3.922114983632516427e-01	2.000000000000000111e-01	1.199999999999999956e+00	7.054040568158938436e-03
2.330000000000000000e+02	1.189231042293537608e-03	1.452304032360141328e-01	3.822787145605079928e-01	2.000000000000000111e-01	1.199999999999999956e+00	8.092393919359676738e-03
2.340000000000000000e+02	7.304464311318660400e-04	1.307608817764335796e-01	4.420455077105924779e-01	2.000000000000000111e-01	1.199999999999999956e+00	7.032050610792096347e-03
2.350000000000000000e+02	-2.041273101337364414e-03	3.572815400216491910e-01	-3.213738220184794159e-01	2.000000000000000111e-01	1.199999999999999956e+00	8.158677349409736851e-03
2.360000000000000000e+02	-1.528197958689111134e-04	2.256454092404238387e-01	1.123293325573686552e-01	2.000000000000000111e-01	1.199999999999999956e+00	7.267592418129182989e-03
2.370000000000000000e+02	1.456748378667039462e-03	1.275656364519727748e-01	3.394017662635193666e-01	2.000000000000000111e-01	1.199999999999999956e+00	7.626135053998256419e-03
2.380000000000000000e+02	6.640416430506085104e-04	1.607325854007567445e-01	3.564913155937707856e-01	2.000000000000000111e-01	1.199999999999999956e+00	3.926784408396956014e-03
2.390000000000000000e+02	-2.114506021095728834e-03	2.169000561437272045e-01	-5.262835428149692518e-01	2.000000000000000111e-01	1.199999999999999956e+00	5.351284900976022163e-02
2.400000000000000000e+02	-5.766911110635777014e-03	4.571202883187998611e-01	-4.397477632748838516e-01	2.000000000000000111e-01	1.199999999999999956e+00	1.392570311655263668e-02
2.410000000000000000e+02	1.304036599515523984e-03	6.198595265270969712e-01	-9.362723999327240421e-01	2.000000000000000111e-01	1.199999999999999956e+00	4.547866854873836885e-03
2.420000000000000000e+02	-5.670688319444637309e-04	1.979482036049347304e-01	2.144669760571891182e-01	2.000000000000000111e-01	1.199999999999999956e+00	7.209695538594752470e-03
2.430000000000000000e+02	1.345961080768999464e-03	6.077144303003290809e-02	5.610104779711264644e-01	2.000000000000000111e-01	1.199999999999999956e+00	5.832102637794122670e-03
2.440000000000000000e+02	1.840286666398834124e-03	1.019095759695961140e-01	4.795135155854926001e-01	2.000000000000000111e-01	1.199999999999999956e+00	5.331485323639161868e-03
2.450000000000000000e+02	2.159879877286480405e-03	2.674353939852115447e-01	-1.264850407546846967e-01	2.000000000000000111e-01	1.199999999999999956e+00	7.535766360624357799e-03
2.460000000000000000e+02	1.118081711892158657e-03	3.136626603039449068e-01	-1.938491808167008834e-01	2.000000000000000111e-01	1.199999999999999956e+00	9.381320351558780635e-03
2.470000000000000000e+02	-4.598881173892202913e-04	1.456612162227932383e-01	2.852482696375178151e-01	2.000000000000000111e-01	1.199999999999999956e+00	4.665060391110820333e-03
2.480000000000000000e+02	9.097387518066738996e-03	9.707407902890305418e-02	3.701072525916337952e-01	2.000000000000000111e-01	1.199999999999999956e+00	1.485177702249600162e-02
2.490000000000000000e+02	3.498195624220884676e-04	1.086327802456343306e-01	4.525630074214723741e-01	2.000000000000000111e-01	1.199999999999999956e+00	5.816078498365795379e-03
2.500000000000000000e+02	1.998681744380128699e-03	3.775701600897773957e-02	7.704503852062815072e-01	2.000000000000000111e-01	1.199999999999999956e+00	1.458770779049460044e-02
2.510000000000000000e+02	1.600614629123487233e-03	7.454714925860533858e-02	4.768926175777326026e-01	2.000000000000000111e-01	1.199999999999999956e+00	2.152552380604702553e-03
2.520000000000000000e+02	3.655646711617311978e-04	3.316088344909137037e-02	6.819082417410762265e-01	2.000000000000000111e-01	1.199999999999999956e+00	4.672784668174758717e-03
2.530000000000000000e+02	2.635318951780974989e-03	1.513173611912136673e-01	2.805063210522389383e-01	2.000000000000000111e-01	1.199999999999999956e+00	6.497810545019021798e-03
2.540000000000000000e+02	-2.382706201709810373e-03	3.010488658290499386e-01	1.359758081170792110e-02	2.000000000000000111e-01	1.199999999999999956e+00	6.715304791762501981e-03
2.550000000000000000e+02	8.768612819938355557e-04	1.122326550588622351e-01	3.941290715795093824e-01	2.000000000000000111e-01	1.199999999999999956e+00	3.725005152401407883e-03
2.560000000000000000e+02	3.670034542141768080e-03	1.539057782826364629e-01	1.802370004736819631e-01	2.000000000000000111e-01	1.199999999999999956e+00	3.886448548035442794e-03
2.570000000000000000e+02	1.122403909614364632e-03	2.120652937010969741e-01	3.555533663978005521e-02	2.000000000000000111e-01	1.199999999999999956e+00	1.461906255379338783e-03
2.580000000000000000e+02	4.780130131256334416e-03	3.049039332951180570e-01	-5.443514179887976034e-01	2.000000000000000111e-01	1.199999999999999956e+00	4.732575963850312213e-03
2.590000000000000000e+02	1.679204297990479627e-03	-2.094486693577807604e-02	9.829541470366937039e-01	2.000000000000000111e-01	1.199999999999999956e+00	3.749509780110656804e-02
2.600000000000000000e+02	5.805540817224776875e-04	2.123464224303298897e-01	1.837500133986793571e-01	2.000000000000000111e-01	1.199999999999999956e+00	5.826987939730561214e-03
2.610000000000000000e+02	2.497848954566704756e-03	2.255995323737169933e-01	4.518001581574626613e-02	2.000000000000000111e-01	1.199999999999999956e+00	8.837115695264158299e-03
2.620000000000000000e+02	9.870872170643690737e-04	2.179757205659501873e-01	1.546025117783713654e-01	2.000000000000000111e-01	1.199999999999999956e+00	6.333457479213942636e-03
2.630000000000000000e+02	1.344495948716060594e-03	1.091055477323142758e-01	3.431636057118998551e-01	2.000000000000000111e-01	1.199999999999999956e+00	4.028433399766347296e-03
2.640000000000000000e+02	4.957216799749460633e-03	1.952379223090067728e-01	1.957737792438996038e-01	2.000000000000000111e-01	1.199999999999999956e+00	1.283941186629708291e-02
2.650000000000000000e+02	1.246532493626754555e-03	2.081419993681417058e-01	6.326567301180796576e-02	2.000000000000000111e-01	1.199999999999999956e+00	5.956523720209523989e-03
2.660000000000000000e+02	1.575080068725716277e-04	1.899995035118235420e-01	2.251985483779330721e-01	2.000000000000000111e-01	1.199999999999999956e+00	5.337673760816021538e-03
2.670000000000000000e+02	5.670245496386715559e-04	2.894968381618278630e-01	9.352249411318291905e-02	2.000000000000000111e-01	1.199999999999999956e+00	5.257640854863928834e-03
2.680000000000000000e+02	1.420235825410318597e-03	1.253302230369540970e-01	4.655279067477713362e-01	2.000000000000000111e-01	1.199999999999999956e+00	6.745001511372862926e-03
2.690000000000000000e+02	-1.188191434015430564e-04	1.544511452007435170e-01	3.304384461176539389e-01	2.000000000000000111e-01	1.199999999999999956e+00	2.879783431813131601e-03
2.700000000000000000e+02	1.297512893614317323e-03	9.545172046510647101e-02	4.652969803981927832e-01	2.000000000000000111e-01	1.199999999999999956e+00	3.400493002386767525e-03
2.710000000000000000e+02	2.757859587109825691e-03	3.128730460784566181e-01	-4.535920208345611826e-02	2.000000000000000111e-01	1.199999999999999956e+00	7.785155366680589738e-03
2.720000000000000000e+02	9.100541259764003028e-04	9.470977809744277054e-02	5.168353039036057694e-01	2.000000000000000111e-01	1.199999999999999956e+00	1.307128181252202766e-02
2.730000000000000000e+02	2.536925454805847701e-04	8.929568320595546171e-02	4.623632046162402531e-01	2.000000000000000111e-01	1.199999999999999956e+00	3.345876080322476766e-03
2.740000000000000000e+02	1.279423885270151041e-03	8.969937841423580860e-02	4.593021017337486356e-01	2.000000000000000111e-01	1.199999999999999956e+00	2.970148872168492955e-03
2.750000000000000000e+02	-4.693467844104300124e-02	1.265360142101626950e+00	-2.447226311724255865e+00	2.000000000000000111e-01	1.199999999999999956e+00	1.112328798697985975e-02
2.760000000000000000e+02	1.912343428700418639e-03	3.982503898007779819e-01	-3.722378281770089004e-01	2.000000000000000111e-01	1.199999999999999956e+00	8.036838141183912793e-03
2.770000000000000000e+02	3.131737350121376658e-03	1.107941694205766825e-01	4.065851969880143191e-01	2.000000000000000111e-01	1.199999999999999956e+00	8.724263113281024648e-03
2.780000000000000000e+02	1.271801331413947855e-03	6.046892416248879874e-03	8.388952851658795229e-01	2.000000000000000111e-01	1.199999999999999956e+00	2.138033262818310118e-02
2.790000000000000000e+02	3.633205025429157506e-03	3.884217103091162082e-01	-2.356287726513546232e-01	2.000000000000000111e-01	1.199999999999999956e+00	3.416241461808223589e-03
2.800000000000000000e+02	6.338512146345676602e-04	8.857824018542705125e-02	5.775375993088025517e-01	2.000000000000000111e-01	1.199999999999999956e+00	2.716453848923002304e-02
2.810000000000000000e+02	2.946788545212443867e-03	7.059784431658375214e-02	5.449936615898782755e-01	2.000000000000000111e-01	1.199999999999999956e+00	1.035220656979896590e-02
2.820000000000000000e+02	-8.061504098415966935e-03	4.710098961060734113e-01	-8.798461175561271830e-01	2.000000000000000111e-01	1.199999999999999956e+00	1.072928218731889795e-02
2.830000000000000000e+02	2.865103277706890390e-03	1.128922408167190583e-01	3.982067526264432278e-01	2.000000000000000111e-01	1.199999999999999956e+00	9.766530686560673594e-03
2.840000000000000000e+02	1.263793674546571629e-03	1.928176663176599803e-01	1.763775009783423720e-01	2.000000000000000111e-01	1.199999999999999956e+00	5.607455141392491370e-03
2.850000000000000000e+02	1.232432154987238044e-04	2.789405081857694313e-01	5.558037338177745923e-02	2.000000000000000111e-01	1.199999999999999956e+00	7.262892110245056966e-03
2.860000000000000000e+02	2.123199764475834726e-03	8.328162752520870682e-02	4.846862814896599758e-01	2.000000000000000111e-01	1.199999999999999956e+00	5.061764777915511368e-03
2.870000000000000000e+02	6.318813189942646411e-04	8.313984215314867976e-02	5.573815624967526361e-01	2.000000000000000111e-01	1.199999999999999956e+00	5.102743246463286274e-03
2.880000000000000000e+02	8.987221856564968142e-04	9.143530719086086223e-02	4.603427530055821393e-01	2.000000000000000111e-01	1.199999999999999956e+00	3.337807365773857310e-03
2.890000000000000000e+02	-1.851152699990338919e-03	2.875394955362947647e-01	6.978799093928600428e-02	2.000000000000000111e-01	1.199999999999999956e+00	5.097091115496353575e-03
2.900000000000000000e+02	5.262487662468455897e-04	5.662702788201622039e-02	5.156042927620432259e-01	2.000000000000000111e-01	1.199999999999999956e+00	2.527137747766781267e-03
2.910000000000000000e+02	-4.770852049270777467e-03	3.899336272372482259e-01	-1.766824645134414951e-01	2.000000000000000111e-01	1.199999999999999956e+00	1.530324338748368165e-02
2.920000000000000000e+02	4.226752065170483229e-04	1.514674259711185078e-01	4.315611450172371910e-01	2.000000000000000111e-01	1.199999999999999956e+00	1.200815809818488698e-02
2.930000000000000000e+02	1.969789968829889579e-03	1.620623181922275224e-01	3.558794302748071736e-01	2.000000000000000111e-01	1.199999999999999956e+00	8.083794993663250689e-03
2.940000000000000000e+02	1.195144635529041483e-03	5.351270242173670338e-02	5.220773444386559436e-01	2.000000000000000111e-01	1.199999999999999956e+00	2.477505146012189824e-03
2.950000000000000000e+02	-1.231337361287996972e-02	7.342563950062666045e-01	-7.211169625190114729e-01	2.000000000000000111e-01	1.199999999999999956e+00	8.566670639902013509e-03
2.960000000000000000e+02	-6.124763253039616252e-03	4.683882277291668839e-01	-4.039268253659304975e-01	2.000000000000000111e-01	1.199999999999999956e+00	1.161564313963181494e-02
2.970000000000000000e+02	-1.068233261534078468e-05	8.911194954771414767e-02	6.249514389513390888e-01	2.000000000000000111e-01	1.199999999999999956e+00	7.601980384833075498e-03
2.980000000000000000e+02	4.787061928648191880e-05	9.869953893262087274e-02	4.540894757122093672e-01	2.000000000000000111e-01	1.199999999999999956e+00	4.550881286931011613e-03
2.990000000000000000e+02	9.611612958620069673e-04	3.936018215024006395e-02	6.363458479545622826e-01	2.000000000000000111e-01	1.199999999999999956e+00	3.091026424115959122e-03
3.000000000000000000e+02	-3.559616586755952024e-04	3.283229230424146716e-01	-3.006958653787128455e-02	2.000000000000000111e-01	1.199999999999999956e+00	6.262688639810560197e-03
3.010000000000000000e+02	3.633258593116693152e-05	1.686825723450433023e-01	3.993297860605742322e-01	2.000000000000000111e-01	1.199999999999999956e+00	3.876222191475364731e-02
3.020000000000000000e+02	-2.328341624665677956e-03	3.060372373156421966e-01	-7.736562544694436383e-02	2.000000000000000111e-01	1.199999999999999956e+00	5.039803288509988287e-03
3.030000000000000000e+02	6.692457866994745057e-04	1.080734929106329095e-01	5.566319107561970014e-01	2.000000000000000111e-01	1.199999999999999956e+00	1.110210198267115589e-02
3.040000000000000000e+02	-3.341193555566279293e-03	2.586822348250464865e-01	-2.614193458097062717e-01	2.000000000000000111e-01	1.199999999999999956e+00	4.344393332235300248e-02
3.050000000000000000e+02	1.377719738021326466e-03	1.959968258213933001e-01	1.828940432114549708e-01	2.000000000000000111e-01	1.199999999999999956e+00	5.491442487035506567e-03
3.060000000000000000e+02	-2.505804979492238984e-03	3.199945797104598588e-01	3.353743713477985722e-02	2.000000000000000111e-01	1.199999999999999956e+00	6.555579478369445365e-03
3.070000000000000000e+02	7.491536702937345946e-04	1.195647558391999266e-01	4.873049039588308595e-01	2.000000000000000111e-01	1.199999999999999956e+00	1.336482822851203442e-02
3.080000000000000000e+02	2.171861689188724943e-03	1.930579123002232056e-01	2.002970700089905520e-01	2.000000000000000111e-01	1.199999999999999956e+00	7.842181017404798241e-03
3.090000000000000000e+02	5.132471643102031258e-04	2.061088951674386605e-01	3.747018126226464574e-03	2.000000000000000111e-01	1.199999999999999956e+00	2.803837962563553166e-03
3.100000000000000000e+02	5.150001874502529607e-04	1.552208388068903322e-01	3.238843279788019558e-01	2.000000000000000111e-01	1.199999999999999956e+00	3.422921041505770385e-03
3.110000000000000000e+02	-3.320958895136430413e-03	3.283157943190270212e-01	-1.277409274759024882e-01	2.000000000000000111e-01	1.199999999999999956e+00	7.794765783188036500e-03
3.120000000000000000e+02	1.361966598138705277e-03	8.229673470868499596e-02	6.036092804486421493e-01	2.000000000000000111e-01	1.199999999999999956e+00	8.710391352266233164e-03
3.130000000000000000e+02	8.786877708576260613e-05	1.583997561032571555e-01	2.698959581286843878e-01	2.000000000000000111e-01	1.199999999999999956e+00	4.815593429788265697e-03
3.140000000000000000e+02	-2.020934336712233942e-04	1.567646316471342227e-01	9.451964669761547810e-02	2.000000000000000111e-01	1.199999999999999956e+00	2.221164506244530535e-03
3.150000000000000000e+02	4.586556717576740014e-05	3.987769003252000233e-01	-3.460598907672487456e-01	2.000000000000000111e-01	1.199999999999999956e+00	5.196470044494731592e-03
3.160000000000000000e+02	9.055329063349799564e-04	9.611332326113003477e-02	4.581132183036258354e-01	2.000000000000000111e-01	1.199999999999999956e+00	5.223803368876905537e-03
3.170000000000000000e+02	-5.544939562918028628e-03	3.513285290385034787e-01	-6.778938697414256254e-01	2.000000000000000111e-01	1.199999999999999956e+00	2.614782813381891571e-02
3.180000000000000000e+02	6.396820039925786528e-05	2.141983874319054459e-01	1.634619821100979919e-01	2.000000000000000111e-01	1.199999999999999956e+00	8.519926954686857928e-03
3.190000000000000000e+02	1.360193828530451270e-03	1.015660070123898528e-01	4.503920201990112560e-01	2.000000000000000111e-01	1.199999999999999956e+00	7.972367741402296495e-03
3.200000000000000000e+02	6.477045994640210974e-06	1.997021210190808305e-01	1.924995097126158683e-01	2.000000000000000111e-01	1.199999999999999956e+00	1.342640783151528676e-02
3.210000000000000000e+02	6.617537633322301662e-04	1.421454366585676587e-01	3.379835696065685013e-01	2.000000000000000111e-01	1.199999999999999956e+00	5.703897750822042867e-03
3.220000000000000000e+02	-6.996499035041356743e-03	5.430406110957024524e-01	-9.142553983615213653e-01	2.000000000000000111e-01	1.199999999999999956e+00	6.575064277972331173e-03
3.230000000000000000e+02	1.555382392591023828e-03	9.260472348034361201e-02	4.050712673858156698e-01	2.000000000000000111e-01	1.199999999999999956e+00	4.037031353883216954e-03
3.240000000000000000e+02	-7.281103262365814979e-04	4.362355338025194484e-01	-8.572126270859659058e-01	2.000000000000000111e-01	1.199999999999999956e+00	2.341170749321195427e-03
3.250000000000000000e+02	3.641182012250078742e-04	1.119277080302611971e-01	4.167105076042489920e-01	2.000000000000000111e-01	1.199999999999999956e+00	4.157675314598633168e-03
3.260000000000000000e+02	8.554836346917565979e-04	1.847404904581064211e-01	3.123814924338530474e-02	2.000000000000000111e-01	1.199999999999999956e+00	3.111824926640034683e-03
3.270000000000000000e+02	-9.244699723498182040e-04	1.647852538014105972e-01	1.754839318048073693e-02	2.000000000000000111e-01	1.199999999999999956e+00	4.593228039851753389e-03
3.280000000000000000e+02	1.547348310281547804e-02	1.307159320421102111e-01	2.959800971321839835e-01	2.000000000000000111e-01	1.199999999999999956e+00	6.465092570465499899e-03
3.290000000000000000e+02	3.504738133762337333e-04	1.273353224034397824e-01	4.727679516242218050e-01	2.000000000000000111e-01	1.199999999999999956e+00	6.142069623536478527e-03
3.300000000000000000e+02	-4.625581408416283569e-03	3.367645831120971156e-01	-7.625881464101755824e-01	2.000000000000000111e-01	1.199999999999999956e+00	3.624568412201475270e-02
3.310000000000000000e+02	3.495055082801105332e-03	1.466655278024132647e-01	2.554140616217877024e-01	2.000000000000000111e-01	1.199999999999999956e+00	6.971154272983426901e-03
3.320000000000000000e+02	-3.193280607216234055e-03	3.103729393036128714e-01	1.608305055982235388e-01	2.000000000000000111e-01	1.199999999999999956e+00	1.199184724018948454e-02
3.330000000000000000e+02	3.358386821100043957e-03	3.803871458153887386e-01	-5.077489520381863741e-01	2.000000000000000111e-01	1.199999999999999956e+00	3.525065275400761627e-03
3.340000000000000000e+02	-5.704167977913212652e-03	4.066780254110391457e-01	-5.860979715620562303e-02	2.000000000000000111e-01	1.199999999999999956e+00	8.699209629406153346e-03
3.350000000000000000e+02	1.010929897081833334e-03	1.310605886320390101e-01	3.587036476851097611e-01	2.000000000000000111e-01	1.199999999999999956e+00	2.392405303925488301e-03
3.360000000000000000e+02	1.742556786693474392e-03	1.180396583435475433e-01	5.117088792921848928e-01	2.000000000000000111e-01	1.199999999999999956e+00	1.294879490093955518e-02
3.370000000000000000e+02	9.866494907718036545e-04	1.686236879545824907e-01	3.018760743960999804e-01	2.000000000000000111e-01	1.199999999999999956e+00	4.327651990006902046e-03
3.380000000000000000e+02	3.295542082084938719e-04	6.347034640191565047e-02	6.472816291915708398e-01	2.000000000000000111e-01	1.199999999999999956e+00	5.468560543458254875e-03
3.390000000000000000e+02	8.987253541691539232e-04	1.740636127735488703e-01	2.442008419230514704e-01	2.000000000000000111e-01	1.199999999999999956e+00	9.659952958336701090e-03
3.400000000000000000e+02	-1.467180441314885572e-04	1.418641347264303632e-01	4.359231637292757533e-01	2.000000000000000111e-01	1.199999999999999956e+00	6.450421745803909535e-03
3.410000000000000000e+02	2.753286842175379102e-03	1.906870621903034579e-01	1.458998125982313709e-01	2.000000000000000111e-01	1.199999999999999956e+00	7.542074516281375464e-03
3.420000000000000000e+02	4.072091396603613029e-04	1.362367662298736293e-01	4.719851973534021639e-01	2.000000000000000111e-01	1.199999999999999956e+00	1.425473229869656834e-02
3.430000000000000000e+02	-2.055615685662099800e-03	4.051816981859608924e-01	-4.899643130215158848e-01	2.000000000000000111e-01	1.199999999999999956e+00	6.674992918225907020e-03
3.440000000000000000e+02	5.707540144017592219e-04	1.937408638726541010e-01	1.881404250603400108e-01	2.000000000000000111e-01	1.199999999999999956e+00	3.173629276978873724e-03
3.450000000000000000e+02	4.582946843941785231e-04	7.872678426038837163e-02	5.138305344051574686e-01	2.000000000000000111e-01	1.199999999999999956e+00	9.347512719041986204e-03
3.460000000000000000e+02	6.886731434929059233e-05	1.427582373280791295e-01	3.170715281103966277e-01	2.000000000000000111e-01	1.199999999999999956e+00	2.095245623276680187e-03
3.470000000000000000e+02	1.986050533144366817e-03	1.286017629734997059e-01	2.879925193073407108e-01	2.000000000000000111e-01	1.199999999999999956e+00	9.313145895135332281e-03
3.480000000000000000e+02	9.352582168800902852e-04	4.552574391871393178e-02	6.693597718636246086e-01	2.000000000000000111e-01	1.199999999999999956e+00	1.565144935335104417e-02
3.490000000000000000e+02	1.975668881778034573e-03	1.071067898946633373e-01	4.590297875997313426e-01	2.000000000000000111e-01	1.199999999999999956e+00	6.174240617912636966e-03
3.500000000000000000e+02	1.244032995438223771e-03	1.238257257305036829e-01	4.789680297683123200e-01	2.000000000000000111e-01	1.199999999999999956e+00	1.407676240222335493e-02
3.510000000000000000e+02	-3.286468033560767735e-03	4.269723369202033103e-01	-2.359623084386761604e-01	2.000000000000000111e-01	1.199999999999999956e+00	5.292580183726716854e-03
3.520000000000000000e+02	2.616511127876327766e-03	8.779342326261037333e-02	5.346341490476436142e-01	2.000000000000000111e-01	1.199999999999999956e+00	1.749963788210851315e-02
3.530000000000000000e+02	1.536849787737520250e-03	3.998160328906805172e-02	6.238379887747707020e-01	2.000000000000000111e-01	1.199999999999999956e+00	1.406968061480485914e-02
3.540000000000000000e+02	2.706449128877807283e-04	5.576879568587721908e-02	5.579346802002755901e-01	2.000000000000000111e-01	1.199999999999999956e+00	2.875215566969315656e-03
3.550000000000000000e+02	-7.276087917798759394e-03	5.082095063450925432e-01	-7.864597290276460484e-01	2.000000000000000111e-01	1.199999999999999956e+00	5.879494378224926938e-03
3.560000000000000000e+02	-7.642759188890430044e-03	5.139754502048986540e-01	-7.495831396552796733e-01	2.000000000000000111e-01	1.199999999999999956e+00	9.895257786875376674e-03
3.570000000000000000e+02	-3.770778550101060319e-04	1.413299713531299961e-01	4.151476808753922221e-01	2.000000000000000111e-01	1.199999999999999956e+00	7.784485833729973790e-03
3.580000000000000000e+02	-5.833371640925619824e-04	1.569238573063507503e-01	3.957673347985233292e-01	2.000000000000000111e-01	1.199999999999999956e+00	1.172811603094676448e-02
3.590000000000000000e+02	5.447740537848072681e-04	7.027338126504734106e-02	5.590209427089054550e-01	2.000000000000000111e-01	1.199999999999999956e+00	4.584129319008410988e-03
3.600000000000000000e+02	2.080519424573971324e-03	1.696859616989007946e-01	1.489167634543062668e-01	2.000000000000000111e-01	1.199999999999999956e+00	5.764519808795244386e-03
3.610000000000000000e+02	7.434362034160219707e-04	1.613423124266328279e-01	1.325469904418441480e-01	2.000000000000000111e-01	1.199999999999999956e+00	2.448566400035397279e-03
3.620000000000000000e+02	-1.396664074573421158e-03	3.016175018253447471e-01	-4.133205793236385261e-01	2.000000000000000111e-01	1.199999999999999956e+00	8.675921907236474814e-03
3.630000000000000000e+02	-1.174815744542588754e-02	5.912192972276005820e-01	-8.024348676128028046e-01	2.000000000000000111e-01	1.199999999999999956e+00	1.144297827925884817e-02
3.640000000000000000e+02	3.448908820089882925e-05	2.665634434451257806e-01	-3.288090129987164545e-02	2.000000000000000111e-01	1.199999999999999956e+00	4.517382187607103805e-03
3.650000000000000000e+02	5.676916301004275058e-04	1.164056882416225069e-01	4.424453081112673658e-01	2.000000000000000111e-01	1.199999999999999956e+00	1.160595397893958956e-02
3.660000000000000000e+02	1.650113386022388244e-03	1.235706763200251912e-01	4.187425170359087012e-01	2.000000000000000111e-01	1.199999999999999956e+00	7.851049234559913728e-03
3.670000000000000000e+02	-1.975263582523765441e-03	2.544565750406799221e-01	1.413188650293468740e-01	2.000000000000000111e-01	1.199999999999999956e+00	4.659522885154524473e-03
3.680000000000000000e+02	4.399522175174479743e-04	8.377587249050831575e-02	5.538430673944785276e-01	2.000000000000000111e-01	1.199999999999999956e+00	9.704997240117233318e-03
3.690000000000000000e+02	1.322903717141838157e-03	1.920365772735520837e-01	2.189604356468319857e-01	2.000000000000000111e-01	1.199999999999999956e+00	9.214679945961253699e-03
3.700000000000000000e+02	-1.749473411585083377e-03	3.696653751515750486e-01	-6.592986387121175795e-01	2.000000000000000111e-01	1.199999999999999956e+00	6.890981564779388203e-03
3.710000000000000000e+02	-1.486912990927224129e-03	3.141787647230276370e-01	-1.976508255282531934e-01	2.000000000000000111e-01	1.199999999999999956e+00	8.544880350318593068e-03
3.720000000000000000e+02	9.985775134169177624e-04	5.512998187304301440e-02	6.745259530303535644e-01	2.000000000000000111e-01	1.199999999999999956e+00	7.619732783680890735e-03
3.730000000000000000e+02	1.467220908222163691e-03	1.218740093763180099e-01	4.451850770849361538e-01	2.000000000000000111e-01	1.199999999999999956e+00	7.634372280437211160e-03
3.740000000000000000e+02	2.651837478131299948e-03	3.254916984790148793e-02	7.512105932370022332e-01	2.000000000000000111e-01	1.199999999999999956e+00	1.449408688742643940e-02
3.750000000000000000e+02	8.995457966482184970e-04	1.290984029138176059e-01	3.214054796136127656e-01	2.000000000000000111e-01	1.199999999999999956e+00	3.830267679430120718e-03
3.760000000000000000e+02	4.131218586298714308e-04	1.965285653183898862e-01	-3.222384180897996941e-02	2.000000000000000111e-01	1.199999999999999956e+00	2.643037350894404235e-03
3.770000000000000000e+02	3.132404742290698183e-03	1.352658124357641878e-01	2.533931387957824022e-01	2.000000000000000111e-01	1.199999999999999956e+00	2.585603879996620832e-03
3.780000000000000000e+02	-4.221401744596172539e-03	3.388064896418110927e-01	-4.825529293693442412e-02	2.000000000000000111e-01	1.199999999999999956e+00	6.669050185949840746e-03
3.790000000000000000e+02	2.397391494892849809e-03	2.476009355520024102e-01	-3.292766706386029973e-01	2.000000000000000111e-01	1.199999999999999956e+00	3.629424069640280973e-03
3.800000000000000000e+02	-2.151201740945937139e-03	2.649335493481195791e-01	-1.114544926967466765e-01	2.000000000000000111e-01	1.199999999999999956e+00	6.885355019433309250e-03
3.810000000000000000e+02	1.382102087067120077e-03	3.950582416906494587e-01	-7.785478061751898160e-01	2.000000000000000111e-01	1.199999999999999956e+00	3.989092155407685490e-03
3.820000000000000000e+02	3.207540156008384640e-04	1.378069440027510362e-01	4.627581452705511467e-01	2.000000000000000111e-01	1.199999999999999956e+00	1.092569805986781314e-02
3.830000000000000000e+02	1.134138515465693813e-03	9.500131383670129548e-02	4.986188571124152702e-01	2.000000000000000111e-01	1.199999999999999956e+00	9.678583187379029978e-03
