0.000000000000000000e+00	3.356566434001853616e-03	1.169314948841499585e-01	3.863416227871706021e-01	2.000000000000000111e-01	1.199999999999999956e+00	6.268063129159039300e-03
1.000000000000000000e+00	1.190229392476104681e-03	7.366762615061564490e-02	6.306005054332864956e-01	2.000000000000000111e-01	1.199999999999999956e+00	8.099652309769349648e-03
2.000000000000000000e+00	-5.162756354377724547e-04	2.048675443388139061e-01	1.243843159562146028e-01	2.000000000000000111e-01	1.199999999999999956e+00	3.500624343608104132e-03
3.000000000000000000e+00	7.975675151962361798e-05	3.736937607753086366e-01	-5.963012750049859756e-01	2.000000000000000111e-01	1.199999999999999956e+00	4.511040531466780322e-03
4.000000000000000000e+00	-3.879806546947973857e-03	3.197843158147121723e-01	-6.270435029784557912e-01	2.000000000000000111e-01	1.199999999999999956e+00	9.595557965967541070e-02
5.000000000000000000e+00	8.678796833208460900e-05	2.666371378685091220e-01	1.896685589576798669e-01	2.000000000000000111e-01	1.199999999999999956e+00	9.456628099931894266e-03
6.000000000000000000e+00	4.905245579612795177e-03	2.102707566468357270e-01	1.051055746812484260e-01	2.000000000000000111e-01	1.199999999999999956e+00	7.206734011350689716e-03
7.000000000000000000e+00	4.129338069014003472e-03	1.735704232543317793e-01	2.904795399588851468e-01	2.000000000000000111e-01	1.199999999999999956e+00	9.420679081398873264e-03
8.000000000000000000e+00	1.543477999481603297e-03	1.157181983578046691e-01	4.200159568041271774e-01	2.000000000000000111e-01	1.199999999999999956e+00	3.437707766346272380e-03
9.000000000000000000e+00	2.135294800289750661e-01	-1.258895490671100847e-01	-5.362379396010087396e-01	2.000000000000000111e-01	1.199999999999999956e+00	9.210793570401996921e-02
1.000000000000000000e+01	2.527957524454103790e-03	2.249712121058294600e-01	4.703864882026230487e-02	2.000000000000000111e-01	1.199999999999999956e+00	4.459290344292446417e-03
1.100000000000000000e+01	2.470437295912475753e-03	8.089838173949571998e-02	4.388838360857826304e-01	2.000000000000000111e-01	1.199999999999999956e+00	3.852504097334491246e-03
1.200000000000000000e+01	-1.049455490512486234e-03	2.780953141309747134e-01	6.867957812241953786e-02	2.000000000000000111e-01	1.199999999999999956e+00	1.217505196829915190e-02
1.300000000000000000e+01	1.244905899606954395e-03	2.111348604347224045e-01	-3.053955315440868776e-02	2.000000000000000111e-01	1.199999999999999956e+00	3.595677470150924083e-03
1.400000000000000000e+01	-4.766829582437250544e-03	5.953683364265021094e-01	-8.736235466368260649e-01	2.000000000000000111e-01	1.199999999999999956e+00	5.607004417160144603e-03
1.500000000000000000e+01	4.814048819003805338e-03	1.019395578943191466e-01	4.461438612407621629e-01	2.000000000000000111e-01	1.199999999999999956e+00	4.529284376434393813e-03
1.600000000000000000e+01	1.160362260452712201e-03	1.845666645397412708e-01	2.317303461105013895e-01	2.000000000000000111e-01	1.199999999999999956e+00	5.235753461053036135e-03
1.700000000000000000e+01	2.711765861759574386e-03	8.837394558566133429e-02	4.408003342971928973e-01	2.000000000000000111e-01	1.199999999999999956e+00	9.780563456877057818e-03
1.800000000000000000e+01	-3.329728907039111469e-03	5.115649169016458497e-01	-9.113627102373115241e-01	2.000000000000000111e-01	1.199999999999999956e+00	6.404657946524312286e-03
1.900000000000000000e+01	5.316281075917747741e-03	2.277484261250993791e-01	-1.151854414931946513e-01	2.000000000000000111e-01	1.199999999999999956e+00	4.514567691135919041e-03
2.000000000000000000e+01	1.849965478621636104e-03	1.554710212430277794e-01	2.764494796386608999e-01	2.000000000000000111e-01	1.199999999999999956e+00	2.284717013281873776e-03
2.100000000000000000e+01	1.176272295969018949e-03	1.331816495736843908e-01	3.317930508360074637e-01	2.000000000000000111e-01	1.199999999999999956e+00	2.184374322031237391e-03
2.200000000000000000e+01	-1.327827163103860279e-02	7.473554107406528146e-01	-1.041011245401849861e+00	2.000000000000000111e-01	1.199999999999999956e+00	7.768430496280676056e-03
2.300000000000000000e+01	-1.231807137209805060e-03	3.292615458903451753e-01	-9.003180289447605678e-02	2.000000000000000111e-01	1.199999999999999956e+00	8.011049159980640835e-03
2.400000000000000000e+01	-1.479182852930722688e-03	2.787200930457331416e-01	-6.504881319214203539e-02	2.000000000000000111e-01	1.199999999999999956e+00	9.261359652803221459e-03
2.500000000000000000e+01	2.054455831650479555e-03	3.840839825641051419e-02	7.211484547100959208e-01	2.000000000000000111e-01	1.199999999999999956e+00	1.356651544938320894e-02
2.600000000000000000e+01	-2.194982176875024879e-03	2.358087049503722332e-01	-1.035545645847867624e-01	2.000000000000000111e-01	1.199999999999999956e+00	4.043993964088966886e-02
2.700000000000000000e+01	2.865467350446735013e-03	1.595408742972108940e-01	3.339353518447188973e-01	2.000000000000000111e-01	1.199999999999999956e+00	6.952005505196053210e-03
2.800000000000000000e+01	1.904408874573246301e-03	9.781743996172703737e-02	4.529360256971147747e-01	2.000000000000000111e-01	1.199999999999999956e+00	2.874169529975597465e-03
2.900000000000000000e+01	5.173407264643622213e-04	3.960947450389800117e-01	-6.605140406084094584e-01	2.000000000000000111e-01	1.199999999999999956e+00	3.986323172470112794e-03
3.000000000000000000e+01	1.604667418760701621e-03	1.605659992939021119e-01	2.515464756594970597e-01	2.000000000000000111e-01	1.199999999999999956e+00	2.528194016582004967e-03
3.100000000000000000e+01	3.892509788342607066e-03	1.280727259510323346e-01	4.384805090022857454e-01	2.000000000000000111e-01	1.199999999999999956e+00	1.387974953844967399e-02
3.200000000000000000e+01	7.131346361701926435e-03	1.777368065043068712e-01	1.088794240413772513e-01	2.000000000000000111e-01	1.199999999999999956e+00	6.097348788257752304e-03
3.300000000000000000e+01	2.618224486319504791e-03	1.825620994272883491e-01	2.258808376694468600e-01	2.000000000000000111e-01	1.199999999999999956e+00	6.994219576738559992e-03
3.400000000000000000e+01	2.224279596797866347e-03	2.246635933968151588e-01	-1.949394151919794094e-01	2.000000000000000111e-01	1.199999999999999956e+00	2.011275940155460296e-03
3.500000000000000000e+01	1.199202439740697538e-03	3.255466871432206033e-01	-1.892399448586221666e-01	2.000000000000000111e-01	1.199999999999999956e+00	3.599787821549068918e-03
3.600000000000000000e+01	-3.777661770061613300e-03	5.346164018652820316e-01	-3.982951870555650475e-01	2.000000000000000111e-01	1.199999999999999956e+00	5.181526903561402449e-03
3.700000000000000000e+01	9.535126190261828533e-04	3.937814008178547320e-02	6.465981782419630841e-01	2.000000000000000111e-01	1.199999999999999956e+00	3.725515758347573963e-03
3.800000000000000000e+01	8.308225418756828287e-04	1.633346450862501187e-01	1.628967768140545946e-01	2.000000000000000111e-01	1.199999999999999956e+00	3.742244818010783715e-03
3.900000000000000000e+01	1.049497371725348566e-03	1.507062861637717688e-01	3.162214883958998080e-01	2.000000000000000111e-01	1.199999999999999956e+00	5.101043667976289282e-03
4.000000000000000000e+01	-2.376698433316502910e-03	3.342766370848644919e-01	-2.677306900381078436e-01	2.000000000000000111e-01	1.199999999999999956e+00	5.742884420408593538e-03
4.100000000000000000e+01	4.287412143278370065e-03	2.037716130403186554e-01	1.321289740969766868e-01	2.000000000000000111e-01	1.199999999999999956e+00	4.372751558127223499e-03
4.200000000000000000e+01	2.193119868896116400e-03	5.888922367084417631e-02	6.031872773942892341e-01	2.000000000000000111e-01	1.199999999999999956e+00	1.019412104204144888e-02
4.300000000000000000e+01	6.846024878869268193e-03	2.930109889076036311e-01	-3.152969775570587663e-01	2.000000000000000111e-01	1.199999999999999956e+00	4.835314221542453932e-03
4.400000000000000000e+01	5.889344870952602272e-04	2.158353776276411284e-01	4.614199848607529464e-02	2.000000000000000111e-01	1.199999999999999956e+00	4.748738521258891697e-03
4.500000000000000000e+01	1.554738139371636754e-02	9.696556330251995814e-02	4.161765981822821425e-01	2.000000000000000111e-01	1.199999999999999956e+00	1.389352599221589657e-02
4.600000000000000000e+01	2.247131763185457841e-03	3.054535961870289418e-01	-1.089302765710055687e-01	2.000000000000000111e-01	1.199999999999999956e+00	5.233697400317641711e-03
4.700000000000000000e+01	2.046279160795648738e-03	1.991810683330502985e-01	1.474514879003950563e-01	2.000000000000000111e-01	1.199999999999999956e+00	5.487182381537269830e-03
4.800000000000000000e+01	2.892042198236993277e-03	3.480736715172465523e-01	-3.105586402537076074e-01	2.000000000000000111e-01	1.199999999999999956e+00	6.888450292194901910e-03
4.900000000000000000e+01	1.084654417486735070e-03	1.639964562995616659e-01	3.105705185242229605e-01	2.000000000000000111e-01	1.199999999999999956e+00	4.682668364695963606e-03
5.000000000000000000e+01	4.327639947110733468e-04	3.164912487397732455e-01	-1.055881215657678424e-01	2.000000000000000111e-01	1.199999999999999956e+00	5.654182448099398517e-03
5.100000000000000000e+01	-1.853162474880351400e-03	3.738116187083329045e-01	-1.089059110645577144e-01	2.000000000000000111e-01	1.199999999999999956e+00	3.267870112072193516e-03
5.200000000000000000e+01	1.713225614551670134e-02	1.095724740491462873e-01	2.763371445088411704e-01	2.000000000000000111e-01	1.199999999999999956e+00	1.237849209279908401e-02
5.300000000000000000e+01	3.711784064025939588e-03	1.286434897682303402e-01	3.283155780882140440e-01	2.000000000000000111e-01	1.199999999999999956e+00	3.760463976782837687e-03
5.400000000000000000e+01	-4.189454400569146003e-02	1.516413673966212183e+00	-3.968484899632531704e+00	2.000000000000000111e-01	1.199999999999999956e+00	2.145819942442023492e-03
5.500000000000000000e+01	-1.896059215635086895e-03	3.043679839716020852e-01	-8.473012899021722943e-02	2.000000000000000111e-01	1.199999999999999956e+00	5.262855221657032449e-03
5.600000000000000000e+01	1.730078049804304472e-03	2.881579397542958776e-01	7.870975693623395719e-02	2.000000000000000111e-01	1.199999999999999956e+00	5.320824164249396242e-03
5.700000000000000000e+01	-9.377890498264850223e-04	2.770031475603506599e-01	-2.558140468725184080e-01	2.000000000000000111e-01	1.199999999999999956e+00	2.995771787505385926e-03
5.800000000000000000e+01	-3.447259260612358777e-04	2.971588070800634807e-01	-7.520815596626127808e-02	2.000000000000000111e-01	1.199999999999999956e+00	1.037854209327230062e-02
5.900000000000000000e+01	4.636918610921984298e-03	2.036384721133518150e-01	1.642161329981628726e-01	2.000000000000000111e-01	1.199999999999999956e+00	1.447611493238290872e-02
6.000000000000000000e+01	2.298974070405688293e-03	1.708640832645571261e-01	8.314750927020948812e-02	2.000000000000000111e-01	1.199999999999999956e+00	5.077908785933892520e-03
6.100000000000000000e+01	-2.890056885553610047e-04	1.784384030111791641e-01	3.546635935711917043e-01	2.000000000000000111e-01	1.199999999999999956e+00	7.232628354526332397e-03
6.200000000000000000e+01	3.639750714191911964e-04	2.606452537053973728e-01	-1.236916799159412245e-01	2.000000000000000111e-01	1.199999999999999956e+00	4.798790263479226111e-03
6.300000000000000000e+01	4.073829662568530371e-04	2.470723460567298690e-01	2.330002301999423431e-01	2.000000000000000111e-01	1.199999999999999956e+00	7.185816073293395043e-03
6.400000000000000000e+01	2.476001598980725072e-03	4.138746519770171162e-01	-2.881063334724044411e-01	2.000000000000000111e-01	1.199999999999999956e+00	4.000769136857173537e-03
6.500000000000000000e+01	-2.722690319756358810e-03	3.241071310474182843e-01	-1.989930026046831391e-01	2.000000000000000111e-01	1.199999999999999956e+00	8.729567766369527443e-03
6.600000000000000000e+01	6.096081821499139269e-03	2.891090700415296921e-01	-1.063939498783066373e-01	2.000000000000000111e-01	1.199999999999999956e+00	1.457440770632701917e-03
6.700000000000000000e+01	9.847344432836664142e-04	2.097300826864351153e-01	9.302678933384556093e-02	2.000000000000000111e-01	1.199999999999999956e+00	7.325442593991192755e-03
6.800000000000000000e+01	9.521986878261399232e-04	1.115637480304418200e-01	2.627996156626328794e-01	2.000000000000000111e-01	1.199999999999999956e+00	2.555542491091165620e-03
6.900000000000000000e+01	-1.984751093120213500e-02	7.256211850166461863e-01	-9.611519363075009537e-01	2.000000000000000111e-01	1.199999999999999956e+00	7.135660210950060638e-03
7.000000000000000000e+01	3.181591582285705870e-03	3.821001667517193723e-01	-5.949596220583066586e-01	2.000000000000000111e-01	1.199999999999999956e+00	4.826775871429606589e-03
7.100000000000000000e+01	1.946380073066342225e-05	2.487636460594506160e-01	1.255258100708963043e-01	2.000000000000000111e-01	1.199999999999999956e+00	5.632579258079349963e-03
7.200000000000000000e+01	4.067320174949937486e-03	1.100740668226073832e-01	3.447963329734596294e-01	2.000000000000000111e-01	1.199999999999999956e+00	4.201074598607431806e-03
7.300000000000000000e+01	8.178658253930530357e-04	1.099115837053980665e-01	4.707039038443125989e-01	2.000000000000000111e-01	1.199999999999999956e+00	5.485523790202450310e-03
7.400000000000000000e+01	-5.345818030802274370e-04	3.663346412103532512e-01	-1.869120099968862025e-01	2.000000000000000111e-01	1.199999999999999956e+00	4.884146928443160694e-03
7.500000000000000000e+01	7.262748931852573697e-04	1.758486595951994635e-01	2.718034327206211298e-01	2.000000000000000111e-01	1.199999999999999956e+00	9.210848933685015366e-03
7.600000000000000000e+01	1.626394759813654459e-03	8.974841244378174709e-02	4.832264513780303861e-01	2.000000000000000111e-01	1.199999999999999956e+00	4.083793284821319799e-03
7.700000000000000000e+01	1.289582871350940891e-03	5.474411196743209085e-02	4.850315054817395666e-01	2.000000000000000111e-01	1.199999999999999956e+00	3.269068917266471953e-03
7.800000000000000000e+01	5.648030740000401298e-03	1.627619332720233736e-01	1.506829063949140790e-01	2.000000000000000111e-01	1.199999999999999956e+00	4.353422761267588918e-03
7.900000000000000000e+01	1.702686909754000562e-04	1.835583896951056004e-01	1.203398538272688612e-01	2.000000000000000111e-01	1.199999999999999956e+00	7.845541879523975498e-03
8.000000000000000000e+01	1.847786618802493971e-03	1.132299894578786131e-01	4.568767361852539843e-01	2.000000000000000111e-01	1.199999999999999956e+00	1.334947707434310307e-02
8.100000000000000000e+01	-8.188225370158364394e-03	8.655205818371797255e-01	-2.003555171731823403e+00	2.000000000000000111e-01	1.199999999999999956e+00	5.211901680472384724e-03
8.200000000000000000e+01	-4.022780433107947832e-04	2.169239739079009965e-01	-1.825165716583773343e-02	2.000000000000000111e-01	1.199999999999999956e+00	2.258393577760913363e-03
8.300000000000000000e+01	-6.393872682152539847e-04	1.869994155860514040e-01	3.296408131491526117e-01	2.000000000000000111e-01	1.199999999999999956e+00	6.033161643715242994e-03
8.400000000000000000e+01	-3.736296584972575324e-04	2.116381646049845244e-01	2.124964214917356431e-01	2.000000000000000111e-01	1.199999999999999956e+00	7.773188153440533169e-03
8.500000000000000000e+01	-1.763335952673233259e-03	3.433363317974897910e-01	-1.955938273265296068e-01	2.000000000000000111e-01	1.199999999999999956e+00	6.053908592255075050e-03
8.600000000000000000e+01	-6.427130171923028414e-03	5.728064743349396970e-01	-6.986532886261798136e-01	2.000000000000000111e-01	1.199999999999999956e+00	6.045069549274413416e-03
8.700000000000000000e+01	7.145168659870476972e-04	2.319866923537615977e-01	1.878180679305281875e-01	2.000000000000000111e-01	1.199999999999999956e+00	7.233223043284646263e-03
8.800000000000000000e+01	-8.124095729431259766e-03	5.950950223617167412e-01	-7.611945652230099890e-01	2.000000000000000111e-01	1.199999999999999956e+00	1.104958454240715683e-02
8.900000000000000000e+01	8.398831715003904222e-04	1.018609511895769704e-01	4.904415130739789852e-01	2.000000000000000111e-01	1.199999999999999956e+00	6.226247845856832351e-03
9.000000000000000000e+01	1.544923526580174776e-03	2.694711106164454084e-01	9.904056137351280320e-02	2.000000000000000111e-01	1.199999999999999956e+00	3.390016713947635422e-03
9.100000000000000000e+01	2.501043008728088667e-03	1.683609488348056238e-01	8.294807831461528669e-02	2.000000000000000111e-01	1.199999999999999956e+00	7.727754448329965907e-03
9.200000000000000000e+01	1.129657560121795573e-03	1.061925298606472418e-01	4.939373911019413477e-01	2.000000000000000111e-01	1.199999999999999956e+00	1.200859552609194990e-02
9.300000000000000000e+01	4.892986238981454031e-05	1.911462612761797020e-01	3.274200988241570687e-01	2.000000000000000111e-01	1.199999999999999956e+00	1.284391315323938666e-02
9.400000000000000000e+01	-1.625547346398464139e-03	2.921213484816471695e-01	-3.709280235432477896e-02	2.000000000000000111e-01	1.199999999999999956e+00	6.113674233302806259e-03
9.500000000000000000e+01	1.392780303990258242e-03	1.098841035503332342e-01	4.204286810465726609e-01	2.000000000000000111e-01	1.199999999999999956e+00	3.117305725388152225e-03
9.600000000000000000e+01	4.751424709689845705e-03	2.698860026935145373e-01	7.623154853348193538e-02	2.000000000000000111e-01	1.199999999999999956e+00	6.512687214869729291e-03
9.700000000000000000e+01	2.126489114696954695e-03	2.490912142431131460e-01	5.669189552483124006e-02	2.000000000000000111e-01	1.199999999999999956e+00	4.513774550451041430e-03
9.800000000000000000e+01	3.566153821632768407e-04	3.525863161426789905e-01	-1.092256552670091002e-01	2.000000000000000111e-01	1.199999999999999956e+00	8.883262388006284496e-03
9.900000000000000000e+01	6.424868314041269146e-04	2.623868835439390756e-01	1.252494774835129741e-02	2.000000000000000111e-01	1.199999999999999956e+00	8.155915187983671724e-03
1.000000000000000000e+02	-1.875331414380503265e-03	4.218943239312511473e-01	-1.276192796244068894e-01	2.000000000000000111e-01	1.199999999999999956e+00	6.042081010115954443e-03
1.010000000000000000e+02	3.608356354060154089e-03	6.639009095519858572e-02	4.953571859300774372e-01	2.000000000000000111e-01	1.199999999999999956e+00	3.852901377303489822e-03
1.020000000000000000e+02	2.205490022166734648e-03	1.243140879217222855e-01	3.131821078332743258e-01	2.000000000000000111e-01	1.199999999999999956e+00	3.396320396918668053e-03
1.030000000000000000e+02	-5.512794335966204190e-03	4.328934501761386722e-01	-2.572953427341490018e-01	2.000000000000000111e-01	1.199999999999999956e+00	4.260566021216880168e-03
1.040000000000000000e+02	4.781022280087434480e-04	1.216006959622785155e-01	2.729286948509493937e-01	2.000000000000000111e-01	1.199999999999999956e+00	6.283488114847591774e-03
1.050000000000000000e+02	1.076480820757140522e-03	9.829215577626315703e-02	4.857242131429099219e-01	2.000000000000000111e-01	1.199999999999999956e+00	3.585278562510458254e-03
1.060000000000000000e+02	-8.772670918394954152e-05	4.117117075431933060e-01	-2.181505802791171844e-01	2.000000000000000111e-01	1.199999999999999956e+00	9.647878602267232970e-03
1.070000000000000000e+02	1.480731369122066134e-03	2.983720371689163597e-01	-3.415088051816089210e-01	2.000000000000000111e-01	1.199999999999999956e+00	5.356619437880121883e-03
1.080000000000000000e+02	-4.298354069673602715e-03	3.339498940463823118e-01	1.534201736539146932e-01	2.000000000000000111e-01	1.199999999999999956e+00	1.740196306877510660e-02
1.090000000000000000e+02	1.155292762752833371e-03	1.162397048489483276e-01	4.327483686679142183e-01	2.000000000000000111e-01	1.199999999999999956e+00	8.015412783060681806e-03
1.100000000000000000e+02	3.761801591747800447e-03	2.527630317276524652e-01	-6.025518335600635322e-02	2.000000000000000111e-01	1.199999999999999956e+00	3.454030901735721110e-03
1.110000000000000000e+02	-6.059989847467305533e-03	3.828288564989413834e-01	-5.541274785592498198e-01	2.000000000000000111e-01	1.199999999999999956e+00	4.248444165718024551e-02
1.120000000000000000e+02	6.532315799559203044e-04	7.953878154019912439e-02	6.025170120898275528e-01	2.000000000000000111e-01	1.199999999999999956e+00	2.219710534885669176e-02
1.130000000000000000e+02	-1.505383264209895610e-03	3.739918628525586985e-01	-2.364765824368155467e-01	2.000000000000000111e-01	1.199999999999999956e+00	2.785900155877052160e-03
1.140000000000000000e+02	8.218110925878722474e-04	2.186215904344370187e-01	-1.432056802932838617e-03	2.000000000000000111e-01	1.199999999999999956e+00	1.639586169975178632e-03
1.150000000000000000e+02	2.203276546464283273e-04	1.020196099105461496e-01	5.010745629029961234e-01	2.000000000000000111e-01	1.199999999999999956e+00	6.386184657154743427e-03
1.160000000000000000e+02	-2.962620008704856724e-03	3.004116691522490945e-01	7.078241370039106695e-02	2.000000000000000111e-01	1.199999999999999956e+00	6.636835610661611339e-03
1.170000000000000000e+02	8.021242037414229092e-04	3.650944536205161794e-01	-2.535309714114571400e-01	2.000000000000000111e-01	1.199999999999999956e+00	5.128092883623198810e-03
1.180000000000000000e+02	5.191488736367262484e-03	1.685854645885320746e-01	2.488614300713717642e-01	2.000000000000000111e-01	1.199999999999999956e+00	5.855026118653958341e-03
1.190000000000000000e+02	-1.448067716362306861e-03	2.431886945379606035e-01	2.075199321740006375e-01	2.000000000000000111e-01	1.199999999999999956e+00	6.565813992084842433e-03
1.200000000000000000e+02	-1.978840649498914226e-03	2.525435501061973897e-01	6.702325348107532332e-02	2.000000000000000111e-01	1.199999999999999956e+00	3.814180622058038241e-03
1.210000000000000000e+02	1.409972593739551019e-03	2.761061366227400837e-01	8.562957746514884838e-02	2.000000000000000111e-01	1.199999999999999956e+00	8.404335045562110265e-03
1.220000000000000000e+02	1.179937260323554423e-03	7.782494166012528247e-02	5.772103229643201772e-01	2.000000000000000111e-01	1.199999999999999956e+00	6.954257904276492375e-03
1.230000000000000000e+02	1.454750080552332262e-03	9.790459053662053934e-02	5.142597406067649368e-01	2.000000000000000111e-01	1.199999999999999956e+00	4.218138272540103081e-03
1.240000000000000000e+02	2.974188470597227425e-03	1.993096105794827932e-01	2.166172688114034184e-01	2.000000000000000111e-01	1.199999999999999956e+00	8.534889616765706580e-03
1.250000000000000000e+02	5.870922821266078787e-04	2.072559852824045479e-01	2.607825545923347366e-01	2.000000000000000111e-01	1.199999999999999956e+00	8.011958471151275560e-03
1.260000000000000000e+02	4.475791272661897198e-03	1.901369110305807797e-01	-2.371967645102452879e-02	2.000000000000000111e-01	1.199999999999999956e+00	4.556739693873454976e-03
1.270000000000000000e+02	1.368471984870481620e-02	3.608326486084861284e-01	-6.899892274867922559e-01	2.000000000000000111e-01	1.199999999999999956e+00	7.580851478818498301e-03
1.280000000000000000e+02	-2.099473564676654531e-03	3.512469032176788741e-01	-2.711793295431333961e-01	2.000000000000000111e-01	1.199999999999999956e+00	7.276011599661286536e-03
1.290000000000000000e+02	2.168657055165971667e-03	1.064626877900014534e-01	5.725993326375821146e-01	2.000000000000000111e-01	1.199999999999999956e+00	1.650928240134614394e-02
1.300000000000000000e+02	3.336177264193668744e-03	1.939194040166661026e-01	1.323943323193446930e-01	2.000000000000000111e-01	1.199999999999999956e+00	3.505152383925057204e-03
1.310000000000000000e+02	1.096286308907762813e-04	1.403641727628575087e-01	-4.804469891842361867e-02	2.000000000000000111e-01	1.199999999999999956e+00	2.556232573162877265e-03
1.320000000000000000e+02	1.670952420677793940e-04	1.332369900580118449e-01	3.988758705364497947e-01	2.000000000000000111e-01	1.199999999999999956e+00	1.215197978957097353e-03
1.330000000000000000e+02	1.808108847957943556e-03	5.195179102906109098e-02	5.852923428530527605e-01	2.000000000000000111e-01	1.199999999999999956e+00	4.326376815836465058e-03
1.340000000000000000e+02	3.884781222774538311e-03	1.214016860481756804e-01	4.074732601885453498e-01	2.000000000000000111e-01	1.199999999999999956e+00	6.623745306177777903e-03
1.350000000000000000e+02	7.080143413020532168e-04	1.325731948559990825e-01	3.471107601616419402e-01	2.000000000000000111e-01	1.199999999999999956e+00	3.848918201553959504e-03
1.360000000000000000e+02	5.152445210202550967e-03	2.479413838710913254e-01	7.416865639187815440e-02	2.000000000000000111e-01	1.199999999999999956e+00	6.655883698953720881e-03
1.370000000000000000e+02	-2.223851327348389320e-02	9.353096112045589106e-01	-1.739439695934709595e+00	2.000000000000000111e-01	1.199999999999999956e+00	1.176076342908179487e-02
1.380000000000000000e+02	-4.980838891580810501e-03	4.768705640542472701e-01	-7.633947298354153421e-01	2.000000000000000111e-01	1.199999999999999956e+00	5.843385449513033118e-03
1.390000000000000000e+02	2.323491202690178888e-03	2.323276576633129809e-01	-1.833928585933521441e-02	2.000000000000000111e-01	1.199999999999999956e+00	4.107857087338520445e-03
1.400000000000000000e+02	6.384718853399386695e-04	1.335581004889750956e-01	4.126387196931763923e-01	2.000000000000000111e-01	1.199999999999999956e+00	6.892564628029047499e-03
1.410000000000000000e+02	5.184174366514941387e-03	3.166732263287926341e-01	-1.750229728925833672e-01	2.000000000000000111e-01	1.199999999999999956e+00	1.005553976343182346e-02
1.420000000000000000e+02	1.213173735059095955e-03	1.193665849141692936e-01	3.893736595344671758e-01	2.000000000000000111e-01	1.199999999999999956e+00	3.162161947656341125e-03
1.430000000000000000e+02	6.066652143481016633e-03	7.486830007536440790e-02	5.577854898094526392e-01	2.000000000000000111e-01	1.199999999999999956e+00	3.845793528021082281e-03
1.440000000000000000e+02	4.646679582396183385e-04	2.101020115998701865e-01	1.589741429985892796e-01	2.000000000000000111e-01	1.199999999999999956e+00	9.813952273801973200e-03
1.450000000000000000e+02	2.517472748590613742e-03	2.170397015614439207e-01	2.440927830013478461e-01	2.000000000000000111e-01	1.199999999999999956e+00	1.062791864816332865e-02
1.460000000000000000e+02	4.445308825774143754e-03	2.145854510997099174e-01	-4.634227123398431542e-02	2.000000000000000111e-01	1.199999999999999956e+00	3.529552432191148358e-03
1.470000000000000000e+02	4.442303502781688230e-04	1.062631125521928677e-01	4.496771012410630819e-01	2.000000000000000111e-01	1.199999999999999956e+00	4.794038661984438218e-03
1.480000000000000000e+02	4.591419551837382443e-03	1.505202864139300045e-01	2.192056199042833609e-01	2.000000000000000111e-01	1.199999999999999956e+00	4.485534702219680196e-03
1.490000000000000000e+02	1.185751473129404874e-03	3.548023188370336839e-02	7.378044561445233906e-01	2.000000000000000111e-01	1.199999999999999956e+00	1.153904346073707753e-02
1.500000000000000000e+02	1.631436246167805972e-03	1.527958327829948559e-01	2.957891453072831189e-01	2.000000000000000111e-01	1.199999999999999956e+00	9.275255743080969631e-03
1.510000000000000000e+02	-2.160906306352278758e-04	2.548770117357119780e-01	2.660042110192162856e-01	2.000000000000000111e-01	1.199999999999999956e+00	6.413299270423074468e-03
1.520000000000000000e+02	4.327843188313437815e-04	4.851155992185975929e-01	-6.619593455103623958e-01	2.000000000000000111e-01	1.199999999999999956e+00	5.320944494375122631e-03
1.530000000000000000e+02	2.205424992729309447e-03	1.241873812859661946e-01	4.266668408898852127e-01	2.000000000000000111e-01	1.199999999999999956e+00	8.436555592178821700e-03
1.540000000000000000e+02	-2.538040601166693445e-04	2.272172870085262808e-01	-2.336660551014822090e-02	2.000000000000000111e-01	1.199999999999999956e+00	7.867443945855317686e-03
1.550000000000000000e+02	-2.367057957578940858e-05	1.791037259181858798e-01	2.605609642859613717e-01	2.000000000000000111e-01	1.199999999999999956e+00	5.586944238300298703e-03
1.560000000000000000e+02	-4.622182144766198014e-03	5.047579925552484470e-01	-4.658562777230404461e-01	2.000000000000000111e-01	1.199999999999999956e+00	6.548773135886111312e-03
1.570000000000000000e+02	2.524444527417924258e-03	3.167426295737582609e-01	-1.992188497981816631e-01	2.000000000000000111e-01	1.199999999999999956e+00	7.897428896308259991e-03
1.580000000000000000e+02	-1.009400817395003820e-03	3.314195046388477284e-01	-7.356714379946843740e-02	2.000000000000000111e-01	1.199999999999999956e+00	6.792171700740723753e-03
1.590000000000000000e+02	3.502584279230757432e-03	1.674936049984992459e-01	5.609415995975786107e-02	2.000000000000000111e-01	1.199999999999999956e+00	6.924237300543889008e-03
1.600000000000000000e+02	1.554039283431846467e-03	1.047780505675750956e-01	4.651934801351645943e-01	2.000000000000000111e-01	1.199999999999999956e+00	6.708897641315847774e-03
1.610000000000000000e+02	4.034160893896528263e-04	1.903826897143189034e-01	2.250124446930801270e-01	2.000000000000000111e-01	1.199999999999999956e+00	3.304200866121348446e-03
1.620000000000000000e+02	9.778541571387655475e-04	1.829915934648205511e-01	2.208160066416065548e-01	2.000000000000000111e-01	1.199999999999999956e+00	3.931853933630172215e-03
1.630000000000000000e+02	9.684137093296063363e-04	1.490155656987937616e-01	1.764127750428816643e-01	2.000000000000000111e-01	1.199999999999999956e+00	2.838332367457808807e-03
1.640000000000000000e+02	2.412603290113135915e-03	3.303236923490869281e-01	-1.293164683723056485e-01	2.000000000000000111e-01	1.199999999999999956e+00	1.055610794512381982e-02
1.650000000000000000e+02	1.678423790264399126e-02	2.313561788556022236e-01	-8.828190394155714660e-02	2.000000000000000111e-01	1.199999999999999956e+00	9.204516471928899865e-03
1.660000000000000000e+02	2.716229952196361815e-03	4.599483468963647126e-01	-4.996026818882070009e-01	2.000000000000000111e-01	1.199999999999999956e+00	7.558980328814193621e-03
1.670000000000000000e+02	1.294140949563659954e-03	8.917217529372806206e-02	4.660526937867428554e-01	2.000000000000000111e-01	1.199999999999999956e+00	3.526216212116710901e-03
1.680000000000000000e+02	6.993913969969844935e-03	1.800846394981625576e-01	4.397126714969758904e-02	2.000000000000000111e-01	1.199999999999999956e+00	5.114596093361218829e-03
1.690000000000000000e+02	1.340732611103403853e-03	1.362498063781162894e-01	3.489494512792888914e-01	2.000000000000000111e-01	1.199999999999999956e+00	5.263225731471200299e-03
1.700000000000000000e+02	1.260670700822264781e-03	7.682961369967267196e-02	5.350512965809320898e-01	2.000000000000000111e-01	1.199999999999999956e+00	4.162013831672504993e-02
1.710000000000000000e+02	2.049343923330344819e-03	3.514719666537045595e-01	-1.445432830342031627e-01	2.000000000000000111e-01	1.199999999999999956e+00	4.300158454817186622e-03
1.720000000000000000e+02	-3.856908245611729777e-03	5.564646200287761690e-01	-8.729168998442997651e-01	2.000000000000000111e-01	1.199999999999999956e+00	6.891602426640460084e-03
1.730000000000000000e+02	-9.467576720874597979e-03	6.414463906396612458e-01	-8.910708417822212901e-01	2.000000000000000111e-01	1.199999999999999956e+00	9.831330684196049746e-03
1.740000000000000000e+02	1.915097519342566935e-03	1.836859259212647033e-01	1.725374261850100843e-01	2.000000000000000111e-01	1.199999999999999956e+00	3.099031137609937255e-03
1.750000000000000000e+02	3.518818156848770896e-03	1.228735642881830376e-01	2.893763329178312138e-01	2.000000000000000111e-01	1.199999999999999956e+00	3.988234663826175676e-03
1.760000000000000000e+02	3.030072251097359892e-03	3.050622910978603719e-01	-2.496245407552092899e-01	2.000000000000000111e-01	1.199999999999999956e+00	7.066258014463541216e-03
1.770000000000000000e+02	-2.363615813438296222e-03	3.714313834786748814e-01	-2.541026314621337712e-02	2.000000000000000111e-01	1.199999999999999956e+00	6.540497534735303931e-03
1.780000000000000000e+02	-3.360742423402056909e-04	3.514734873205679899e-01	-2.860647289305149887e-01	2.000000000000000111e-01	1.199999999999999956e+00	4.880882760748947793e-03
1.790000000000000000e+02	1.765475611798112028e-03	1.261026966490903789e-01	2.821782272638649336e-01	2.000000000000000111e-01	1.199999999999999956e+00	6.007199145997533032e-03
1.800000000000000000e+02	-2.878690655382121124e-03	2.980846943083139688e-01	-3.036766851061584865e-02	2.000000000000000111e-01	1.199999999999999956e+00	6.783124314192627395e-03
1.810000000000000000e+02	2.576014386768874908e-03	6.812460465849073943e-02	6.061930376795769959e-01	2.000000000000000111e-01	1.199999999999999956e+00	8.417850780122809393e-03
1.820000000000000000e+02	-2.834849236606250072e-04	1.303412458880572888e-01	4.871428692481925560e-01	2.000000000000000111e-01	1.199999999999999956e+00	1.011949629682709281e-02
1.830000000000000000e+02	1.930107843991510168e-04	2.162306155955880937e-01	1.571071109818943656e-01	2.000000000000000111e-01	1.199999999999999956e+00	5.081364372092347925e-03
1.840000000000000000e+02	-4.498885728391751639e-03	4.580719753623048174e-01	-4.403499997180957415e-01	2.000000000000000111e-01	1.199999999999999956e+00	9.625469014102803339e-03
1.850000000000000000e+02	6.249012567196252392e-04	1.241994632608825894e-01	3.851064710182333650e-01	2.000000000000000111e-01	1.199999999999999956e+00	4.079776617101828207e-03
1.860000000000000000e+02	2.012057176040985863e-03	9.597891320191727360e-02	5.788427841522896244e-01	2.000000000000000111e-01	1.199999999999999956e+00	1.663700829586273536e-02
1.870000000000000000e+02	5.025911697891106544e-04	9.413823239620812411e-02	5.461334353565031607e-01	2.000000000000000111e-01	1.199999999999999956e+00	8.216089543262663358e-03
1.880000000000000000e+02	-1.464502991558532289e-04	2.143332329886106780e-01	1.111090856743841143e-01	2.000000000000000111e-01	1.199999999999999956e+00	3.973140557196982135e-03
1.890000000000000000e+02	-1.400039310847813476e-03	2.857636693318434951e-01	-1.521769740728388665e-01	2.000000000000000111e-01	1.199999999999999956e+00	5.528196736096772923e-03
1.900000000000000000e+02	4.231390153841398734e-04	2.705761130409649051e-01	-3.663388517376938158e-01	2.000000000000000111e-01	1.199999999999999956e+00	1.441429478270274444e-03
1.910000000000000000e+02	3.221629743595470514e-03	1.541396606903827071e-01	2.016146753179279827e-01	2.000000000000000111e-01	1.199999999999999956e+00	3.050945889264033723e-03
1.920000000000000000e+02	-4.947647508930128838e-04	1.777226414516781539e-01	3.796526994869493521e-01	2.000000000000000111e-01	1.199999999999999956e+00	9.037543777541985970e-03
1.930000000000000000e+02	2.951234863923909903e-03	1.346450924382499303e-01	3.806684879477972849e-01	2.000000000000000111e-01	1.199999999999999956e+00	6.900566469207100595e-03
1.940000000000000000e+02	1.553903452043684094e-03	1.297343950515719435e-01	3.349736363243603909e-01	2.000000000000000111e-01	1.199999999999999956e+00	4.062475882827433840e-03
1.950000000000000000e+02	-4.107288556162090078e-03	3.685353249444460189e-01	-3.158569843326384796e-01	2.000000000000000111e-01	1.199999999999999956e+00	4.375811782170179604e-03
1.960000000000000000e+02	3.061878295158596431e-03	3.240156359477638359e-01	-2.205489615340859855e-01	2.000000000000000111e-01	1.199999999999999956e+00	4.778871680315418223e-03
1.970000000000000000e+02	1.389870738625174343e-03	8.489653149764772588e-02	5.380793002498659439e-01	2.000000000000000111e-01	1.199999999999999956e+00	5.436519441569402471e-03
1.980000000000000000e+02	2.982898589059190201e-03	1.072543364261128035e-01	4.089767365222375384e-01	2.000000000000000111e-01	1.199999999999999956e+00	6.468851255825707261e-03
1.990000000000000000e+02	2.517759341891885518e-03	6.353504870968766649e-02	4.452334130778029531e-01	2.000000000000000111e-01	1.199999999999999956e+00	1.209329987178015160e-02
2.000000000000000000e+02	2.950184414653990949e-04	1.520198233069783578e-01	3.870740113217657763e-01	2.000000000000000111e-01	1.199999999999999956e+00	4.275082347921468039e-03
2.010000000000000000e+02	6.084056032921665406e-03	2.305306623901222096e-01	-2.382379307531335699e-01	2.000000000000000111e-01	1.199999999999999956e+00	9.201911521586987261e-03
2.020000000000000000e+02	1.119764109428711190e-03	2.880501618872210456e-01	-1.777441221999471466e-01	2.000000000000000111e-01	1.199999999999999956e+00	4.227010428460043281e-03
2.030000000000000000e+02	2.073527622044055944e-03	1.402438754748208671e-01	3.716856219061382416e-01	2.000000000000000111e-01	1.199999999999999956e+00	5.476311205766699018e-03
2.040000000000000000e+02	3.881477564167648553e-02	2.119493548108453973e-01	-2.944956282449482377e-01	2.000000000000000111e-01	1.199999999999999956e+00	9.068563899432720982e-03
2.050000000000000000e+02	4.187441587162603503e-05	1.569236103950036321e-01	3.598812154858059276e-01	2.000000000000000111e-01	1.199999999999999956e+00	6.392084985508606279e-03
2.060000000000000000e+02	3.556244008024141319e-03	2.610358187614839620e-01	-1.025268226769175395e-01	2.000000000000000111e-01	1.199999999999999956e+00	5.505647594823865308e-03
2.070000000000000000e+02	2.681983784449817800e-03	2.305256893468057289e-01	1.188200402465831723e-01	2.000000000000000111e-01	1.199999999999999956e+00	9.143792438613185247e-03
2.080000000000000000e+02	9.386121523442017903e-03	1.940043679586227199e-01	1.824198449103009712e-01	2.000000000000000111e-01	1.199999999999999956e+00	1.195510218543792587e-02
2.090000000000000000e+02	1.239385980548845557e-02	1.115736461459016227e-01	3.172292565945706300e-01	2.000000000000000111e-01	1.199999999999999956e+00	5.013622831659972356e-03
2.100000000000000000e+02	-2.757445370451505054e-04	1.570922618786393665e-01	4.402585557953630491e-01	2.000000000000000111e-01	1.199999999999999956e+00	6.160987633343789453e-03
2.110000000000000000e+02	-3.070183259860344814e-03	4.090948819759689381e-01	-4.443762636327563409e-01	2.000000000000000111e-01	1.199999999999999956e+00	4.847871689928479055e-03
2.120000000000000000e+02	7.483671178142914382e-03	3.013009503535993838e-01	-2.334358743544089065e-01	2.000000000000000111e-01	1.199999999999999956e+00	3.457474942412329909e-03
2.130000000000000000e+02	2.813429461340432973e-03	3.556679301211631006e-01	-4.501012951888231917e-01	2.000000000000000111e-01	1.199999999999999956e+00	1.440666705455241050e-03
2.140000000000000000e+02	4.326228362569040434e-03	3.631804515008703049e-01	-2.153278675985978996e-01	2.000000000000000111e-01	1.199999999999999956e+00	5.062500997038028687e-03
2.150000000000000000e+02	1.399058448669418520e-04	2.612133145960642833e-01	-3.390002897786706382e-01	2.000000000000000111e-01	1.199999999999999956e+00	4.546148483438499158e-03
2.160000000000000000e+02	6.123028839627286512e-04	2.278476020605420815e-01	1.460788187951877204e-01	2.000000000000000111e-01	1.199999999999999956e+00	5.788209080342663834e-03
2.170000000000000000e+02	-3.155861195279947309e-04	2.039879871101866748e-01	7.637207860482828070e-02	2.000000000000000111e-01	1.199999999999999956e+00	4.465894939424711399e-03
2.180000000000000000e+02	4.705807839404595422e-04	4.074236881873647409e-01	-3.344304282624498414e-01	2.000000000000000111e-01	1.199999999999999956e+00	3.827741785993606094e-03
2.190000000000000000e+02	2.991397049175955648e-03	9.143598933175817178e-02	5.722657403696342904e-01	2.000000000000000111e-01	1.199999999999999956e+00	9.623549071484726464e-03
2.200000000000000000e+02	9.788419063841162417e-04	1.322776690248285703e-01	4.387068256352177342e-01	2.000000000000000111e-01	1.199999999999999956e+00	7.655147251484685673e-03
2.210000000000000000e+02	8.967271342083245160e-04	4.272187149978282777e-02	6.813692915657532101e-01	2.000000000000000111e-01	1.199999999999999956e+00	1.083820382380929273e-02
2.220000000000000000e+02	7.943268116973287466e-04	1.744681779843852698e-01	4.199583299518397719e-03	2.000000000000000111e-01	1.199999999999999956e+00	4.008680372308183991e-03
2.230000000000000000e+02	-6.776047380708541401e-03	4.087006211353799157e-01	-1.075912405628015600e+00	2.000000000000000111e-01	1.199999999999999956e+00	2.496773733658490951e-02
2.240000000000000000e+02	4.796702524449643346e-03	3.913183670117841711e-02	6.024248778385742353e-01	2.000000000000000111e-01	1.199999999999999956e+00	1.130140391248736498e-02
2.250000000000000000e+02	1.352956679464963671e-03	1.242439528907394730e-01	4.925028208656054285e-01	2.000000000000000111e-01	1.199999999999999956e+00	8.400946373883671700e-03
2.260000000000000000e+02	9.088238405814266308e-04	7.767642225171153547e-02	5.496537948951465413e-01	2.000000000000000111e-01	1.199999999999999956e+00	8.536745769194966499e-03
2.270000000000000000e+02	7.995669856470027231e-03	2.938652499919288119e-01	-2.503687873867663782e-01	2.000000000000000111e-01	1.199999999999999956e+00	9.084028238231940319e-03
2.280000000000000000e+02	1.437096655785080439e-03	1.352229514614347594e-01	4.334244808808266347e-01	2.000000000000000111e-01	1.199999999999999956e+00	1.827755174943012165e-02
2.290000000000000000e+02	1.639954613713026036e-03	1.628858759819877544e-01	2.262130813367606574e-01	2.000000000000000111e-01	1.199999999999999956e+00	5.669346279479777449e-03
2.300000000000000000e+02	-8.896558240804223290e-04	2.207384737229518556e-01	1.660722299971895966e-01	2.000000000000000111e-01	1.199999999999999956e+00	4.858677076554135041e-03
2.310000000000000000e+02	1.208257765256219845e-03	5.481141979126857855e-02	5.657911613068495882e-01	2.000000000000000111e-01	1.199999999999999956e+00	1.042936553717251254e-02
2.320000000000000000e+02	-1.980336024451626563e-03	2.534318019309481640e-01	1.709307653312880648e-01	2.000000000000000111e-01	1.199999999999999956e+00	5.424692458321350545e-03
2.330000000000000000e+02	1.171062111745489222e-03	3.265385353311334726e-01	-3.674710005034340088e-01	2.000000000000000111e-01	1.199999999999999956e+00	2.209454693540091694e-03
2.340000000000000000e+02	-3.482108492301426005e-03	3.704481707804288537e-01	-8.439805113616942744e-01	2.000000000000000111e-01	1.199999999999999956e+00	3.932976293302629066e-03
2.350000000000000000e+02	2.388653340209260416e-04	2.045449696575702692e-01	1.796414321092829613e-01	2.000000000000000111e-01	1.199999999999999956e+00	2.142301137849138889e-03
2.360000000000000000e+02	6.270752472791416574e-04	1.494246448509952696e-01	4.197869384900655421e-01	2.000000000000000111e-01	1.199999999999999956e+00	5.548732572483943727e-03
2.370000000000000000e+02	1.123670597614203357e-03	1.168386603307514093e-01	3.982009619153686897e-01	2.000000000000000111e-01	1.199999999999999956e+00	4.796273116458258171e-03
2.380000000000000000e+02	1.563379456528955801e-04	2.200841949388609442e-01	2.074034941851149449e-01	2.000000000000000111e-01	1.199999999999999956e+00	1.025204689101950027e-02
2.390000000000000000e+02	2.422325852440459278e-03	1.299077736296634089e-01	3.920164661925957805e-01	2.000000000000000111e-01	1.199999999999999956e+00	7.639195278016847057e-03
2.400000000000000000e+02	2.658282568424729254e-03	1.060787380839022381e-01	3.416641607832065497e-01	2.000000000000000111e-01	1.199999999999999956e+00	3.648664600942377705e-03
2.410000000000000000e+02	4.195386995468171820e-04	8.567232634080650111e-02	5.522114860051333673e-01	2.000000000000000111e-01	1.199999999999999956e+00	4.503244481571554332e-03
2.420000000000000000e+02	-4.080494409749996568e-03	4.199283081420168151e-01	-6.650459910963448795e-01	2.000000000000000111e-01	1.199999999999999956e+00	5.249727566955449641e-03
2.430000000000000000e+02	6.876161865222438826e-04	3.712250863515195176e-01	-2.584146813884563576e-01	2.000000000000000111e-01	1.199999999999999956e+00	6.314984561556267681e-03
2.440000000000000000e+02	1.540527208239234752e-03	2.281465652277480105e-01	-1.556089839991355549e-02	2.000000000000000111e-01	1.199999999999999956e+00	6.483709615420744574e-03
2.450000000000000000e+02	1.462099209647943878e-03	1.186250680205408886e-01	4.898377483658460929e-01	2.000000000000000111e-01	1.199999999999999956e+00	9.242749423253038277e-03
2.460000000000000000e+02	6.550181475625731047e-03	1.453783573629736370e-01	2.392361785869606405e-01	2.000000000000000111e-01	1.199999999999999956e+00	4.621171308600594170e-03
2.470000000000000000e+02	3.240472149769301879e-03	1.585472323947705875e-01	3.300522199229900533e-01	2.000000000000000111e-01	1.199999999999999956e+00	7.300352284545534240e-03
2.480000000000000000e+02	1.644138884581981949e-03	8.235714197142057769e-02	5.828448249779767387e-01	2.000000000000000111e-01	1.199999999999999956e+00	1.040173546431891020e-02
2.490000000000000000e+02	-6.008781606458869599e-03	4.146101045205349833e-01	-4.516491285225511243e-01	2.000000000000000111e-01	1.199999999999999956e+00	6.933780621257317790e-03
2.500000000000000000e+02	4.313277662706588300e-03	3.455411839615354919e-02	7.273456808482381408e-01	2.000000000000000111e-01	1.199999999999999956e+00	1.509936641363496604e-02
2.510000000000000000e+02	8.146271736823150087e-04	2.345568420703556256e-01	1.164820211676395045e-01	2.000000000000000111e-01	1.199999999999999956e+00	5.907086424094655855e-03
2.520000000000000000e+02	3.516063239046903193e-03	8.564433297832661773e-02	3.125880166845052544e-01	2.000000000000000111e-01	1.199999999999999956e+00	3.202543484988603934e-03
2.530000000000000000e+02	1.762123977120371040e-04	9.455393089017208319e-02	4.868346362529258342e-01	2.000000000000000111e-01	1.199999999999999956e+00	8.811072318198720499e-03
2.540000000000000000e+02	6.573986735360520285e-04	3.476527047902346346e-01	-7.550164165515120818e-01	2.000000000000000111e-01	1.199999999999999956e+00	4.194193880867926917e-03
2.550000000000000000e+02	3.349555699736067420e-03	2.236229093663633649e-01	2.173027873120473574e-01	2.000000000000000111e-01	1.199999999999999956e+00	8.667521571566628308e-03
2.560000000000000000e+02	-1.237579501229394557e-02	7.990371878023493357e-01	-1.400510962298985751e+00	2.000000000000000111e-01	1.199999999999999956e+00	3.473126873489125205e-03
2.570000000000000000e+02	6.179653239530706263e-03	3.347490360828446199e-01	-3.264649278434531565e-01	2.000000000000000111e-01	1.199999999999999956e+00	1.831247003414299915e-03
2.580000000000000000e+02	1.866565168559700854e-03	1.060688568519052993e-01	2.819947794337520630e-01	2.000000000000000111e-01	1.199999999999999956e+00	2.287662146666207593e-03
2.590000000000000000e+02	1.889437185552737776e-03	2.155576714609477307e-01	1.210828802701504336e-01	2.000000000000000111e-01	1.199999999999999956e+00	6.456411480769382212e-03
2.600000000000000000e+02	2.136929844636472828e-03	1.577013885889160805e-01	2.051929912354702179e-01	2.000000000000000111e-01	1.199999999999999956e+00	5.426841587010992722e-03
2.610000000000000000e+02	1.963222197332793045e-03	2.205959390503945405e-01	-6.880067443232616708e-02	2.000000000000000111e-01	1.199999999999999956e+00	2.452856813518322372e-03
2.620000000000000000e+02	5.030638067187312608e-03	1.337350675507179565e-01	2.780618318898548935e-01	2.000000000000000111e-01	1.199999999999999956e+00	4.881069782289705269e-03
2.630000000000000000e+02	3.952803436669633137e-03	1.341195361632075700e-01	2.818020598247457098e-01	2.000000000000000111e-01	1.199999999999999956e+00	3.700806244490219797e-03
2.640000000000000000e+02	4.316530838898140362e-04	2.225873653539087449e-01	-1.173267043433812024e-01	2.000000000000000111e-01	1.199999999999999956e+00	3.244038717352105538e-03
2.650000000000000000e+02	-6.056286040925387346e-03	4.225872954675869431e-01	-4.597777659645045367e-01	2.000000000000000111e-01	1.199999999999999956e+00	9.886588144684630569e-03
2.660000000000000000e+02	1.320238101964443236e-03	8.911058832743896929e-02	4.967651885856149696e-01	2.000000000000000111e-01	1.199999999999999956e+00	7.785147516595318680e-03
2.670000000000000000e+02	4.525055731745945570e-04	1.682647375955864666e-01	2.975190364752587358e-01	2.000000000000000111e-01	1.199999999999999956e+00	6.445303249324235186e-03
2.680000000000000000e+02	7.324361260323930100e-04	1.362270945176534409e-01	-4.293225073306748685e-02	2.000000000000000111e-01	1.199999999999999956e+00	2.840478605922782535e-02
2.690000000000000000e+02	7.324395789349737304e-04	1.039322501786971997e-01	5.067280281080945858e-01	2.000000000000000111e-01	1.199999999999999956e+00	7.629002857482226028e-03
2.700000000000000000e+02	1.928861870029386022e-03	1.049365772913284783e-01	4.056976366504531639e-01	2.000000000000000111e-01	1.199999999999999956e+00	4.559525048260848479e-03
2.710000000000000000e+02	3.193464840987870947e-03	1.522981084751454106e-01	3.371767528789729185e-01	2.000000000000000111e-01	1.199999999999999956e+00	3.861049665387027239e-03
2.720000000000000000e+02	2.166060615867101274e-03	1.701296612715028911e-01	-4.980051190929437460e-02	2.000000000000000111e-01	1.199999999999999956e+00	2.560839175164822401e-03
2.730000000000000000e+02	8.382282008158120027e-04	7.499063777618604487e-02	5.369075332298443026e-01	2.000000000000000111e-01	1.199999999999999956e+00	6.314726925408344245e-03
2.740000000000000000e+02	8.898889962780849074e-04	1.440527787736400611e-01	4.381573521205715527e-01	2.000000000000000111e-01	1.199999999999999956e+00	8.725075796314919058e-03
2.750000000000000000e+02	7.616020940852701558e-03	-6.217533927943922484e-02	1.077361083106749495e+00	2.000000000000000111e-01	1.199999999999999956e+00	4.968370222220645088e-02
2.760000000000000000e+02	6.350526970261695207e-04	5.800045953515549357e-02	6.645129752763024866e-01	2.000000000000000111e-01	1.199999999999999956e+00	8.786253171235238607e-03
2.770000000000000000e+02	-7.676620368209060620e-05	2.185428274347102906e-01	2.306340444501853992e-01	2.000000000000000111e-01	1.199999999999999956e+00	7.427535488185675779e-03
2.780000000000000000e+02	1.405297990273317137e-03	1.212118177789118928e-01	4.234475205419505062e-01	2.000000000000000111e-01	1.199999999999999956e+00	5.276163170245450930e-03
2.790000000000000000e+02	-7.333077666780302324e-03	5.329403832390701146e-01	-6.925052459079978906e-01	2.000000000000000111e-01	1.199999999999999956e+00	4.335527977695104174e-03
2.800000000000000000e+02	1.613436414178391880e-04	1.246394785687936074e-01	4.668339088075032506e-01	2.000000000000000111e-01	1.199999999999999956e+00	6.055523405637857660e-03
2.810000000000000000e+02	3.320402915226339669e-03	1.047968384334887482e-01	4.844155472360792691e-01	2.000000000000000111e-01	1.199999999999999956e+00	5.932042547029291006e-03
2.820000000000000000e+02	1.697792608960213686e-04	2.802050794661125610e-01	5.290273521883399194e-02	2.000000000000000111e-01	1.199999999999999956e+00	5.535183876326607577e-03
2.830000000000000000e+02	1.663743046175215424e-03	2.823347214196056942e-01	-2.009968714228395070e-01	2.000000000000000111e-01	1.199999999999999956e+00	4.689481811557956806e-03
2.840000000000000000e+02	-8.822770701405497230e-04	2.846336967544260688e-01	-1.026791140998618707e-01	2.000000000000000111e-01	1.199999999999999956e+00	4.977706061611048005e-03
2.850000000000000000e+02	-8.496482687147215510e-03	6.877925840269680791e-01	-1.344766417170229156e+00	2.000000000000000111e-01	1.199999999999999956e+00	8.345953839345981312e-03
2.860000000000000000e+02	4.010725589722869203e-03	1.509971935307730107e-01	2.692055667742867531e-01	2.000000000000000111e-01	1.199999999999999956e+00	5.323623609597582032e-03
2.870000000000000000e+02	5.043734607794665746e-04	1.680555619844288084e-01	4.018450261914057742e-01	2.000000000000000111e-01	1.199999999999999956e+00	1.097845748319902989e-02
2.880000000000000000e+02	1.125905052022647089e-02	2.526674786419000340e-01	-1.399441962190076660e-01	2.000000000000000111e-01	1.199999999999999956e+00	5.674318291847189021e-03
2.890000000000000000e+02	3.456733707025115565e-03	2.201142873703997305e-01	9.273422218740096697e-04	2.000000000000000111e-01	1.199999999999999956e+00	4.552459287697599270e-03
2.900000000000000000e+02	1.670787898322206085e-03	9.995700741496259256e-02	4.467259454764239690e-01	2.000000000000000111e-01	1.199999999999999956e+00	2.346225410850349361e-03
2.910000000000000000e+02	-1.027209790070649702e-04	2.952218100258411915e-01	6.549348962519589701e-02	2.000000000000000111e-01	1.199999999999999956e+00	8.050617200040717861e-03
2.920000000000000000e+02	2.503899240521180632e-03	2.953350343929284777e-02	7.102677196789962677e-01	2.000000000000000111e-01	1.199999999999999956e+00	6.996727761138701873e-03
2.930000000000000000e+02	-1.104779054516804009e-03	2.181512456949160350e-01	3.188324536843004653e-01	2.000000000000000111e-01	1.199999999999999956e+00	9.679752796264718892e-03
2.940000000000000000e+02	4.204970227887500252e-03	9.857992079255911699e-02	3.869207521345423562e-01	2.000000000000000111e-01	1.199999999999999956e+00	5.801733620899537404e-03
2.950000000000000000e+02	1.873767146811012056e-03	1.916269895761830711e-01	3.419463976728578936e-02	2.000000000000000111e-01	1.199999999999999956e+00	2.272306312290867623e-03
2.960000000000000000e+02	-1.476054135844621657e-03	2.437321218420454294e-01	1.591857885575389056e-02	2.000000000000000111e-01	1.199999999999999956e+00	5.534787290486091992e-03
2.970000000000000000e+02	2.245205928673103812e-03	1.948508964222532280e-01	-1.086545902956341791e-01	2.000000000000000111e-01	1.199999999999999956e+00	1.022503564706147422e-03
2.980000000000000000e+02	-1.588871271324320596e-03	1.877949279768704738e-01	-3.597512573828927085e-01	2.000000000000000111e-01	1.199999999999999956e+00	3.696933642228487221e-02
2.990000000000000000e+02	8.490966692112262432e-03	1.689701364146613607e-02	6.950846088002191614e-01	2.000000000000000111e-01	1.199999999999999956e+00	1.368729872188019676e-02
3.000000000000000000e+02	2.509010795937835058e-03	2.227024536795257914e-01	3.086576630762449466e-02	2.000000000000000111e-01	1.199999999999999956e+00	4.036499932302141554e-03
3.010000000000000000e+02	6.500247075052543837e-04	1.686511074506748531e-01	2.852640069283620683e-01	2.000000000000000111e-01	1.199999999999999956e+00	4.096229997384455250e-03
3.020000000000000000e+02	5.817136256444824889e-04	1.785253172127761467e-01	2.868242856591579626e-01	2.000000000000000111e-01	1.199999999999999956e+00	5.825912198997454730e-03
3.030000000000000000e+02	2.259523848506360486e-03	1.008812582372959066e-01	4.736242855331348478e-01	2.000000000000000111e-01	1.199999999999999956e+00	1.188819384791691726e-02
3.040000000000000000e+02	6.641354252199329917e-04	1.289800212198012330e-01	3.679082555134344235e-01	2.000000000000000111e-01	1.199999999999999956e+00	3.614515274788978900e-03
3.050000000000000000e+02	2.017653761185375910e-03	1.855935144103204315e-01	2.218868196569825924e-01	2.000000000000000111e-01	1.199999999999999956e+00	6.872799386379797697e-03
3.060000000000000000e+02	-1.559592132490389806e-03	3.012113846302296172e-01	7.438060361464289560e-02	2.000000000000000111e-01	1.199999999999999956e+00	1.037012967622838802e-02
3.070000000000000000e+02	-1.086615020603190138e-04	7.123150974626048237e-02	7.676094302924304502e-01	2.000000000000000111e-01	1.199999999999999956e+00	4.482979551867110474e-02
3.080000000000000000e+02	1.390755822238035283e-03	1.961494430708734249e-01	2.924433494643134956e-01	2.000000000000000111e-01	1.199999999999999956e+00	5.057800543522896278e-03
3.090000000000000000e+02	3.421323432077816654e-03	1.340513503513884874e-01	2.654960384386807482e-01	2.000000000000000111e-01	1.199999999999999956e+00	3.824174902314248121e-03
3.100000000000000000e+02	1.108811650735044537e-03	8.396863820950360713e-02	3.853905162592432543e-01	2.000000000000000111e-01	1.199999999999999956e+00	1.104288030205003920e-02
3.110000000000000000e+02	2.534605037401018151e-03	1.179954271177058728e-01	5.041945314814765267e-01	2.000000000000000111e-01	1.199999999999999956e+00	9.007442140316528414e-03
3.120000000000000000e+02	-5.521387463980321174e-03	4.690816806451323928e-01	-6.221552468019910798e-01	2.000000000000000111e-01	1.199999999999999956e+00	4.053658032794030426e-03
3.130000000000000000e+02	2.202268997186865914e-03	3.759275736980204063e-02	6.007784739640784633e-01	2.000000000000000111e-01	1.199999999999999956e+00	7.618270878873978705e-03
3.140000000000000000e+02	4.060019191118084355e-04	2.233898776621983662e-01	9.905976008690121903e-02	2.000000000000000111e-01	1.199999999999999956e+00	3.840536914034949154e-03
3.150000000000000000e+02	2.946119367169886157e-03	9.889965424912669500e-02	4.373691696355522796e-01	2.000000000000000111e-01	1.199999999999999956e+00	4.609566250559823594e-03
3.160000000000000000e+02	1.432512830401376936e-03	1.594101215977655472e-01	3.684715695711514027e-01	2.000000000000000111e-01	1.199999999999999956e+00	7.651699363352836188e-03
3.170000000000000000e+02	-1.124133420655280824e-03	2.851825124562175073e-01	-1.107077883891705167e-01	2.000000000000000111e-01	1.199999999999999956e+00	4.697549686181691844e-03
3.180000000000000000e+02	-2.368931570522933485e-03	3.638326589393978128e-01	-4.680921949839437768e-01	2.000000000000000111e-01	1.199999999999999956e+00	4.260775973409436888e-03
3.190000000000000000e+02	-1.153908583619733417e-05	2.930721088123499074e-01	-7.926269173351892239e-02	2.000000000000000111e-01	1.199999999999999956e+00	9.667510266852667386e-03
3.200000000000000000e+02	1.295071400528775580e-03	9.078310427022433238e-02	4.919278226485222505e-01	2.000000000000000111e-01	1.199999999999999956e+00	5.184815907348101771e-03
3.210000000000000000e+02	4.942055910099205952e-03	1.372369857188150410e-01	4.450114232479446819e-01	2.000000000000000111e-01	1.199999999999999956e+00	1.583668210385034275e-02
3.220000000000000000e+02	1.576266850165479677e-03	3.511692399247801633e-01	-2.881471816941021946e-01	2.000000000000000111e-01	1.199999999999999956e+00	9.718892638510636534e-03
3.230000000000000000e+02	-4.129046542032869908e-03	3.652226022353187163e-01	-1.072345137408675514e-01	2.000000000000000111e-01	1.199999999999999956e+00	8.866126723740335239e-03
3.240000000000000000e+02	1.044618684975005081e-03	1.235951445387984127e-01	2.870982330982254638e-01	2.000000000000000111e-01	1.199999999999999956e+00	3.576509107186141324e-03
3.250000000000000000e+02	1.340808419460173817e-03	1.429337829757878486e-01	2.927191205384838124e-01	2.000000000000000111e-01	1.199999999999999956e+00	4.009052016224520787e-03
3.260000000000000000e+02	1.832547794676361733e-03	8.435849620043446573e-02	2.936944863780984738e-01	2.000000000000000111e-01	1.199999999999999956e+00	3.472494433015953837e-03
3.270000000000000000e+02	6.568642738259747576e-04	2.781066781695002432e-01	-7.247165952151450596e-02	2.000000000000000111e-01	1.199999999999999956e+00	1.946167669606037884e-03
3.280000000000000000e+02	1.545673703719118363e-03	1.392473880623938676e-01	4.911068025600087705e-01	2.000000000000000111e-01	1.199999999999999956e+00	3.558953349743441789e-03
3.290000000000000000e+02	6.466480415700723988e-03	1.481072219300018089e-01	2.748028219617739132e-01	2.000000000000000111e-01	1.199999999999999956e+00	7.487483663754318508e-03
3.300000000000000000e+02	9.290274635050934857e-04	1.076935150172277644e-01	3.782805669372709678e-01	2.000000000000000111e-01	1.199999999999999956e+00	2.351419226446886408e-03
3.310000000000000000e+02	-5.706015357187009182e-03	1.021786359877849604e+00	-1.623544451359588470e+00	2.000000000000000111e-01	1.199999999999999956e+00	4.045843701421610386e-03
3.320000000000000000e+02	-1.843957796645354194e-04	1.726112968322975338e-01	1.777606542415068602e-01	2.000000000000000111e-01	1.199999999999999956e+00	5.439483664321244881e-03
3.330000000000000000e+02	-3.536570361124936977e-03	3.723239731242404260e-01	-2.665767134529818394e-01	2.000000000000000111e-01	1.199999999999999956e+00	9.457434397478384214e-03
3.340000000000000000e+02	4.787402117609461404e-04	1.402633634725543310e-01	3.744201800687155801e-01	2.000000000000000111e-01	1.199999999999999956e+00	6.611188445969029548e-03
3.350000000000000000e+02	2.043831917510404751e-03	2.328808841921443107e-01	-9.039706147919326917e-02	2.000000000000000111e-01	1.199999999999999956e+00	6.852890823366339021e-03
3.360000000000000000e+02	4.725714896455546730e-03	2.343235558280153952e-01	-1.731628793880473083e-01	2.000000000000000111e-01	1.199999999999999956e+00	4.434249007428579803e-03
3.370000000000000000e+02	2.854456507708945639e-03	2.803706082168646585e-01	-4.464694400363048432e-01	2.000000000000000111e-01	1.199999999999999956e+00	1.903420913593120711e-03
3.380000000000000000e+02	-1.698706277573232542e-03	1.933057608405537309e-01	1.898036411207177920e-01	2.000000000000000111e-01	1.199999999999999956e+00	2.337894144906669039e-02
3.390000000000000000e+02	1.057798919945475251e-03	7.048969577407968035e-02	5.816964922602200216e-01	2.000000000000000111e-01	1.199999999999999956e+00	9.671376034277963038e-03
3.400000000000000000e+02	6.046565986911678955e-04	1.571531062517719790e-01	3.337562143811321769e-01	2.000000000000000111e-01	1.199999999999999956e+00	6.858626486275861203e-03
3.410000000000000000e+02	9.108908782076543045e-04	1.275063011538770386e-01	3.923432827614096730e-01	2.000000000000000111e-01	1.199999999999999956e+00	6.652389152433461558e-03
3.420000000000000000e+02	9.161185007827527763e-04	1.553260586070357441e-01	2.680994679750535181e-01	2.000000000000000111e-01	1.199999999999999956e+00	5.597053369979502167e-03
3.430000000000000000e+02	5.558678305146178347e-03	1.319375737623805500e-01	2.660745639414851538e-01	2.000000000000000111e-01	1.199999999999999956e+00	8.951334004880632383e-03
3.440000000000000000e+02	-2.820724890563373844e-04	1.723448403440141496e-01	2.646381825253839581e-01	2.000000000000000111e-01	1.199999999999999956e+00	3.980331851190566962e-03
3.450000000000000000e+02	1.094888722098987942e-04	1.330931792375822098e-01	5.547675675960839214e-01	2.000000000000000111e-01	1.199999999999999956e+00	1.139905441736671285e-02
3.460000000000000000e+02	2.027859981835468308e-03	8.122417379149565742e-02	5.490647707661504562e-01	2.000000000000000111e-01	1.199999999999999956e+00	6.685467263794762569e-03
3.470000000000000000e+02	1.953373237699700636e-03	2.072863528222624041e-01	2.582661049455340363e-01	2.000000000000000111e-01	1.199999999999999956e+00	4.349815368896834018e-03
3.480000000000000000e+02	8.927972631817514271e-04	2.842145478792962865e-01	-5.267736152040579378e-02	2.000000000000000111e-01	1.199999999999999956e+00	6.356564490787073619e-03
3.490000000000000000e+02	8.017850553312596022e-04	1.838856860063732279e-01	1.615322837309166870e-01	2.000000000000000111e-01	1.199999999999999956e+00	3.912019272976429742e-03
3.500000000000000000e+02	6.028012098365213671e-03	1.435839583713017786e-01	2.190623505197901444e-01	2.000000000000000111e-01	1.199999999999999956e+00	6.182838007054205706e-03
3.510000000000000000e+02	4.602698803651627570e-03	1.618826329874100689e-01	2.371370577894662268e-01	2.000000000000000111e-01	1.199999999999999956e+00	5.526888810741469385e-03
3.520000000000000000e+02	4.220101895811075032e-03	1.032642737027738566e-01	3.886641764548742772e-01	2.000000000000000111e-01	1.199999999999999956e+00	2.551606757311872167e-03
3.530000000000000000e+02	2.041656386676999214e-03	1.156681880232372645e-01	4.409507288329921892e-01	2.000000000000000111e-01	1.199999999999999956e+00	8.269699354455980339e-03
3.540000000000000000e+02	5.791900984180972829e-03	1.621987096183926946e-01	2.578416962175595351e-01	2.000000000000000111e-01	1.199999999999999956e+00	4.035265985099844264e-03
3.550000000000000000e+02	9.881904445830486626e-04	1.013454895557908408e-01	4.768759667726764628e-01	2.000000000000000111e-01	1.199999999999999956e+00	5.365351947545396287e-03
3.560000000000000000e+02	9.940559411086126798e-04	4.031295229479935072e-02	6.893943648973956950e-01	2.000000000000000111e-01	1.199999999999999956e+00	1.061920435803070766e-02
3.570000000000000000e+02	9.496192875297783777e-04	1.309721264504193350e-01	2.609457254008780702e-01	2.000000000000000111e-01	1.199999999999999956e+00	1.087206065062817743e-02
3.580000000000000000e+02	2.397808147226819899e-04	8.149458445051023514e-02	5.097557400024169683e-01	2.000000000000000111e-01	1.199999999999999956e+00	4.106511554188998700e-03
3.590000000000000000e+02	-5.613497409404068434e-04	1.917533364056923373e-01	1.481242174097361086e-01	2.000000000000000111e-01	1.199999999999999956e+00	5.054472559040346091e-03
3.600000000000000000e+02	1.345343288698306727e-03	1.451577523823935345e-01	4.238994428727649311e-01	2.000000000000000111e-01	1.199999999999999956e+00	1.198001138856243618e-02
3.610000000000000000e+02	5.676870175972443958e-04	4.647110257020433538e-02	6.082590366694367034e-01	2.000000000000000111e-01	1.199999999999999956e+00	4.375584555131375834e-03
3.620000000000000000e+02	2.831985905572490230e-03	8.713487847156689559e-02	5.439302551604325853e-01	2.000000000000000111e-01	1.199999999999999956e+00	1.429917545628529504e-02
3.630000000000000000e+02	1.402015083077112246e-04	3.356093492376425735e-01	-1.852247536871106937e-01	2.000000000000000111e-01	1.199999999999999956e+00	6.401640222182361159e-03
3.640000000000000000e+02	1.241730323942217759e-02	1.986396489378090824e-01	8.030735813409138613e-02	2.000000000000000111e-01	1.199999999999999956e+00	1.021713819922597487e-02
3.650000000000000000e+02	5.270994246238944121e-05	1.564263175806247241e-01	4.012245450695871019e-01	2.000000000000000111e-01	1.199999999999999956e+00	1.958877978578133991e-02
3.660000000000000000e+02	-8.857235430101798610e-05	3.204082704693481665e-01	-1.623553156912050099e-01	2.000000000000000111e-01	1.199999999999999956e+00	9.168521812023766593e-03
3.670000000000000000e+02	2.440845530646831504e-02	6.080522507686833208e-03	3.395996875255703484e-01	2.000000000000000111e-01	1.199999999999999956e+00	9.374618110789505535e-03
3.680000000000000000e+02	-5.280110222890771129e-03	5.015511097169280674e-01	-5.419916045383066372e-01	2.000000000000000111e-01	1.199999999999999956e+00	9.990857214442148623e-03
3.690000000000000000e+02	8.761981693377191016e-03	1.837190733908674045e-01	5.282092169079162514e-02	2.000000000000000111e-01	1.199999999999999956e+00	4.041555311078070915e-03
3.700000000000000000e+02	4.271556702744804218e-04	1.111235337773784360e-01	4.662087170644786394e-01	2.000000000000000111e-01	1.199999999999999956e+00	7.119012983034092579e-03
3.710000000000000000e+02	8.565457243355111732e-04	2.010967660243095922e-01	7.093413546644088130e-02	2.000000000000000111e-01	1.199999999999999956e+00	8.086091266807487674e-03
3.720000000000000000e+02	-1.639051937455207088e-04	1.520191482368186131e-01	2.572400361460909224e-01	2.000000000000000111e-01	1.199999999999999956e+00	4.767178517758332255e-03
3.730000000000000000e+02	-9.989083432658069040e-06	1.390974880389171109e-01	3.789345040655786589e-01	2.000000000000000111e-01	1.199999999999999956e+00	6.284938342024836734e-03
3.740000000000000000e+02	-2.280741823302878755e-03	3.403876024688405888e-01	-3.872694072423061851e-01	2.000000000000000111e-01	1.199999999999999956e+00	4.881888862608356298e-03
3.750000000000000000e+02	1.137334336145802942e-04	1.397497774493955680e-01	3.765804961604507506e-01	2.000000000000000111e-01	1.199999999999999956e+00	7.957626029581643320e-03
3.760000000000000000e+02	-5.922906855538302663e-04	4.347143664656725748e-01	-5.704944162998560886e-01	2.000000000000000111e-01	1.199999999999999956e+00	4.916771181274180898e-03
3.770000000000000000e+02	-4.763902631317666961e-03	3.290981279611616683e-01	-6.453939312219790780e-01	2.000000000000000111e-01	1.199999999999999956e+00	6.487145412568937064e-02
3.780000000000000000e+02	-1.934987018841605568e-03	3.138499667343907507e-01	-8.241773386206030505e-02	2.000000000000000111e-01	1.199999999999999956e+00	1.059813678709979438e-02
3.790000000000000000e+02	-1.482351491400973973e-03	1.998477736753276057e-01	2.621857493155894669e-01	2.000000000000000111e-01	1.199999999999999956e+00	4.358601609522187031e-02
3.800000000000000000e+02	1.256867301238244038e-03	1.497031413802770161e-01	2.606327757368596676e-01	2.000000000000000111e-01	1.199999999999999956e+00	2.493467395711396889e-03
3.810000000000000000e+02	7.975403521513753455e-04	7.748093803119665557e-02	5.578224840164766052e-01	2.000000000000000111e-01	1.199999999999999956e+00	5.697147559363437141e-03
3.820000000000000000e+02	4.091203149147122132e-04	7.294713679436856668e-02	5.169146134281000782e-01	2.000000000000000111e-01	1.199999999999999956e+00	3.726867706580174171e-03
3.830000000000000000e+02	2.904917179565927147e-03	2.137045295617015159e-02	7.745533379953029041e-01	2.000000000000000111e-01	1.199999999999999956e+00	2.168664285169034575e-02
