# lsbPerExcitatoryMicroSiemens:
1000.0
# lsbPerInhibitoryMicroSiemens:
250.0
# drviout_base:
1.5
# drvifall_base:
1.0
# calibration factors:
1.660208333333333286e+00
1.556874999999999787e+00
1.182291666666666741e+00
9.885416666666667629e-01
1.040208333333333179e+00
1.337291666666666545e+00
1.014375000000000027e+00
1.066041666666666776e+00
1.182291666666666741e+00
9.756249999999999645e-01
1.001458333333333117e+00
9.885416666666667629e-01
1.388958333333333073e+00
1.001458333333333117e+00
1.001458333333333117e+00
1.001458333333333117e+00
1.660208333333333286e+00
9.497916666666667007e-01
1.040208333333333179e+00
1.014375000000000027e+00
1.233958333333333046e+00
1.053124999999999867e+00
9.756249999999999645e-01
9.756249999999999645e-01
9.368750000000000133e-01
1.001458333333333117e+00
9.885416666666667629e-01
1.027291666666666714e+00
9.885416666666667629e-01
1.259791666666666643e+00
1.014375000000000027e+00
9.756249999999999645e-01
1.014375000000000027e+00
1.027291666666666714e+00
9.885416666666667629e-01
1.156458333333333144e+00
1.001458333333333117e+00
1.660208333333333286e+00
1.117708333333333082e+00
1.285624999999999796e+00
1.014375000000000027e+00
1.001458333333333117e+00
1.350208333333333455e+00
9.885416666666667629e-01
1.014375000000000027e+00
1.660208333333333286e+00
9.885416666666667629e-01
1.040208333333333179e+00
1.660208333333333286e+00
1.001458333333333117e+00
1.001458333333333117e+00
9.756249999999999645e-01
1.001458333333333117e+00
1.001458333333333117e+00
1.014375000000000027e+00
1.001458333333333117e+00
9.885416666666667629e-01
1.014375000000000027e+00
1.001458333333333117e+00
1.027291666666666714e+00
1.117708333333333082e+00
1.040208333333333179e+00
9.756249999999999645e-01
9.756249999999999645e-01
9.885416666666667629e-01
1.040208333333333179e+00
1.556874999999999787e+00
1.040208333333333179e+00
1.414791666666666670e+00
1.221041666666666581e+00
9.885416666666667629e-01
1.001458333333333117e+00
1.040208333333333179e+00
1.014375000000000027e+00
9.627083333333331661e-01
1.001458333333333117e+00
1.066041666666666776e+00
1.040208333333333179e+00
1.660208333333333286e+00
9.885416666666667629e-01
1.014375000000000027e+00
9.885416666666667629e-01
9.885416666666667629e-01
9.885416666666667629e-01
9.885416666666667629e-01
1.660208333333333286e+00
1.040208333333333179e+00
1.014375000000000027e+00
1.117708333333333082e+00
1.014375000000000027e+00
9.885416666666667629e-01
1.660208333333333286e+00
1.040208333333333179e+00
1.040208333333333179e+00
1.040208333333333179e+00
1.040208333333333179e+00
1.014375000000000027e+00
9.885416666666667629e-01
1.091874999999999929e+00
1.569791666666666474e+00
9.497916666666667007e-01
9.627083333333331661e-01
9.497916666666667007e-01
9.885416666666667629e-01
9.885416666666667629e-01
1.014375000000000027e+00
9.885416666666667629e-01
1.647291666666666599e+00
9.756249999999999645e-01
1.169374999999999831e+00
1.001458333333333117e+00
1.014375000000000027e+00
1.001458333333333117e+00
9.885416666666667629e-01
1.053124999999999867e+00
1.040208333333333179e+00
9.885416666666667629e-01
1.595625000000000071e+00
1.660208333333333286e+00
9.885416666666667629e-01
1.001458333333333117e+00
1.014375000000000027e+00
9.885416666666667629e-01
9.756249999999999645e-01
1.040208333333333179e+00
9.756249999999999645e-01
1.014375000000000027e+00
1.621458333333333002e+00
9.885416666666667629e-01
1.634374999999999689e+00
9.627083333333331661e-01
1.427708333333333357e+00
9.756249999999999645e-01
1.001458333333333117e+00
1.660208333333333286e+00
1.660208333333333286e+00
9.885416666666667629e-01
1.001458333333333117e+00
9.885416666666667629e-01
1.014375000000000027e+00
9.756249999999999645e-01
1.014375000000000027e+00
1.078958333333333242e+00
1.440625000000000044e+00
9.756249999999999645e-01
1.040208333333333179e+00
9.885416666666667629e-01
9.885416666666667629e-01
1.040208333333333179e+00
1.001458333333333117e+00
1.040208333333333179e+00
1.091874999999999929e+00
1.117708333333333082e+00
1.040208333333333179e+00
1.014375000000000027e+00
9.885416666666667629e-01
9.885416666666667629e-01
9.627083333333331661e-01
9.885416666666667629e-01
1.014375000000000027e+00
8.852083333333332638e-01
1.001458333333333117e+00
1.660208333333333286e+00
1.014375000000000027e+00
1.531041666666666856e+00
9.627083333333331661e-01
9.885416666666667629e-01
1.001458333333333117e+00
1.001458333333333117e+00
9.885416666666667629e-01
1.040208333333333179e+00
1.027291666666666714e+00
1.660208333333333286e+00
9.885416666666667629e-01
9.627083333333331661e-01
1.350208333333333455e+00
1.208124999999999893e+00
1.660208333333333286e+00
1.660208333333333286e+00
1.001458333333333117e+00
9.885416666666667629e-01
1.660208333333333286e+00
1.014375000000000027e+00
9.756249999999999645e-01
9.885416666666667629e-01
1.660208333333333286e+00
9.627083333333331661e-01
1.040208333333333179e+00
9.627083333333331661e-01
1.660208333333333286e+00
1.027291666666666714e+00
1.660208333333333286e+00
1.660208333333333286e+00
9.756249999999999645e-01
1.091874999999999929e+00
1.634374999999999689e+00
9.885416666666667629e-01
1.001458333333333117e+00
1.040208333333333179e+00
1.014375000000000027e+00
1.014375000000000027e+00
9.756249999999999645e-01
1.156458333333333144e+00
1.427708333333333357e+00
1.014375000000000027e+00
1.660208333333333286e+00
1.040208333333333179e+00
9.627083333333331661e-01
9.756249999999999645e-01
1.066041666666666776e+00
9.756249999999999645e-01
1.040208333333333179e+00
1.001458333333333117e+00
1.660208333333333286e+00
1.660208333333333286e+00
1.014375000000000027e+00
9.885416666666667629e-01
1.053124999999999867e+00
1.298541666666666705e+00
1.014375000000000027e+00
1.001458333333333117e+00
1.195208333333333206e+00
9.885416666666667629e-01
1.066041666666666776e+00
1.660208333333333286e+00
1.027291666666666714e+00
1.453541666666666954e+00
1.001458333333333117e+00
1.634374999999999689e+00
1.001458333333333117e+00
1.027291666666666714e+00
9.885416666666667629e-01
1.001458333333333117e+00
1.014375000000000027e+00
1.040208333333333179e+00
9.885416666666667629e-01
9.756249999999999645e-01
1.014375000000000027e+00
1.414791666666666670e+00
1.040208333333333179e+00
1.660208333333333286e+00
1.014375000000000027e+00
1.660208333333333286e+00
1.401874999999999760e+00
9.885416666666667629e-01
1.001458333333333117e+00
9.756249999999999645e-01
1.014375000000000027e+00
1.660208333333333286e+00
9.885416666666667629e-01
9.885416666666667629e-01
1.001458333333333117e+00
9.885416666666667629e-01
1.001458333333333117e+00
1.014375000000000027e+00
1.001458333333333117e+00
9.885416666666667629e-01
1.001458333333333117e+00
1.285624999999999796e+00
1.001458333333333117e+00
9.885416666666667629e-01
1.660208333333333286e+00
1.660208333333333286e+00
1.195208333333333206e+00
9.497916666666667007e-01
1.014375000000000027e+00
1.001458333333333117e+00
9.885416666666667629e-01
1.195208333333333206e+00
1.078958333333333242e+00
1.285624999999999796e+00
1.660208333333333286e+00
9.885416666666667629e-01
1.001458333333333117e+00
1.001458333333333117e+00
1.453541666666666954e+00
1.001458333333333117e+00
1.660208333333333286e+00
9.885416666666667629e-01
1.660208333333333286e+00
1.660208333333333286e+00
1.014375000000000027e+00
1.001458333333333117e+00
1.014375000000000027e+00
1.078958333333333242e+00
1.543958333333333099e+00
1.001458333333333117e+00
5.881249999999998979e-01
1.001458333333333117e+00
9.756249999999999645e-01
1.001458333333333117e+00
9.885416666666667629e-01
1.014375000000000027e+00
1.014375000000000027e+00
1.027291666666666714e+00
1.027291666666666714e+00
1.001458333333333117e+00
9.756249999999999645e-01
1.001458333333333117e+00
1.298541666666666705e+00
1.001458333333333117e+00
1.001458333333333117e+00
1.001458333333333117e+00
1.027291666666666714e+00
1.556874999999999787e+00
9.885416666666667629e-01
1.401874999999999760e+00
1.040208333333333179e+00
1.569791666666666474e+00
1.027291666666666714e+00
1.001458333333333117e+00
1.660208333333333286e+00
1.001458333333333117e+00
1.027291666666666714e+00
1.001458333333333117e+00
1.660208333333333286e+00
9.497916666666667007e-01
9.756249999999999645e-01
1.014375000000000027e+00
1.001458333333333117e+00
1.169374999999999831e+00
1.001458333333333117e+00
1.027291666666666714e+00
1.143541666666666679e+00
9.368750000000000133e-01
9.885416666666667629e-01
1.040208333333333179e+00
1.208124999999999893e+00
9.885416666666667629e-01
1.001458333333333117e+00
1.001458333333333117e+00
1.001458333333333117e+00
1.001458333333333117e+00
1.027291666666666714e+00
1.014375000000000027e+00
1.182291666666666741e+00
1.169374999999999831e+00
1.001458333333333117e+00
9.885416666666667629e-01
9.885416666666667629e-01
1.001458333333333117e+00
1.143541666666666679e+00
1.647291666666666599e+00
1.001458333333333117e+00
9.885416666666667629e-01
1.001458333333333117e+00
9.627083333333331661e-01
1.001458333333333117e+00
1.246874999999999956e+00
1.014375000000000027e+00
1.363125000000000142e+00
1.027291666666666714e+00
1.001458333333333117e+00
1.027291666666666714e+00
1.001458333333333117e+00
1.259791666666666643e+00
1.001458333333333117e+00
1.117708333333333082e+00
1.001458333333333117e+00
1.014375000000000027e+00
1.001458333333333117e+00
9.627083333333331661e-01
1.027291666666666714e+00
1.543958333333333099e+00
1.001458333333333117e+00
1.014375000000000027e+00
1.001458333333333117e+00
1.053124999999999867e+00
1.660208333333333286e+00
1.027291666666666714e+00
1.001458333333333117e+00
1.001458333333333117e+00
1.246874999999999956e+00
1.427708333333333357e+00
1.014375000000000027e+00
1.001458333333333117e+00
1.014375000000000027e+00
1.027291666666666714e+00
9.885416666666667629e-01
1.027291666666666714e+00
1.053124999999999867e+00
9.885416666666667629e-01
9.756249999999999645e-01
1.556874999999999787e+00
9.885416666666667629e-01
9.756249999999999645e-01
1.001458333333333117e+00
1.027291666666666714e+00
1.001458333333333117e+00
1.001458333333333117e+00
1.027291666666666714e+00
1.001458333333333117e+00
1.001458333333333117e+00
1.001458333333333117e+00
1.014375000000000027e+00
1.001458333333333117e+00
1.337291666666666545e+00
1.169374999999999831e+00
1.543958333333333099e+00
9.885416666666667629e-01
1.233958333333333046e+00
1.014375000000000027e+00
1.660208333333333286e+00
1.001458333333333117e+00
9.885416666666667629e-01
1.014375000000000027e+00
1.040208333333333179e+00
1.027291666666666714e+00
1.660208333333333286e+00
1.040208333333333179e+00
1.660208333333333286e+00
1.182291666666666741e+00
9.885416666666667629e-01
1.660208333333333286e+00
1.272708333333333330e+00
1.001458333333333117e+00
1.401874999999999760e+00
1.001458333333333117e+00
1.660208333333333286e+00
1.660208333333333286e+00
1.001458333333333117e+00
1.130624999999999991e+00
1.324375000000000080e+00
9.756249999999999645e-01
1.027291666666666714e+00
1.040208333333333179e+00
9.885416666666667629e-01
1.027291666666666714e+00
1.014375000000000027e+00
1.066041666666666776e+00
1.001458333333333117e+00
1.014375000000000027e+00
1.001458333333333117e+00
9.756249999999999645e-01
1.001458333333333117e+00
1.001458333333333117e+00
1.001458333333333117e+00
1.014375000000000027e+00
1.014375000000000027e+00
1.027291666666666714e+00
9.885416666666667629e-01
1.195208333333333206e+00
1.014375000000000027e+00
9.885416666666667629e-01
1.130624999999999991e+00
1.221041666666666581e+00
1.014375000000000027e+00
1.014375000000000027e+00
1.014375000000000027e+00
1.660208333333333286e+00
1.660208333333333286e+00
1.660208333333333286e+00
1.078958333333333242e+00
1.014375000000000027e+00
1.001458333333333117e+00
1.066041666666666776e+00
1.660208333333333286e+00
1.001458333333333117e+00
1.001458333333333117e+00
1.014375000000000027e+00
1.376041666666666829e+00
1.014375000000000027e+00
1.182291666666666741e+00
1.001458333333333117e+00
1.001458333333333117e+00
1.660208333333333286e+00
1.027291666666666714e+00
1.027291666666666714e+00
1.117708333333333082e+00
9.885416666666667629e-01
9.885416666666667629e-01
1.660208333333333286e+00
1.117708333333333082e+00
1.014375000000000027e+00
1.001458333333333117e+00
9.885416666666667629e-01
1.182291666666666741e+00
1.414791666666666670e+00
1.027291666666666714e+00
1.660208333333333286e+00
1.221041666666666581e+00
1.660208333333333286e+00
1.169374999999999831e+00
1.505208333333333259e+00
9.756249999999999645e-01
1.014375000000000027e+00
1.660208333333333286e+00
1.040208333333333179e+00
1.091874999999999929e+00
1.040208333333333179e+00
9.756249999999999645e-01
1.001458333333333117e+00
1.027291666666666714e+00
1.014375000000000027e+00
1.660208333333333286e+00
1.001458333333333117e+00
1.091874999999999929e+00
6.010416666666665853e-01
1.221041666666666581e+00
1.660208333333333286e+00
1.001458333333333117e+00
1.001458333333333117e+00
1.014375000000000027e+00
1.027291666666666714e+00
1.014375000000000027e+00
1.001458333333333117e+00
1.401874999999999760e+00
1.014375000000000027e+00
1.531041666666666856e+00
1.660208333333333286e+00
1.001458333333333117e+00
1.014375000000000027e+00
2.968749999999999861e-02
2.968749999999999861e-02
2.968749999999999861e-02
1.444062499999999805e+00
2.815624999999999933e-01
2.968749999999999861e-02
3.590625000000000067e-01
2.040624999999999800e-01
2.968749999999999861e-02
2.428124999999999867e-01
4.753124999999999711e-01
1.846875000000000044e-01
2.968749999999999861e-02
2.428124999999999867e-01
2.428124999999999867e-01
2.815624999999999933e-01
2.968749999999999861e-02
8.781250000000000167e-02
1.653124999999999734e-01
3.396875000000000311e-01
2.968749999999999861e-02
9.209374999999999645e-01
2.968749999999999861e-02
2.968749999999999861e-02
8.781250000000000167e-02
4.559374999999999956e-01
1.846875000000000044e-01
3.009375000000000244e-01
3.978125000000000133e-01
2.968749999999999861e-02
3.203125000000000000e-01
6.109375000000000222e-01
6.843749999999999833e-02
3.203125000000000000e-01
1.230937500000000018e+00
2.968749999999999861e-02
2.234375000000000111e-01
2.968749999999999861e-02
2.968749999999999861e-02
2.968749999999999861e-02
1.071874999999999911e-01
3.978125000000000133e-01
2.968749999999999861e-02
1.653124999999999734e-01
3.009375000000000244e-01
2.968749999999999861e-02
5.915624999999999911e-01
1.265624999999999944e-01
2.968749999999999861e-02
1.459374999999999978e-01
2.968749999999999861e-02
4.906249999999999500e-02
2.621875000000000178e-01
3.978125000000000133e-01
1.653124999999999734e-01
3.203125000000000000e-01
4.171874999999999889e-01
1.071874999999999911e-01
6.303125000000000533e-01
4.946875000000000022e-01
2.968749999999999861e-02
3.203125000000000000e-01
4.906249999999999500e-02
3.784374999999999822e-01
4.171874999999999889e-01
9.790624999999999467e-01
2.968749999999999861e-02
1.071874999999999911e-01
2.968749999999999861e-02
2.968749999999999861e-02
1.459374999999999978e-01
5.140624999999999778e-01
2.234375000000000111e-01
1.265624999999999944e-01
3.396875000000000311e-01
1.846875000000000044e-01
3.203125000000000000e-01
3.203125000000000000e-01
2.968749999999999861e-02
5.915624999999999911e-01
3.203125000000000000e-01
3.203125000000000000e-01
6.109375000000000222e-01
2.234375000000000111e-01
9.015624999999999334e-01
2.968749999999999861e-02
2.968749999999999861e-02
4.906249999999999500e-02
2.968749999999999861e-02
1.653124999999999734e-01
6.690625000000000044e-01
2.968749999999999861e-02
1.459374999999999978e-01
1.071874999999999911e-01
8.781250000000000167e-02
4.906249999999999500e-02
2.815624999999999933e-01
2.428124999999999867e-01
2.968749999999999861e-02
2.968749999999999861e-02
2.490312499999999929e+00
4.906249999999999500e-02
2.490312499999999929e+00
4.559374999999999956e-01
6.884375000000000355e-01
2.234375000000000111e-01
1.653124999999999734e-01
2.968749999999999861e-02
8.781250000000000167e-02
2.968749999999999861e-02
2.040624999999999800e-01
4.365624999999999645e-01
3.590625000000000067e-01
1.653124999999999734e-01
1.579687499999999911e+00
2.621875000000000178e-01
5.528124999999999289e-01
2.968749999999999861e-02
2.968749999999999861e-02
3.978125000000000133e-01
2.621875000000000178e-01
2.040624999999999800e-01
5.528124999999999289e-01
7.078124999999999556e-01
1.459374999999999978e-01
4.906249999999999500e-02
8.046875000000000000e-01
2.968749999999999861e-02
4.559374999999999956e-01
2.968749999999999861e-02
2.968749999999999861e-02
2.968749999999999861e-02
8.781250000000000167e-02
2.040624999999999800e-01
2.968749999999999861e-02
2.968749999999999861e-02
1.265624999999999944e-01
3.009375000000000244e-01
1.653124999999999734e-01
4.946875000000000022e-01
4.906249999999999500e-02
4.365624999999999645e-01
6.843749999999999833e-02
2.968749999999999861e-02
9.403124999999998845e-01
1.071874999999999911e-01
2.040624999999999800e-01
6.690625000000000044e-01
4.906249999999999500e-02
2.621875000000000178e-01
6.843749999999999833e-02
2.968749999999999861e-02
2.968749999999999861e-02
2.968749999999999861e-02
5.140624999999999778e-01
3.590625000000000067e-01
3.590625000000000067e-01
2.968749999999999861e-02
1.071874999999999911e-01
6.303125000000000533e-01
2.968749999999999861e-02
6.496874999999999734e-01
2.968749999999999861e-02
2.234375000000000111e-01
2.968749999999999861e-02
1.653124999999999734e-01
3.009375000000000244e-01
1.071874999999999911e-01
5.140624999999999778e-01
1.265624999999999944e-01
4.171874999999999889e-01
3.396875000000000311e-01
2.968749999999999861e-02
1.846875000000000044e-01
1.265624999999999944e-01
2.968749999999999861e-02
2.968749999999999861e-02
2.968749999999999861e-02
2.968749999999999861e-02
6.303125000000000533e-01
5.915624999999999911e-01
2.968749999999999861e-02
5.334375000000000089e-01
2.815624999999999933e-01
4.171874999999999889e-01
2.968749999999999861e-02
3.590625000000000067e-01
3.978125000000000133e-01
2.968749999999999861e-02
2.968749999999999861e-02
4.365624999999999645e-01
2.968749999999999861e-02
2.968749999999999861e-02
6.496874999999999734e-01
2.968749999999999861e-02
2.968749999999999861e-02
7.853124999999999689e-01
4.559374999999999956e-01
1.265624999999999944e-01
2.234375000000000111e-01
1.459374999999999978e-01
2.040624999999999800e-01
2.968749999999999861e-02
2.968749999999999861e-02
2.234375000000000111e-01
2.968749999999999861e-02
2.968749999999999861e-02
1.366562500000000124e+00
2.428124999999999867e-01
2.968749999999999861e-02
1.071874999999999911e-01
4.559374999999999956e-01
2.040624999999999800e-01
2.968749999999999861e-02
2.968749999999999861e-02
3.978125000000000133e-01
6.843749999999999833e-02
4.753124999999999711e-01
2.968749999999999861e-02
1.265624999999999944e-01
8.781250000000000167e-02
2.968749999999999861e-02
4.946875000000000022e-01
2.040624999999999800e-01
2.968749999999999861e-02
4.906249999999999500e-02
2.968749999999999861e-02
1.265624999999999944e-01
2.968749999999999861e-02
1.653124999999999734e-01
1.071874999999999911e-01
2.968749999999999861e-02
1.071874999999999911e-01
1.846875000000000044e-01
6.843749999999999833e-02
2.815624999999999933e-01
5.334375000000000089e-01
2.040624999999999800e-01
2.968749999999999861e-02
5.528124999999999289e-01
2.968749999999999861e-02
1.653124999999999734e-01
2.968749999999999861e-02
2.968749999999999861e-02
3.009375000000000244e-01
1.846875000000000044e-01
5.528124999999999289e-01
6.843749999999999833e-02
2.968749999999999861e-02
5.721875000000000711e-01
2.040624999999999800e-01
2.040624999999999800e-01
1.653124999999999734e-01
1.459374999999999978e-01
6.843749999999999833e-02
3.203125000000000000e-01
8.781250000000000167e-02
4.753124999999999711e-01
2.968749999999999861e-02
2.815624999999999933e-01
5.140624999999999778e-01
2.968749999999999861e-02
2.968749999999999861e-02
2.968749999999999861e-02
1.459374999999999978e-01
5.528124999999999289e-01
3.784374999999999822e-01
2.621875000000000178e-01
2.968749999999999861e-02
2.968749999999999861e-02
2.968749999999999861e-02
2.968749999999999861e-02
4.906249999999999500e-02
1.071874999999999911e-01
1.071874999999999911e-01
2.968749999999999861e-02
5.140624999999999778e-01
2.968749999999999861e-02
3.590625000000000067e-01
2.968749999999999861e-02
2.968749999999999861e-02
4.906249999999999500e-02
8.821874999999999023e-01
8.434374999999999512e-01
2.968749999999999861e-02
2.968749999999999861e-02
3.203125000000000000e-01
4.906249999999999500e-02
4.365624999999999645e-01
5.528124999999999289e-01
6.303125000000000533e-01
1.265624999999999944e-01
2.621875000000000178e-01
2.968749999999999861e-02
3.009375000000000244e-01
4.906249999999999500e-02
2.968749999999999861e-02
3.978125000000000133e-01
2.428124999999999867e-01
2.968749999999999861e-02
2.621875000000000178e-01
2.968749999999999861e-02
2.621875000000000178e-01
3.590625000000000067e-01
2.968749999999999861e-02
4.906249999999999500e-02
2.968749999999999861e-02
6.843749999999999833e-02
2.968749999999999861e-02
1.265624999999999944e-01
4.946875000000000022e-01
2.968749999999999861e-02
8.781250000000000167e-02
8.781250000000000167e-02
4.753124999999999711e-01
2.968749999999999861e-02
6.843749999999999833e-02
3.009375000000000244e-01
1.265624999999999944e-01
2.428124999999999867e-01
2.968749999999999861e-02
3.590625000000000067e-01
6.843749999999999833e-02
2.968749999999999861e-02
9.209374999999999645e-01
1.846875000000000044e-01
4.559374999999999956e-01
2.968749999999999861e-02
4.171874999999999889e-01
3.978125000000000133e-01
2.815624999999999933e-01
2.234375000000000111e-01
3.203125000000000000e-01
2.428124999999999867e-01
8.821874999999999023e-01
2.968749999999999861e-02
2.968749999999999861e-02
4.365624999999999645e-01
2.428124999999999867e-01
3.396875000000000311e-01
5.721875000000000711e-01
2.968749999999999861e-02
2.968749999999999861e-02
2.428124999999999867e-01
1.459374999999999978e-01
8.240624999999999201e-01
4.906249999999999500e-02
1.653124999999999734e-01
2.968749999999999861e-02
2.040624999999999800e-01
2.968749999999999861e-02
7.078124999999999556e-01
4.906249999999999500e-02
6.843749999999999833e-02
1.424687500000000107e+00
2.968749999999999861e-02
3.009375000000000244e-01
2.968749999999999861e-02
2.815624999999999933e-01
2.234375000000000111e-01
1.172812500000000036e+00
6.843749999999999833e-02
4.559374999999999956e-01
2.968749999999999861e-02
8.434374999999999512e-01
5.721875000000000711e-01
2.234375000000000111e-01
1.459374999999999978e-01
2.968749999999999861e-02
3.784374999999999822e-01
2.968749999999999861e-02
4.906249999999999500e-02
2.968749999999999861e-02
6.843749999999999833e-02
2.040624999999999800e-01
4.906249999999999500e-02
3.203125000000000000e-01
4.753124999999999711e-01
3.009375000000000244e-01
2.234375000000000111e-01
1.327812499999999840e+00
2.428124999999999867e-01
6.109375000000000222e-01
2.968749999999999861e-02
4.171874999999999889e-01
2.040624999999999800e-01
1.071874999999999911e-01
6.496874999999999734e-01
2.040624999999999800e-01
1.265624999999999944e-01
4.753124999999999711e-01
1.459374999999999978e-01
6.843749999999999833e-02
3.203125000000000000e-01
5.140624999999999778e-01
1.071874999999999911e-01
2.968749999999999861e-02
2.968749999999999861e-02
2.968749999999999861e-02
5.528124999999999289e-01
2.968749999999999861e-02
3.396875000000000311e-01
2.968749999999999861e-02
2.621875000000000178e-01
4.946875000000000022e-01
2.621875000000000178e-01
6.843749999999999833e-02
4.559374999999999956e-01
2.968749999999999861e-02
8.781250000000000167e-02
2.968749999999999861e-02
2.968749999999999861e-02
1.071874999999999911e-01
2.968749999999999861e-02
2.968749999999999861e-02
6.843749999999999833e-02
2.968749999999999861e-02
2.040624999999999800e-01
2.968749999999999861e-02
2.968749999999999861e-02
4.753124999999999711e-01
2.968749999999999861e-02
2.968749999999999861e-02
2.428124999999999867e-01
1.846875000000000044e-01
4.559374999999999956e-01
2.428124999999999867e-01
3.203125000000000000e-01
9.596874999999999156e-01
5.528124999999999289e-01
2.815624999999999933e-01
1.653124999999999734e-01
1.653124999999999734e-01
3.590625000000000067e-01
2.815624999999999933e-01
1.846875000000000044e-01
1.653124999999999734e-01
6.109375000000000222e-01
3.784374999999999822e-01
3.978125000000000133e-01
3.978125000000000133e-01
2.968749999999999861e-02
1.071874999999999911e-01
3.203125000000000000e-01
2.968749999999999861e-02
2.968749999999999861e-02
3.784374999999999822e-01
1.230937500000000018e+00
1.265624999999999944e-01
2.968749999999999861e-02
2.968749999999999861e-02
2.968749999999999861e-02
2.968749999999999861e-02
1.653124999999999734e-01
5.140624999999999778e-01
9.015624999999999334e-01
2.968749999999999861e-02
6.303125000000000533e-01
6.843749999999999833e-02
6.843749999999999833e-02
2.968749999999999861e-02
3.590625000000000067e-01
2.968749999999999861e-02
3.978125000000000133e-01
2.040624999999999800e-01
2.968749999999999861e-02
1.846875000000000044e-01
2.968749999999999861e-02
2.968749999999999861e-02
4.365624999999999645e-01
6.843749999999999833e-02
2.968749999999999861e-02
2.968749999999999861e-02
3.396875000000000311e-01
3.784374999999999822e-01
9.596874999999999156e-01
2.968749999999999861e-02
2.968749999999999861e-02
2.968749999999999861e-02
2.968749999999999861e-02
2.968749999999999861e-02
2.968749999999999861e-02
2.968749999999999861e-02
2.968749999999999861e-02
3.203125000000000000e-01
3.009375000000000244e-01
2.968749999999999861e-02
2.040624999999999800e-01
2.968749999999999861e-02
2.968749999999999861e-02
1.308437500000000142e+00
4.906249999999999500e-02
3.590625000000000067e-01
2.040624999999999800e-01
2.968749999999999861e-02
1.071874999999999911e-01
2.968749999999999861e-02
2.490312499999999929e+00
2.968749999999999861e-02
2.968749999999999861e-02
4.365624999999999645e-01
1.846875000000000044e-01
1.502187499999999787e+00
1.265624999999999944e-01
3.978125000000000133e-01
2.040624999999999800e-01
2.968749999999999861e-02
2.621875000000000178e-01
2.968749999999999861e-02
2.968749999999999861e-02
6.109375000000000222e-01
5.140624999999999778e-01
