0.000000000000000000e+00	1.119466495187677055e-03	2.158703135953464747e-01	2.359472382390745970e-01	2.000000000000000111e-01	1.199999999999999956e+00	5.348070491367579345e-03
1.000000000000000000e+00	-3.617424101918632114e-03	3.470828383680664708e-01	-5.936959588673573762e-02	2.000000000000000111e-01	1.199999999999999956e+00	7.691662864955135445e-03
2.000000000000000000e+00	-2.074232893001051650e-03	4.855578454877452765e-01	-6.497988389881221849e-01	2.000000000000000111e-01	1.199999999999999956e+00	8.037267950920481963e-03
3.000000000000000000e+00	9.997967290288447325e-04	1.959218316798241599e-01	2.616741196267624581e-01	2.000000000000000111e-01	1.199999999999999956e+00	6.420217847833607772e-03
4.000000000000000000e+00	-4.085346884931654113e-03	4.604711783368404254e-01	-5.491960921832799158e-01	2.000000000000000111e-01	1.199999999999999956e+00	4.221363183857582482e-03
5.000000000000000000e+00	-1.299423386458209255e-03	3.458299970423605596e-01	-1.709970574032633195e-01	2.000000000000000111e-01	1.199999999999999956e+00	5.119966364333253771e-03
6.000000000000000000e+00	2.056957390121495321e-03	3.131186782943879976e-01	-9.556745531214883016e-02	2.000000000000000111e-01	1.199999999999999956e+00	7.152024449978741649e-03
7.000000000000000000e+00	-6.616303307746377888e-04	5.677716616164886210e-01	-5.832396676785727152e-01	2.000000000000000111e-01	1.199999999999999956e+00	8.547217488015798961e-03
8.000000000000000000e+00	-6.088436796790807834e-04	3.864176769731154093e-01	-3.152559735950806186e-01	2.000000000000000111e-01	1.199999999999999956e+00	3.817938527540564505e-03
9.000000000000000000e+00	2.175000113761544956e-04	4.345957270281480822e-01	-7.300726691230261522e-01	2.000000000000000111e-01	1.199999999999999956e+00	2.219667407085149265e-03
1.000000000000000000e+01	-3.299937865916076438e-03	3.593892557883940353e-01	-1.742215794517480987e-01	2.000000000000000111e-01	1.199999999999999956e+00	1.378782320138203198e-02
1.100000000000000000e+01	1.817524439929086915e-03	1.763476417768749527e-01	1.665514065051234560e-01	2.000000000000000111e-01	1.199999999999999956e+00	3.068141999289796668e-03
1.200000000000000000e+01	1.022989697368814144e-03	1.250336948755716160e-01	3.802272892406310945e-01	2.000000000000000111e-01	1.199999999999999956e+00	5.363011138569093693e-03
1.300000000000000000e+01	5.747032933431229888e-03	3.533224264099776302e-01	-4.734479936845303882e-01	2.000000000000000111e-01	1.199999999999999956e+00	5.989327798856101948e-03
1.400000000000000000e+01	-1.210784107839531047e-03	2.963675730237745887e-01	5.424992519023685844e-02	2.000000000000000111e-01	1.199999999999999956e+00	6.691473803577083213e-03
1.500000000000000000e+01	-9.068793284144213923e-04	2.366920068934667276e-01	4.431156491534160580e-02	2.000000000000000111e-01	1.199999999999999956e+00	3.107232384803565884e-03
1.600000000000000000e+01	-2.347340543033199153e-02	1.020179359908809369e+00	-1.605697173978425596e+00	2.000000000000000111e-01	1.199999999999999956e+00	5.656622290114691858e-03
1.700000000000000000e+01	-9.963187361787717924e-03	6.137341768204560566e-01	-5.643603453719219232e-01	2.000000000000000111e-01	1.199999999999999956e+00	8.183716583384377866e-03
1.800000000000000000e+01	9.383260232105106223e-04	2.577806878321168838e-01	-2.043056985868738629e-01	2.000000000000000111e-01	1.199999999999999956e+00	2.651806699423445851e-03
1.900000000000000000e+01	-2.401184245117463870e-03	4.293082830899174196e-01	-6.936638345259718008e-01	2.000000000000000111e-01	1.199999999999999956e+00	7.395956164862872891e-03
2.000000000000000000e+01	-2.781228618217216849e-04	2.836880812981508182e-01	-3.063333132457612962e-02	2.000000000000000111e-01	1.199999999999999956e+00	7.622061692179068690e-03
2.100000000000000000e+01	-1.623970461982144784e-03	4.312913673315967311e-01	-4.489274001579213191e-01	2.000000000000000111e-01	1.199999999999999956e+00	3.914559220231784813e-03
2.200000000000000000e+01	-2.236411034859057696e-03	2.984292767867605112e-01	3.556805805527218922e-02	2.000000000000000111e-01	1.199999999999999956e+00	6.029075341521950536e-03
2.300000000000000000e+01	1.250479758895956146e-03	2.581310098859220248e-01	-4.602862247123962192e-02	2.000000000000000111e-01	1.199999999999999956e+00	4.860095793738293882e-03
2.400000000000000000e+01	-5.316383058911419192e-03	5.469011403646224512e-01	-1.006908339707229594e+00	2.000000000000000111e-01	1.199999999999999956e+00	3.989026058183427377e-03
2.500000000000000000e+01	-1.297184078885976798e-03	3.122386048764801414e-01	-9.767942853382027835e-02	2.000000000000000111e-01	1.199999999999999956e+00	5.586040935616049495e-03
2.600000000000000000e+01	-5.393257913832439883e-04	1.855597550333177581e-01	3.144439255206994410e-01	2.000000000000000111e-01	1.199999999999999956e+00	8.332157632575359907e-03
2.700000000000000000e+01	-8.418992627748813143e-03	5.788282061269802714e-01	-4.982571615692199529e-01	2.000000000000000111e-01	1.199999999999999956e+00	9.609682158716372977e-03
2.800000000000000000e+01	1.584517316490486076e-03	2.447815134712872376e-01	1.102271690604914589e-01	2.000000000000000111e-01	1.199999999999999956e+00	1.183174038588585657e-02
2.900000000000000000e+01	-1.087591317847993490e-02	7.041707788712316951e-01	-7.869461318821562301e-01	2.000000000000000111e-01	1.199999999999999956e+00	6.410202642622888324e-03
3.000000000000000000e+01	-1.647759767607599388e-03	2.830584583862303938e-01	4.558269249414159674e-02	2.000000000000000111e-01	1.199999999999999956e+00	8.487081645621780482e-03
3.100000000000000000e+01	1.057560915568099775e-03	2.492277827328313877e-01	1.911552152871345278e-01	2.000000000000000111e-01	1.199999999999999956e+00	9.241434925708058579e-03
3.200000000000000000e+01	-3.548948886521080298e-04	1.703654534254714359e-01	3.741706911554629755e-01	2.000000000000000111e-01	1.199999999999999956e+00	8.271928733568991582e-03
3.300000000000000000e+01	-4.077976703428550626e-04	4.515125981502234320e-01	-1.922212895489128215e-01	2.000000000000000111e-01	1.199999999999999956e+00	5.676617726281914071e-03
3.400000000000000000e+01	6.353642960141084317e-04	2.602367354871677474e-01	4.245403700949701431e-02	2.000000000000000111e-01	1.199999999999999956e+00	7.636057337389271817e-03
3.500000000000000000e+01	2.957556120967443059e-04	1.692480090079742094e-01	2.696133923782908504e-01	2.000000000000000111e-01	1.199999999999999956e+00	5.040544754480124311e-03
3.600000000000000000e+01	-6.777946547427898339e-04	1.414773065522622331e-01	4.206722454325966254e-01	2.000000000000000111e-01	1.199999999999999956e+00	9.200908262006360014e-03
3.700000000000000000e+01	-3.752544129221963769e-04	1.734677080548982786e-01	3.376410272031344917e-01	2.000000000000000111e-01	1.199999999999999956e+00	4.430837995750091726e-03
3.800000000000000000e+01	-8.938957517867252012e-02	1.890542893776295585e+00	-3.540287512601871356e+00	2.000000000000000111e-01	1.199999999999999956e+00	7.394880649427250201e-03
3.900000000000000000e+01	-4.065862672591114696e-02	1.207364587194604599e+00	-2.377350184065196714e+00	2.000000000000000111e-01	1.199999999999999956e+00	9.643835512937523960e-03
4.000000000000000000e+01	-2.954622132719381664e-04	3.229425470640063245e-01	-5.051202676645862866e-01	2.000000000000000111e-01	1.199999999999999956e+00	2.935240697062472832e-03
4.100000000000000000e+01	2.570492014756673924e-03	3.731443654254901210e-01	-2.465982385396219279e-01	2.000000000000000111e-01	1.199999999999999956e+00	6.270148222741416151e-03
4.200000000000000000e+01	9.073500009774651976e-04	2.178252732816421677e-01	1.152411636151615681e-01	2.000000000000000111e-01	1.199999999999999956e+00	4.498158256786489138e-03
4.300000000000000000e+01	1.006592989801213811e-03	6.652520422528729327e-02	5.423546421406000295e-01	2.000000000000000111e-01	1.199999999999999956e+00	4.679052871143171873e-03
4.400000000000000000e+01	-3.333014879769635209e-03	2.887566023169430007e-01	-3.313454858083613175e-01	2.000000000000000111e-01	1.199999999999999956e+00	3.838885318479183517e-02
4.500000000000000000e+01	-1.213113241539111667e-03	2.631176113189331867e-01	2.339386031461110349e-03	2.000000000000000111e-01	1.199999999999999956e+00	1.096685818600102655e-02
4.600000000000000000e+01	-3.615961009050514571e-04	3.892625523594570591e-01	-3.188033168233794790e-01	2.000000000000000111e-01	1.199999999999999956e+00	1.446593033548949567e-02
4.700000000000000000e+01	7.041440327068993355e-04	2.048451941174396496e-01	3.265321239947915899e-01	2.000000000000000111e-01	1.199999999999999956e+00	1.323827813322650190e-02
4.800000000000000000e+01	6.405943640690471260e-04	3.842165458867231598e-01	-2.095626393042007152e-01	2.000000000000000111e-01	1.199999999999999956e+00	5.502356505305930692e-03
4.900000000000000000e+01	-1.703961292859667654e-03	2.840055637765971919e-01	7.600739427556213457e-02	2.000000000000000111e-01	1.199999999999999956e+00	8.164134790336148931e-03
5.000000000000000000e+01	-4.172487603703598294e-03	3.796101157299756057e-01	-2.187412670719472985e-01	2.000000000000000111e-01	1.199999999999999956e+00	5.083944672283428542e-03
5.100000000000000000e+01	-1.553566442822627456e-03	2.649659605704284271e-01	1.332721093410409452e-01	2.000000000000000111e-01	1.199999999999999956e+00	2.900815531476169662e-03
5.200000000000000000e+01	-3.942216284042068808e-02	1.133298461771170329e+00	-1.415287555207343395e+00	2.000000000000000111e-01	1.199999999999999956e+00	1.058674022381578435e-02
5.300000000000000000e+01	-2.240526071694733546e-03	2.909485827933433466e-01	-1.512022500187280016e-01	2.000000000000000111e-01	1.199999999999999956e+00	5.523696979766541150e-03
5.400000000000000000e+01	-4.504186097411540615e-04	3.424649141839864463e-01	7.267206677074966592e-02	2.000000000000000111e-01	1.199999999999999956e+00	9.991785647488728855e-03
5.500000000000000000e+01	-5.233288351682492158e-04	2.271353314595020434e-01	2.271081676561488294e-01	2.000000000000000111e-01	1.199999999999999956e+00	1.066806350824467918e-02
5.600000000000000000e+01	-1.108077377178562318e-03	5.406625804616748132e-01	-5.611289002831876260e-01	2.000000000000000111e-01	1.199999999999999956e+00	5.103468265053344617e-03
5.700000000000000000e+01	8.554184053315186083e-04	2.312879800053117552e-01	7.996488725934014496e-02	2.000000000000000111e-01	1.199999999999999956e+00	5.051383507504091271e-03
5.800000000000000000e+01	-7.574988580629076450e-03	5.882661637022705836e-01	-8.209603942178969049e-01	2.000000000000000111e-01	1.199999999999999956e+00	8.316507113088209696e-03
5.900000000000000000e+01	-6.292283149267972192e-03	4.385425281776024753e-01	-4.155641813643846660e-01	2.000000000000000111e-01	1.199999999999999956e+00	4.876391721710485530e-03
6.000000000000000000e+01	4.805249208830353227e-04	1.415137439268845110e-01	2.713764674959882051e-01	2.000000000000000111e-01	1.199999999999999956e+00	4.440563582085243523e-03
6.100000000000000000e+01	-1.457245114179640810e-03	2.601906603458382650e-01	3.111813812731489826e-01	2.000000000000000111e-01	1.199999999999999956e+00	1.148718282735941565e-02
6.200000000000000000e+01	3.046525791150179237e-03	5.160553961509856125e-01	-4.367913668438658803e-01	2.000000000000000111e-01	1.199999999999999956e+00	3.304261280891129544e-03
6.300000000000000000e+01	3.237294525258915725e-03	7.241382733186337017e-02	5.461349721263710766e-01	2.000000000000000111e-01	1.199999999999999956e+00	1.221697039448445786e-02
6.400000000000000000e+01	-2.792105345707909586e-04	2.052270369386411386e-01	1.904501846606838633e-01	2.000000000000000111e-01	1.199999999999999956e+00	3.724047946445196381e-03
6.500000000000000000e+01	1.529908950725618853e-03	1.408151238858577348e-01	3.206606197783172796e-01	2.000000000000000111e-01	1.199999999999999956e+00	7.100591017146400466e-03
6.600000000000000000e+01	1.936538759839701810e-03	2.404356700942583691e-01	1.765171091468933362e-01	2.000000000000000111e-01	1.199999999999999956e+00	6.948928943040407966e-03
6.700000000000000000e+01	-3.378735249446112535e-03	3.665504844502125437e-01	-3.089420449097399768e-01	2.000000000000000111e-01	1.199999999999999956e+00	6.455376888466891720e-03
6.800000000000000000e+01	-5.879388800608277956e-04	2.359990987822967734e-01	-7.794297764061397515e-02	2.000000000000000111e-01	1.199999999999999956e+00	2.575013918751104403e-03
6.900000000000000000e+01	-4.470826762573704822e-04	1.943371984396266849e-01	3.568506068550334476e-01	2.000000000000000111e-01	1.199999999999999956e+00	1.830832022928611733e-02
7.000000000000000000e+01	1.494740627468277034e-03	1.320120650200784784e-01	3.854531752520422572e-01	2.000000000000000111e-01	1.199999999999999956e+00	6.788670722426245682e-03
7.100000000000000000e+01	-1.270948978168870598e-03	1.828004028236860645e-01	3.909595148830851130e-01	2.000000000000000111e-01	1.199999999999999956e+00	7.249809307429874380e-03
7.200000000000000000e+01	5.467079505494336182e-03	2.766693284591335567e-01	-8.797203626997873727e-03	2.000000000000000111e-01	1.199999999999999956e+00	1.162142674699271662e-02
7.300000000000000000e+01	1.066858441173104298e-03	1.238230334578113018e-01	5.274935833977054678e-01	2.000000000000000111e-01	1.199999999999999956e+00	1.537499843426800780e-02
7.400000000000000000e+01	3.407883815851518727e-03	1.809931097071401929e-01	1.753246220597799443e-01	2.000000000000000111e-01	1.199999999999999956e+00	1.009324634081968861e-02
7.500000000000000000e+01	-2.828547480671576159e-03	3.284493242598383045e-01	-1.354749816234193105e-01	2.000000000000000111e-01	1.199999999999999956e+00	8.501912396988213494e-03
7.600000000000000000e+01	2.022391688261647013e-03	3.849619206643927205e-01	-4.655679091071509568e-01	2.000000000000000111e-01	1.199999999999999956e+00	8.183036723822850050e-03
7.700000000000000000e+01	-6.746741206167802124e-03	3.978530536933988504e-01	-8.294084193516475523e-01	2.000000000000000111e-01	1.199999999999999956e+00	2.098139821399491386e-02
7.800000000000000000e+01	-5.667903131411151018e-04	2.571383778986041091e-01	8.517635432563031017e-02	2.000000000000000111e-01	1.199999999999999956e+00	6.298647957114376569e-03
7.900000000000000000e+01	1.196836962919257518e-03	1.790255294874245340e-01	2.746826641386390655e-01	2.000000000000000111e-01	1.199999999999999956e+00	5.237188375368163028e-03
8.000000000000000000e+01	4.949026375410814013e-03	1.403804232551518205e-01	4.094378742091315804e-01	2.000000000000000111e-01	1.199999999999999956e+00	9.090242613167718103e-03
8.100000000000000000e+01	-1.462802947642563925e-02	8.678414686655802068e-01	-1.680321484442537816e+00	2.000000000000000111e-01	1.199999999999999956e+00	7.990281566845391925e-03
8.200000000000000000e+01	-1.074684133061174288e-02	6.382063122191390381e-01	-1.049258304938947006e+00	2.000000000000000111e-01	1.199999999999999956e+00	6.197216082828715424e-03
8.300000000000000000e+01	-4.413754380284175445e-03	3.949517647538960952e-01	-3.222129094267378591e-01	2.000000000000000111e-01	1.199999999999999956e+00	2.380055002811021659e-03
8.400000000000000000e+01	-6.607934464694764642e-03	4.632948365482244535e-01	-1.611598897864041646e-01	2.000000000000000111e-01	1.199999999999999956e+00	1.294196743752648419e-02
8.500000000000000000e+01	3.337746457652221996e-05	1.965771482165167006e-01	2.781214086926420137e-01	2.000000000000000111e-01	1.199999999999999956e+00	1.451458850315466217e-02
8.600000000000000000e+01	1.533899632292094251e-04	1.091276248820028105e-01	4.983837784824132200e-01	2.000000000000000111e-01	1.199999999999999956e+00	8.090985274983206535e-03
8.700000000000000000e+01	2.978552318985700897e-03	1.473614390200133628e-01	2.007587708558995487e-01	2.000000000000000111e-01	1.199999999999999956e+00	4.337945074788761290e-03
8.800000000000000000e+01	-1.553844154760917811e-03	3.420681835692246930e-01	4.667892140884788432e-02	2.000000000000000111e-01	1.199999999999999956e+00	5.201614887214831354e-03
8.900000000000000000e+01	5.280671755996603663e-03	2.668361199836323805e-01	-1.579677048336969314e-01	2.000000000000000111e-01	1.199999999999999956e+00	1.058817574868508270e-02
9.000000000000000000e+01	3.014046557161948457e-04	4.280006711514852125e-01	-1.707862844912875211e-01	2.000000000000000111e-01	1.199999999999999956e+00	5.677825471196525434e-03
9.100000000000000000e+01	-6.343287998693529321e-03	7.282120450917040078e-01	-1.405969031794469970e+00	2.000000000000000111e-01	1.199999999999999956e+00	3.495938641373232385e-03
9.200000000000000000e+01	-7.063426145879903029e-03	4.256362970794791423e-01	-2.054180623239938441e-01	2.000000000000000111e-01	1.199999999999999956e+00	5.626279201652368070e-03
9.300000000000000000e+01	2.118081980464985633e-03	1.900079780364995197e-01	1.608547316548412098e-01	2.000000000000000111e-01	1.199999999999999956e+00	4.908283702193419994e-03
9.400000000000000000e+01	1.465183445353009139e-03	1.472687119613110551e-01	3.781898480016034902e-01	2.000000000000000111e-01	1.199999999999999956e+00	4.000586913009913752e-03
9.500000000000000000e+01	1.848174773233447114e-04	2.028324942005154952e-01	2.135528599086193857e-01	2.000000000000000111e-01	1.199999999999999956e+00	7.228104931900903619e-03
9.600000000000000000e+01	-2.734372901990146740e-03	3.098150931230652660e-01	-8.839594162932495891e-02	2.000000000000000111e-01	1.199999999999999956e+00	7.514733618608502967e-03
9.700000000000000000e+01	1.766880257548828723e-05	2.040263608951952967e-01	4.001066451887509423e-01	2.000000000000000111e-01	1.199999999999999956e+00	6.116999915059019577e-03
9.800000000000000000e+01	-5.308680692363830847e-03	4.040413164661939005e-01	2.441312690663544060e-02	2.000000000000000111e-01	1.199999999999999956e+00	1.198254937413390821e-02
9.900000000000000000e+01	-7.138576904259432733e-03	4.519906108805483713e-01	-6.299588142328973461e-01	2.000000000000000111e-01	1.199999999999999956e+00	8.605973892548610810e-03
1.000000000000000000e+02	-2.274721803598442674e-04	2.204237118649554072e-01	1.906676998869354378e-01	2.000000000000000111e-01	1.199999999999999956e+00	6.475665416133861117e-03
1.010000000000000000e+02	8.629994415973912857e-04	4.858636264764541052e-02	7.467847919690364655e-01	2.000000000000000111e-01	1.199999999999999956e+00	8.933197141925360713e-03
1.020000000000000000e+02	-6.626820855299221701e-04	2.715419170510651736e-01	1.010488176589481313e-01	2.000000000000000111e-01	1.199999999999999956e+00	1.182225375336672275e-02
1.030000000000000000e+02	-3.343272287878290647e-03	3.469175427875349493e-01	-1.737333438272550268e-01	2.000000000000000111e-01	1.199999999999999956e+00	3.742730219888638649e-03
1.040000000000000000e+02	1.238865371469057572e-04	1.347570323221223554e-01	4.686463072898057192e-01	2.000000000000000111e-01	1.199999999999999956e+00	1.490925200092468525e-02
1.050000000000000000e+02	-6.081665290659704409e-04	1.736993996309107446e-01	6.541602218422237769e-02	2.000000000000000111e-01	1.199999999999999956e+00	3.777581922873398702e-03
1.060000000000000000e+02	-2.002032441194375248e-03	3.103653641967549226e-01	1.071939798821848200e-01	2.000000000000000111e-01	1.199999999999999956e+00	8.078727078294861003e-03
1.070000000000000000e+02	-6.790299428345146319e-03	4.820864344299286008e-01	-6.834429826650962880e-01	2.000000000000000111e-01	1.199999999999999956e+00	8.497726254025197296e-03
1.080000000000000000e+02	-7.204660554664957728e-04	2.489843795222381195e-01	-2.809854143071977006e-02	2.000000000000000111e-01	1.199999999999999956e+00	1.064202868262863373e-02
1.090000000000000000e+02	-1.662941363279507416e-03	1.966290615448555990e-01	3.760975152949006528e-01	2.000000000000000111e-01	1.199999999999999956e+00	1.529920312981405614e-02
1.100000000000000000e+02	1.888394593031006083e-03	5.261524199745626351e-01	-6.424646091705583650e-01	2.000000000000000111e-01	1.199999999999999956e+00	1.012404607357553395e-02
1.110000000000000000e+02	5.880360217390341896e-04	6.210114652260158991e-02	6.078450450365999735e-01	2.000000000000000111e-01	1.199999999999999956e+00	7.691566832452910799e-03
1.120000000000000000e+02	-1.889719013754382606e-03	3.558530090579481997e-01	-3.767702225995348542e-01	2.000000000000000111e-01	1.199999999999999956e+00	9.567902222844164653e-03
1.130000000000000000e+02	-8.926182676024961495e-05	3.380575340537296247e-01	-1.091374942023870531e-01	2.000000000000000111e-01	1.199999999999999956e+00	3.859010618101270645e-03
1.140000000000000000e+02	-2.520323020121072437e-03	2.605386528126933943e-01	6.047834301517873712e-02	2.000000000000000111e-01	1.199999999999999956e+00	6.063926411706725868e-03
1.150000000000000000e+02	-2.055056798105762451e-03	4.412187857274973424e-01	-4.642160143081763835e-01	2.000000000000000111e-01	1.199999999999999956e+00	7.021343164554409363e-03
1.160000000000000000e+02	1.029284595881339382e-03	1.123787026315635207e-01	3.963561398649164680e-01	2.000000000000000111e-01	1.199999999999999956e+00	5.246987497424986449e-03
1.170000000000000000e+02	4.325385847701891488e-03	9.758180761962163829e-02	4.292374920288395401e-01	2.000000000000000111e-01	1.199999999999999956e+00	1.023378668787914073e-02
1.180000000000000000e+02	-3.089496421960478446e-03	3.363254643595107174e-01	-1.844419078862840067e-01	2.000000000000000111e-01	1.199999999999999956e+00	8.077654498630463392e-03
1.190000000000000000e+02	-2.495939221435755553e-03	2.825954873723336425e-01	1.186433702819558178e-01	2.000000000000000111e-01	1.199999999999999956e+00	8.824149879625929269e-03
1.200000000000000000e+02	-2.758218707943506766e-04	2.125318374110152231e-01	2.314283612196366136e-01	2.000000000000000111e-01	1.199999999999999956e+00	7.697436153385884931e-03
1.210000000000000000e+02	2.775335059474025182e-04	7.347643336946942105e-02	6.887559001830521055e-01	2.000000000000000111e-01	1.199999999999999956e+00	9.616260278632668759e-03
1.220000000000000000e+02	-1.491101614649144487e-02	6.709398018912847705e-01	-6.482562698231664200e-01	2.000000000000000111e-01	1.199999999999999956e+00	7.025583558448232277e-03
1.230000000000000000e+02	-2.209140443801700746e-03	3.434264707030438846e-01	-1.354327990080559374e-01	2.000000000000000111e-01	1.199999999999999956e+00	4.828244761269980846e-03
1.240000000000000000e+02	-9.073150382205482636e-04	2.809603683922681783e-01	3.359230236259502789e-02	2.000000000000000111e-01	1.199999999999999956e+00	4.748581582732437807e-03
1.250000000000000000e+02	-8.743810176345968507e-03	6.450533595058467462e-01	-9.719039981130324080e-01	2.000000000000000111e-01	1.199999999999999956e+00	6.628950332696553240e-03
1.260000000000000000e+02	-4.726194269341438769e-04	1.656057999298948258e-01	3.928686640348169057e-01	2.000000000000000111e-01	1.199999999999999956e+00	1.103318457449467549e-02
1.270000000000000000e+02	-1.058896156824365485e-03	2.273558935375509793e-01	1.229609024351443480e-01	2.000000000000000111e-01	1.199999999999999956e+00	6.603711707365777020e-03
1.280000000000000000e+02	9.606814169344365332e-04	1.357319512097079905e-01	4.137680546774240575e-01	2.000000000000000111e-01	1.199999999999999956e+00	2.358930709751458701e-02
1.290000000000000000e+02	-5.048709926535342772e-04	1.931372487890190837e-01	2.149243475569493356e-01	2.000000000000000111e-01	1.199999999999999956e+00	5.518894580553141034e-03
1.300000000000000000e+02	-1.448080274750514901e-03	2.030896816861640364e-01	3.165661887316728595e-01	2.000000000000000111e-01	1.199999999999999956e+00	4.602359800748737594e-03
1.310000000000000000e+02	-5.338625388536543705e-04	3.358508119016195836e-01	-1.248632244183340845e-01	2.000000000000000111e-01	1.199999999999999956e+00	7.626888582008671362e-03
1.320000000000000000e+02	-1.141355673882442075e-04	2.519787587344587965e-01	-2.567102846885838119e-02	2.000000000000000111e-01	1.199999999999999956e+00	2.908264420195396088e-03
1.330000000000000000e+02	-1.995596348908867598e-03	2.479863126006889018e-01	1.159246566497991182e-01	2.000000000000000111e-01	1.199999999999999956e+00	4.071826849011207436e-03
1.340000000000000000e+02	-6.179843044523574032e-03	5.530492095160435273e-01	-7.972520224941348488e-01	2.000000000000000111e-01	1.199999999999999956e+00	5.637991277077292716e-03
1.350000000000000000e+02	5.607632931703669492e-03	1.902873082838158203e-01	4.200517352188759546e-02	2.000000000000000111e-01	1.199999999999999956e+00	4.963305076862617286e-03
1.360000000000000000e+02	-1.060636110966328574e-03	3.347792026700706081e-01	-3.404273343416361897e-01	2.000000000000000111e-01	1.199999999999999956e+00	4.537995114246842418e-03
1.370000000000000000e+02	-3.446215343813503144e-03	3.461296055652368642e-01	-2.100192546534289662e-01	2.000000000000000111e-01	1.199999999999999956e+00	9.102966418671068830e-03
1.380000000000000000e+02	5.098313157998882791e-04	1.783561684643397705e-01	2.664755288737929995e-01	2.000000000000000111e-01	1.199999999999999956e+00	2.517598183470518957e-03
1.390000000000000000e+02	3.122657990668438135e-05	2.437241885672095099e-01	1.159622693870465682e-01	2.000000000000000111e-01	1.199999999999999956e+00	8.037033614343472646e-03
1.400000000000000000e+02	7.051396465379530841e-04	2.144796569271702202e-01	1.259697901680403298e-01	2.000000000000000111e-01	1.199999999999999956e+00	3.767956947921900519e-03
1.410000000000000000e+02	-1.028010719703865072e-03	2.474561842302249737e-01	1.651783291240898066e-01	2.000000000000000111e-01	1.199999999999999956e+00	5.204611718764552697e-03
1.420000000000000000e+02	-1.040436639622140114e-02	5.082312796508634545e-01	-7.738309718714395657e-01	2.000000000000000111e-01	1.199999999999999956e+00	4.670584496896296178e-02
1.430000000000000000e+02	-1.386131994100164681e-03	2.036461995154382199e-01	1.282896607304309100e-01	2.000000000000000111e-01	1.199999999999999956e+00	5.715349858341434164e-03
1.440000000000000000e+02	1.154736165777281182e-03	2.246974023136094900e-01	2.500250278150506489e-02	2.000000000000000111e-01	1.199999999999999956e+00	8.567543082948762823e-03
1.450000000000000000e+02	-4.911606031730869452e-03	4.022312633152356209e-01	-9.487742848437719090e-02	2.000000000000000111e-01	1.199999999999999956e+00	1.485239464833858561e-02
1.460000000000000000e+02	-4.323190526281358963e-03	3.776561623177758786e-01	-1.069660473822438007e-01	2.000000000000000111e-01	1.199999999999999956e+00	6.805353149648569674e-03
1.470000000000000000e+02	-5.201801612981394630e-03	4.474851750950797902e-01	-2.854625994214785578e-01	2.000000000000000111e-01	1.199999999999999956e+00	5.088940472976200870e-03
1.480000000000000000e+02	-1.988676125365748584e-03	3.171139425035673920e-01	-1.859120452308902216e-01	2.000000000000000111e-01	1.199999999999999956e+00	1.206179062143856486e-02
1.490000000000000000e+02	-3.984168215183258970e-03	3.391045530222183135e-01	-1.560671331907528270e-01	2.000000000000000111e-01	1.199999999999999956e+00	5.378088421054237102e-03
1.500000000000000000e+02	3.526575817561990222e-04	2.904602535845600131e-01	-1.762514819042637626e-01	2.000000000000000111e-01	1.199999999999999956e+00	6.098828730453640865e-03
1.510000000000000000e+02	8.798980073121074599e-04	4.193882987333043960e-02	6.884615933657010078e-01	2.000000000000000111e-01	1.199999999999999956e+00	1.178967750057462009e-02
1.520000000000000000e+02	2.798450576763818740e-04	2.359992993570766695e-01	3.082894245403009492e-01	2.000000000000000111e-01	1.199999999999999956e+00	7.249535614448666086e-03
1.530000000000000000e+02	-7.536571595538743909e-03	9.281648145914772607e-01	-2.583985554969919995e+00	2.000000000000000111e-01	1.199999999999999956e+00	7.534828046255434737e-03
1.540000000000000000e+02	-5.086029271975833939e-03	3.916571252254469337e-01	-2.530180420973842104e-01	2.000000000000000111e-01	1.199999999999999956e+00	1.107942943691401019e-02
1.550000000000000000e+02	-1.917525438483247109e-03	2.567725859542319133e-01	5.991192473653406125e-02	2.000000000000000111e-01	1.199999999999999956e+00	3.582122528777181413e-03
1.560000000000000000e+02	-5.238518089833719277e-02	1.284479375336074591e+00	-2.142455758568669211e+00	2.000000000000000111e-01	1.199999999999999956e+00	1.524921535012818859e-02
1.570000000000000000e+02	1.987565255655028128e-03	2.389532340750595840e-01	7.874952118272338097e-02	2.000000000000000111e-01	1.199999999999999956e+00	3.225769335656947841e-03
1.580000000000000000e+02	9.014506996000559843e-04	3.705604799704188546e-01	-8.668119709676957996e-03	2.000000000000000111e-01	1.199999999999999956e+00	6.007082296924446362e-03
1.590000000000000000e+02	-6.576540734689231837e-03	6.350219936037372337e-01	-1.380242689328343708e+00	2.000000000000000111e-01	1.199999999999999956e+00	4.049602862440894978e-03
1.600000000000000000e+02	-1.751501073661358840e-03	5.327510654228071463e-01	-4.788161716470966667e-01	2.000000000000000111e-01	1.199999999999999956e+00	8.910275119380127798e-03
1.610000000000000000e+02	-5.176433720812553124e-03	4.681954181063001097e-01	-2.973648852590962122e-01	2.000000000000000111e-01	1.199999999999999956e+00	6.937939610876355315e-03
1.620000000000000000e+02	3.024392484714734809e-03	2.717115022902148458e-01	1.032357240102026452e-01	2.000000000000000111e-01	1.199999999999999956e+00	4.427588845373453194e-03
1.630000000000000000e+02	8.268069780674561524e-05	1.234327735092882322e-01	4.086522775071141922e-01	2.000000000000000111e-01	1.199999999999999956e+00	4.372741740195838951e-03
1.640000000000000000e+02	8.559758112948355957e-04	5.281796248561600182e-02	5.299936410570789125e-01	2.000000000000000111e-01	1.199999999999999956e+00	2.380479356195226975e-03
1.650000000000000000e+02	-1.164793560117553887e-04	8.072747182051170922e-02	5.595340008202041027e-01	2.000000000000000111e-01	1.199999999999999956e+00	4.797326288857853629e-03
1.660000000000000000e+02	-2.437607965347326870e-03	3.666714911991147963e-01	-1.863479172946718165e-01	2.000000000000000111e-01	1.199999999999999956e+00	5.319432551965578085e-03
1.670000000000000000e+02	-7.465300339533688942e-04	1.628382134347199917e-01	4.303885209755016206e-01	2.000000000000000111e-01	1.199999999999999956e+00	1.520506423281275075e-02
1.680000000000000000e+02	2.365181987109804919e-04	2.377702560838764745e-01	4.623343185894590590e-02	2.000000000000000111e-01	1.199999999999999956e+00	4.807305326076218542e-03
1.690000000000000000e+02	-4.445628414991258451e-03	3.610771789556436184e-01	6.772484501292552750e-02	2.000000000000000111e-01	1.199999999999999956e+00	1.999384061519507080e-02
1.700000000000000000e+02	-4.288042537955752583e-03	4.510959339946066238e-01	-6.161985927386330886e-01	2.000000000000000111e-01	1.199999999999999956e+00	9.264679249716420775e-03
1.710000000000000000e+02	1.706922417000930354e-03	1.809237389223460890e-01	3.203328082900140927e-01	2.000000000000000111e-01	1.199999999999999956e+00	1.265174090784658596e-02
1.720000000000000000e+02	-3.731310700030171252e-03	3.126778530501853615e-01	2.489492182692476518e-02	2.000000000000000111e-01	1.199999999999999956e+00	7.844974080395585372e-03
1.730000000000000000e+02	-1.779803684591721794e-02	7.097486129074945804e-01	-7.864347976100338755e-01	2.000000000000000111e-01	1.199999999999999956e+00	9.744830771400533193e-03
1.740000000000000000e+02	-2.059800533921087029e-02	7.951743123815119274e-01	-1.298780656648363063e+00	2.000000000000000111e-01	1.199999999999999956e+00	7.363457651786538272e-03
1.750000000000000000e+02	-4.703747189179195731e-04	2.179321201344549264e-01	3.066375714705964484e-01	2.000000000000000111e-01	1.199999999999999956e+00	1.005877665825742964e-02
1.760000000000000000e+02	-2.910072169344549110e-04	1.446035845496046468e-01	4.198858800465123942e-01	2.000000000000000111e-01	1.199999999999999956e+00	5.543826213164590108e-03
1.770000000000000000e+02	-1.613834396226531895e-02	6.774779864189796053e-01	-6.502092729573076824e-01	2.000000000000000111e-01	1.199999999999999956e+00	1.280989510498681261e-02
1.780000000000000000e+02	1.388980236738463197e-03	1.243177989804635092e-01	3.395550984212380996e-01	2.000000000000000111e-01	1.199999999999999956e+00	7.478513228708552098e-03
1.790000000000000000e+02	-2.360204407104035673e-03	3.058183756058566183e-01	4.252159373718633617e-02	2.000000000000000111e-01	1.199999999999999956e+00	6.292368112125494226e-03
1.800000000000000000e+02	1.535807748214467958e-03	1.325055038988290912e-01	2.490961702864384897e-01	2.000000000000000111e-01	1.199999999999999956e+00	2.604716842354090102e-03
1.810000000000000000e+02	2.240512689686430530e-04	1.612697319319609246e-01	3.548851628212452702e-01	2.000000000000000111e-01	1.199999999999999956e+00	1.227052496719488808e-02
1.820000000000000000e+02	2.656144389928105469e-03	1.779471713481072526e-01	1.917582605624388314e-01	2.000000000000000111e-01	1.199999999999999956e+00	6.325358450635048917e-03
1.830000000000000000e+02	1.248481160611019400e-04	2.092328430732912359e-01	1.388927724078299342e-01	2.000000000000000111e-01	1.199999999999999956e+00	9.858967577077831432e-03
1.840000000000000000e+02	5.733204715398071936e-04	2.152302283813160577e-01	2.330040145117067141e-01	2.000000000000000111e-01	1.199999999999999956e+00	7.374804537067969519e-03
1.850000000000000000e+02	-5.263279261321520026e-03	3.466859490506736807e-01	-3.972401332185881984e-01	2.000000000000000111e-01	1.199999999999999956e+00	4.907703534481595853e-02
1.860000000000000000e+02	1.749918964865058340e-03	1.145314133070663709e-01	5.351249153000128267e-01	2.000000000000000111e-01	1.199999999999999956e+00	1.825935278924145644e-02
1.870000000000000000e+02	2.337086544610810109e-04	1.824945491827373312e-01	1.970801052399915321e-01	2.000000000000000111e-01	1.199999999999999956e+00	7.762492013147125058e-03
1.880000000000000000e+02	-3.956644963051175745e-03	3.819986619996982857e-01	-6.393341038445576885e-02	2.000000000000000111e-01	1.199999999999999956e+00	9.918161926195854378e-03
1.890000000000000000e+02	-3.838605255030715330e-04	1.957782828063160951e-01	2.271932090769070989e-01	2.000000000000000111e-01	1.199999999999999956e+00	6.074484490686700260e-03
1.900000000000000000e+02	-7.574446880181116880e-04	2.485795502111202981e-01	-2.671542870761189903e-02	2.000000000000000111e-01	1.199999999999999956e+00	2.915896084688450549e-03
1.910000000000000000e+02	7.902033040514111744e-04	3.198711662882059437e-01	4.135749970825397526e-02	2.000000000000000111e-01	1.199999999999999956e+00	8.551604443812491074e-03
1.920000000000000000e+02	2.190688794459989320e-04	1.178060978620371207e-01	4.694570640826887242e-01	2.000000000000000111e-01	1.199999999999999956e+00	5.604630128550126475e-03
1.930000000000000000e+02	2.741377459268017416e-03	2.288177956825903081e-01	3.890472357016117044e-02	2.000000000000000111e-01	1.199999999999999956e+00	5.983572224235693751e-03
1.940000000000000000e+02	-2.191851712205458973e-03	2.989246164658366789e-01	1.947246120888364018e-01	2.000000000000000111e-01	1.199999999999999956e+00	9.079971011720814472e-03
1.950000000000000000e+02	-1.877119505849338935e-04	1.401595531111195225e-01	3.796840267695880122e-01	2.000000000000000111e-01	1.199999999999999956e+00	8.194406103150116485e-03
1.960000000000000000e+02	-3.265522117500909913e-03	3.171684972593368235e-01	-5.720810372243967379e-02	2.000000000000000111e-01	1.199999999999999956e+00	1.147530788736743877e-02
1.970000000000000000e+02	8.353003993699426900e-04	6.450228975424235345e-02	5.470353229101618808e-01	2.000000000000000111e-01	1.199999999999999956e+00	3.025327940305307974e-03
1.980000000000000000e+02	1.791587649084997206e-03	1.443062138263281058e-01	3.594202742464411848e-01	2.000000000000000111e-01	1.199999999999999956e+00	7.389264308411600500e-03
1.990000000000000000e+02	1.505411648241853273e-04	2.028825187876347746e-01	1.449733690732104563e-01	2.000000000000000111e-01	1.199999999999999956e+00	8.517959002252099843e-03
2.000000000000000000e+02	-1.217574068511114056e-02	7.132739295816025171e-01	-9.186528682242194321e-01	2.000000000000000111e-01	1.199999999999999956e+00	7.967761888945146947e-03
2.010000000000000000e+02	-3.625137282370075520e-04	2.047249064493337767e-01	2.686185842669615020e-01	2.000000000000000111e-01	1.199999999999999956e+00	1.438330107830666955e-02
2.020000000000000000e+02	1.736511183482251572e-03	1.614800589777087847e-01	3.433039213134061463e-01	2.000000000000000111e-01	1.199999999999999956e+00	5.914335666596211120e-03
2.030000000000000000e+02	-2.280357304859556566e-02	8.880199454060212494e-01	-1.360471183202208501e+00	2.000000000000000111e-01	1.199999999999999956e+00	8.900416449428604979e-03
2.040000000000000000e+02	1.655204441261976791e-03	1.406705716154780794e-01	3.312682596489913145e-01	2.000000000000000111e-01	1.199999999999999956e+00	3.286578802301057256e-03
2.050000000000000000e+02	-8.804668195036912488e-04	2.877524511521120099e-01	-7.195159428529951384e-02	2.000000000000000111e-01	1.199999999999999956e+00	5.560354215217805374e-03
2.060000000000000000e+02	-2.759589193753212051e-03	3.930756609521603995e-01	-2.378381187323359569e-01	2.000000000000000111e-01	1.199999999999999956e+00	6.386158386243586012e-03
2.070000000000000000e+02	9.405849006367901846e-03	3.402680276025499273e-01	9.830413641278212822e-02	2.000000000000000111e-01	1.199999999999999956e+00	7.394423322951647858e-03
2.080000000000000000e+02	4.402257177517056525e-04	1.399481327745681070e-01	4.305388542075583302e-01	2.000000000000000111e-01	1.199999999999999956e+00	7.642700245314599898e-03
2.090000000000000000e+02	1.359247162576333314e-03	1.948180545729800150e-01	6.429730970873848150e-03	2.000000000000000111e-01	1.199999999999999956e+00	2.290223826379645788e-03
2.100000000000000000e+02	-4.675247398385068420e-03	4.542632214576096672e-01	-4.049264143834978569e-01	2.000000000000000111e-01	1.199999999999999956e+00	8.215054249761346433e-03
2.110000000000000000e+02	-6.168837829012520022e-04	2.028411424152367915e-01	2.150935782671403729e-01	2.000000000000000111e-01	1.199999999999999956e+00	6.517950735516172926e-03
2.120000000000000000e+02	-2.651249343097739075e-04	2.752358182591331803e-01	2.184757037427775828e-02	2.000000000000000111e-01	1.199999999999999956e+00	6.036332538736495675e-03
2.130000000000000000e+02	1.763439898793643136e-03	1.401403458264235680e-01	3.742781991377994721e-01	2.000000000000000111e-01	1.199999999999999956e+00	4.906374056990419133e-03
2.140000000000000000e+02	1.525152717116105101e-03	9.786266436877190389e-02	5.462038473777595105e-01	2.000000000000000111e-01	1.199999999999999956e+00	7.959451869432202648e-03
2.150000000000000000e+02	-1.974945851461746952e-04	1.728225043608618006e-01	3.129110757844317803e-01	2.000000000000000111e-01	1.199999999999999956e+00	4.353955483622004054e-03
2.160000000000000000e+02	-9.048245939058304974e-03	4.686214959363680377e-01	-1.025236270312982256e+00	2.000000000000000111e-01	1.199999999999999956e+00	1.967749741784579481e-02
2.170000000000000000e+02	-1.010708738394421047e-03	2.314054793337337601e-01	3.176631533630080995e-01	2.000000000000000111e-01	1.199999999999999956e+00	5.567807190004008325e-03
2.180000000000000000e+02	-4.196578642271241470e-04	1.649872101766607368e-01	2.277005215373471003e-01	2.000000000000000111e-01	1.199999999999999956e+00	3.736199964323682048e-03
2.190000000000000000e+02	-1.838469091196378918e-03	2.446322927797700830e-01	6.856225773296209525e-02	2.000000000000000111e-01	1.199999999999999956e+00	9.424951247654691014e-03
2.200000000000000000e+02	-1.228584468289671550e-02	6.543125574772375996e-01	-8.029820187911953511e-01	2.000000000000000111e-01	1.199999999999999956e+00	1.077683733936842490e-02
2.210000000000000000e+02	-6.757303514974164968e-04	1.635402571790354753e-01	2.296020745623481574e-01	2.000000000000000111e-01	1.199999999999999956e+00	6.899462916664693239e-03
2.220000000000000000e+02	3.092927585086439023e-03	1.440779510815382580e-01	2.756517501786981406e-01	2.000000000000000111e-01	1.199999999999999956e+00	3.809514709326618231e-03
2.230000000000000000e+02	-2.193797367667167425e-04	1.893277579437815383e-01	2.040738880669041855e-01	2.000000000000000111e-01	1.199999999999999956e+00	4.606728211937240365e-03
2.240000000000000000e+02	-4.283033915589191270e-04	2.347872791136192405e-01	1.694493079324734808e-01	2.000000000000000111e-01	1.199999999999999956e+00	1.765750296189004488e-03
2.250000000000000000e+02	-2.030768943720904010e-03	2.949678546617064967e-01	-2.669695965515357372e-01	2.000000000000000111e-01	1.199999999999999956e+00	6.081513673527896846e-03
2.260000000000000000e+02	2.405496919095032743e-03	1.148604037400411532e-01	4.303439695188897574e-01	2.000000000000000111e-01	1.199999999999999956e+00	5.379632860340756613e-03
2.270000000000000000e+02	-6.184562563530130765e-03	4.120050188588639251e-01	-3.788404501837216998e-01	2.000000000000000111e-01	1.199999999999999956e+00	4.664209037764911747e-03
2.280000000000000000e+02	-7.098759181237763354e-04	1.656286436587411925e-01	3.614107503717303160e-01	2.000000000000000111e-01	1.199999999999999956e+00	1.058893164656297958e-02
2.290000000000000000e+02	1.579957397421574922e-03	1.587925342858848288e-01	3.338979179242218542e-01	2.000000000000000111e-01	1.199999999999999956e+00	8.458294025858530477e-03
2.300000000000000000e+02	-1.457197129819811504e-02	9.908472674542940783e-01	-2.158883496198527929e+00	2.000000000000000111e-01	1.199999999999999956e+00	4.701256674547391913e-03
2.310000000000000000e+02	-8.240206236464287307e-03	4.959137379642568066e-01	-3.531306517579650972e-01	2.000000000000000111e-01	1.199999999999999956e+00	1.044726181944286014e-02
2.320000000000000000e+02	-5.052534603378042860e-03	3.934826719395910222e-01	-2.425845299094602225e-01	2.000000000000000111e-01	1.199999999999999956e+00	6.803138453179028398e-03
2.330000000000000000e+02	6.287757236580670574e-03	4.826279319850182992e-01	-8.630903577557020867e-01	2.000000000000000111e-01	1.199999999999999956e+00	4.209323572962374652e-03
2.340000000000000000e+02	-1.015154958740848963e-03	2.662720789067882787e-01	1.313351681404202331e-01	2.000000000000000111e-01	1.199999999999999956e+00	5.914328964321732655e-03
2.350000000000000000e+02	9.469483839534673011e-04	3.029721742787891414e-01	8.740055493790510610e-02	2.000000000000000111e-01	1.199999999999999956e+00	5.583085609730163712e-03
2.360000000000000000e+02	2.063842854460077973e-03	7.859939764755105585e-02	4.937251755946761023e-01	2.000000000000000111e-01	1.199999999999999956e+00	4.734062821498449813e-03
2.370000000000000000e+02	-4.082210355906549203e-03	4.394933662361207305e-01	-1.253851616030248195e-01	2.000000000000000111e-01	1.199999999999999956e+00	6.672251322576495600e-03
2.380000000000000000e+02	6.808749735512171141e-04	1.016518267310777962e-01	3.707721402507986319e-01	2.000000000000000111e-01	1.199999999999999956e+00	2.464007074188710993e-03
2.390000000000000000e+02	3.418548770154219789e-04	1.112485249332471615e-01	4.337579353213909528e-01	2.000000000000000111e-01	1.199999999999999956e+00	5.825289519729222321e-03
2.400000000000000000e+02	8.454654178029476176e-04	1.481395105268236145e-01	3.597631577514435186e-01	2.000000000000000111e-01	1.199999999999999956e+00	7.829978996350307405e-03
2.410000000000000000e+02	2.808897750525991810e-04	1.405507914583982165e-01	3.868125033595450901e-01	2.000000000000000111e-01	1.199999999999999956e+00	2.115714000034283650e-03
2.420000000000000000e+02	1.790247877913242773e-03	2.840085503571694314e-01	3.591727958234258722e-03	2.000000000000000111e-01	1.199999999999999956e+00	2.578783369720766879e-03
2.430000000000000000e+02	2.561222197937488600e-04	1.811787695553589983e-01	2.668970448659653272e-01	2.000000000000000111e-01	1.199999999999999956e+00	4.447009690426439142e-03
2.440000000000000000e+02	-4.814837824795982306e-05	1.422891285749686152e-01	3.675532447013298842e-01	2.000000000000000111e-01	1.199999999999999956e+00	2.732358486857929241e-03
2.450000000000000000e+02	-4.528997221542029397e-03	4.298067913657264705e-01	-4.826558681085115765e-01	2.000000000000000111e-01	1.199999999999999956e+00	5.978925269076845392e-03
2.460000000000000000e+02	-2.962817039004182664e-03	3.454687191619645326e-01	-8.519757691252660692e-02	2.000000000000000111e-01	1.199999999999999956e+00	3.004683119650346235e-03
2.470000000000000000e+02	-2.092088252888718927e-02	9.756228078966409090e-01	-1.360523675332949267e+00	2.000000000000000111e-01	1.199999999999999956e+00	8.956117686526226043e-03
2.480000000000000000e+02	7.514568292505081687e-04	1.963274508178417810e-01	1.804731011125451090e-01	2.000000000000000111e-01	1.199999999999999956e+00	1.002591591979685830e-02
2.490000000000000000e+02	-1.464902474672520822e-04	1.236959751538173613e-01	4.929558548746526547e-01	2.000000000000000111e-01	1.199999999999999956e+00	5.592052967628509570e-03
2.500000000000000000e+02	-8.767102600481528792e-04	3.006703037353959385e-01	-5.966005521479633700e-02	2.000000000000000111e-01	1.199999999999999956e+00	1.036096685312730935e-02
2.510000000000000000e+02	-3.409284334094202229e-03	3.391962490097878979e-01	2.032240413709196503e-02	2.000000000000000111e-01	1.199999999999999956e+00	5.344595370166725992e-03
2.520000000000000000e+02	-3.556047799081073126e-03	3.924375190210526165e-01	-1.993965333106189064e-01	2.000000000000000111e-01	1.199999999999999956e+00	1.028538103615704059e-02
2.530000000000000000e+02	4.923371803623679708e-04	4.909800880077422325e-02	6.853904707582072486e-01	2.000000000000000111e-01	1.199999999999999956e+00	8.849946213998311287e-03
2.540000000000000000e+02	-6.242535853467135951e-03	4.903918103581289545e-01	-1.824242197894463402e-01	2.000000000000000111e-01	1.199999999999999956e+00	7.328771614954114957e-03
2.550000000000000000e+02	2.498038950203097580e-04	8.543694102997455297e-02	5.242223049046623728e-01	2.000000000000000111e-01	1.199999999999999956e+00	5.319895453571431114e-03
2.560000000000000000e+02	-3.589266812775214997e-03	4.427413908759452177e-01	-2.971087383407118310e-01	2.000000000000000111e-01	1.199999999999999956e+00	9.082808585134988580e-03
2.570000000000000000e+02	-8.668755248117627349e-03	4.844129326381660383e-01	-4.736066640350546919e-01	2.000000000000000111e-01	1.199999999999999956e+00	6.510358625440621980e-03
2.580000000000000000e+02	-3.405136114283717052e-03	3.229360498373044508e-01	-4.079432610183442165e-02	2.000000000000000111e-01	1.199999999999999956e+00	5.035955521453348328e-03
2.590000000000000000e+02	-2.851965236145257571e-03	3.109452386272856250e-01	8.619363925018230788e-02	2.000000000000000111e-01	1.199999999999999956e+00	8.895405825686998266e-03
2.600000000000000000e+02	-3.122848353626839300e-03	3.718635928883093356e-01	-3.450800782839964498e-01	2.000000000000000111e-01	1.199999999999999956e+00	7.907997935505658993e-03
2.610000000000000000e+02	-4.773500190350237274e-03	3.610667766212236618e-01	-9.946141251147544438e-02	2.000000000000000111e-01	1.199999999999999956e+00	7.737575827544076676e-03
2.620000000000000000e+02	-6.832661091038604896e-03	4.167394272683282996e-01	-2.898012349684950806e-01	2.000000000000000111e-01	1.199999999999999956e+00	6.544620067089780904e-03
2.630000000000000000e+02	-9.381486445993974903e-04	2.973124532146746435e-01	-3.650797203316828998e-01	2.000000000000000111e-01	1.199999999999999956e+00	3.418749333788305162e-03
2.640000000000000000e+02	-1.827023246853001304e-04	3.285401825856452129e-01	-1.554284524493589892e-01	2.000000000000000111e-01	1.199999999999999956e+00	2.740423404319757006e-03
2.650000000000000000e+02	-5.833076533475196716e-03	3.873626722033091108e-01	-5.272679793694070582e-01	2.000000000000000111e-01	1.199999999999999956e+00	2.656495919330152319e-02
2.660000000000000000e+02	1.650088055499416553e-03	1.948597369788005740e-01	2.068622539539459737e-01	2.000000000000000111e-01	1.199999999999999956e+00	1.344616705672302057e-02
2.670000000000000000e+02	-1.200600187864483970e-02	6.486015491155897594e-01	-5.327018251453052855e-01	2.000000000000000111e-01	1.199999999999999956e+00	8.443748260828359831e-03
2.680000000000000000e+02	-2.111293818262330486e-03	2.829392386173505414e-01	1.485491638311051688e-01	2.000000000000000111e-01	1.199999999999999956e+00	1.281984163028623315e-02
2.690000000000000000e+02	-1.843085539069855630e-02	7.133042138733196591e-01	-9.557819834677987458e-01	2.000000000000000111e-01	1.199999999999999956e+00	4.961503556075295106e-03
2.700000000000000000e+02	-1.586434711242500073e-03	2.491118143078511482e-01	1.736248640981941094e-01	2.000000000000000111e-01	1.199999999999999956e+00	1.507058054258887236e-03
2.710000000000000000e+02	-5.568316885639587946e-03	4.786378885642690872e-01	-1.008923202857054946e-01	2.000000000000000111e-01	1.199999999999999956e+00	1.206530349426648829e-02
2.720000000000000000e+02	1.839653304820903883e-03	4.997183954076691442e-02	6.529212793222993749e-01	2.000000000000000111e-01	1.199999999999999956e+00	2.257383196169607253e-02
2.730000000000000000e+02	-7.120800208641045459e-03	4.692011199082696260e-01	-5.801444483795039631e-01	2.000000000000000111e-01	1.199999999999999956e+00	9.031731827471385990e-03
2.740000000000000000e+02	1.077229555758421999e-03	1.779796243700737246e-01	1.904197502833375744e-01	2.000000000000000111e-01	1.199999999999999956e+00	4.147627524097425265e-03
2.750000000000000000e+02	-1.399785842697587671e-03	2.908685733108024585e-01	-5.522637431506094430e-02	2.000000000000000111e-01	1.199999999999999956e+00	4.664993720706450339e-03
2.760000000000000000e+02	1.439889406973646809e-03	1.625478157692517578e-01	3.473266863186750264e-01	2.000000000000000111e-01	1.199999999999999956e+00	1.371988144325564374e-02
2.770000000000000000e+02	-4.245772649232061428e-03	3.345000947847678874e-01	-5.408632579574268462e-01	2.000000000000000111e-01	1.199999999999999956e+00	6.091167408913560066e-02
2.780000000000000000e+02	-5.125541629389760448e-05	2.003408968848685023e-01	2.550363794745842405e-01	2.000000000000000111e-01	1.199999999999999956e+00	5.837537788400787644e-03
2.790000000000000000e+02	-3.479674037307311629e-04	2.817879708105689440e-01	1.797439406305634257e-01	2.000000000000000111e-01	1.199999999999999956e+00	1.187599389208180735e-02
2.800000000000000000e+02	1.374920984109643347e-03	7.471739960143612691e-02	5.199250047714862877e-01	2.000000000000000111e-01	1.199999999999999956e+00	5.029458959978855628e-03
2.810000000000000000e+02	-1.463509635870192103e-04	2.049303469529236976e-01	1.965476161993833237e-01	2.000000000000000111e-01	1.199999999999999956e+00	6.060124314066663367e-03
2.820000000000000000e+02	7.086898691072559750e-04	3.710224463964443831e-01	-3.427096091460732907e-01	2.000000000000000111e-01	1.199999999999999956e+00	7.240798646846837057e-03
2.830000000000000000e+02	-1.971207168071888432e-03	2.906707059207631616e-01	-7.572465466850442084e-02	2.000000000000000111e-01	1.199999999999999956e+00	7.567318625566697363e-03
2.840000000000000000e+02	8.707302299101191611e-04	2.747368394901648081e-01	9.151252777099116997e-02	2.000000000000000111e-01	1.199999999999999956e+00	1.022239490785629805e-02
2.850000000000000000e+02	-1.366331410708181149e-03	2.629159167814844045e-01	1.209341534231711535e-01	2.000000000000000111e-01	1.199999999999999956e+00	9.882158140654240253e-03
2.860000000000000000e+02	-3.287369634236212215e-03	4.171919546986174732e-01	-9.305294226466642726e-02	2.000000000000000111e-01	1.199999999999999956e+00	6.821996811647953150e-03
2.870000000000000000e+02	-5.751943084416088516e-04	2.362047570999176727e-01	2.439374339081235021e-01	2.000000000000000111e-01	1.199999999999999956e+00	6.529112922282327876e-03
2.880000000000000000e+02	-2.504341987439296334e-03	3.195022145292024662e-01	3.777766448538777411e-02	2.000000000000000111e-01	1.199999999999999956e+00	1.172909934910623328e-02
2.890000000000000000e+02	9.799979895897239970e-04	1.046736183804723580e-01	4.502674923651852623e-01	2.000000000000000111e-01	1.199999999999999956e+00	7.008130461065998316e-03
2.900000000000000000e+02	1.517678063763147872e-04	1.548044582036709194e-01	2.272999887291642374e-01	2.000000000000000111e-01	1.199999999999999956e+00	5.016942074570810393e-03
2.910000000000000000e+02	-5.352231910585062910e-03	4.082108728119149266e-01	-1.815715274119158451e-01	2.000000000000000111e-01	1.199999999999999956e+00	8.087793916765733879e-03
2.920000000000000000e+02	1.065307214098264654e-03	9.987585239725044195e-02	3.893382240987035559e-01	2.000000000000000111e-01	1.199999999999999956e+00	1.626202130101339410e-03
2.930000000000000000e+02	-1.525203691764577627e-03	3.041954614907069199e-01	1.456813847231259729e-01	2.000000000000000111e-01	1.199999999999999956e+00	7.905974306683606970e-03
2.940000000000000000e+02	3.891497982589690006e-04	1.114503657573426981e-01	5.784163045489547628e-01	2.000000000000000111e-01	1.199999999999999956e+00	1.584540987256596867e-02
2.950000000000000000e+02	-2.692044569087804974e-04	2.274812340939798005e-01	1.672538321427219365e-01	2.000000000000000111e-01	1.199999999999999956e+00	3.267648647503877506e-03
2.960000000000000000e+02	-6.315303018980674647e-05	1.332317718458231881e-01	4.178138556498569578e-01	2.000000000000000111e-01	1.199999999999999956e+00	5.239945586237861400e-03
2.970000000000000000e+02	-5.882451853734847269e-04	1.990697294909397341e-01	1.689478482111326230e-01	2.000000000000000111e-01	1.199999999999999956e+00	7.063578980501697240e-03
2.980000000000000000e+02	4.607804636733573486e-04	1.203654475777083538e-01	2.170773298647978855e-01	2.000000000000000111e-01	1.199999999999999956e+00	8.209417677095883371e-04
2.990000000000000000e+02	2.495759405370635235e-04	2.210956692193895290e-01	6.371034799017616379e-02	2.000000000000000111e-01	1.199999999999999956e+00	5.074121320737245804e-03
3.000000000000000000e+02	-2.621899526795733355e-03	3.694803740294305139e-01	7.052455535556578781e-02	2.000000000000000111e-01	1.199999999999999956e+00	8.842348158760992075e-03
3.010000000000000000e+02	-2.916390313894475124e-03	3.679770770036328575e-01	-1.529063651259328083e-01	2.000000000000000111e-01	1.199999999999999956e+00	6.117504076042047829e-03
3.020000000000000000e+02	1.073606801704988590e-03	1.776836554907540722e-01	1.692318692063810026e-01	2.000000000000000111e-01	1.199999999999999956e+00	2.414674420582938168e-03
3.030000000000000000e+02	1.034946173535122057e-04	1.200310888718191388e-01	4.864595610209110355e-01	2.000000000000000111e-01	1.199999999999999956e+00	5.617839307561738570e-03
3.040000000000000000e+02	2.492116128947167997e-04	1.785391728253475641e-01	2.878566473737205200e-01	2.000000000000000111e-01	1.199999999999999956e+00	9.158675998631637255e-03
3.050000000000000000e+02	-6.008950839338419829e-03	6.236416130714365069e-01	-7.641407559528534676e-01	2.000000000000000111e-01	1.199999999999999956e+00	6.611317900804456436e-03
3.060000000000000000e+02	-9.537139376213534317e-03	5.686275292330478237e-01	-3.873834734335925845e-01	2.000000000000000111e-01	1.199999999999999956e+00	1.008072917912732243e-02
3.070000000000000000e+02	-6.016013084407864772e-04	2.438683649535382802e-01	8.442300929848256530e-02	2.000000000000000111e-01	1.199999999999999956e+00	9.839412943906047579e-03
3.080000000000000000e+02	3.930088781789402405e-04	2.779816741451412443e-01	2.190711451347864269e-01	2.000000000000000111e-01	1.199999999999999956e+00	1.086828336540811464e-02
3.090000000000000000e+02	-1.278712996525746678e-03	2.878666096703262900e-01	1.226062729970607279e-01	2.000000000000000111e-01	1.199999999999999956e+00	6.219839177173445630e-03
3.100000000000000000e+02	4.494506477623977044e-04	1.620915089008756194e-01	4.259612528131686560e-01	2.000000000000000111e-01	1.199999999999999956e+00	1.004332977823277698e-02
3.110000000000000000e+02	1.181091717775583543e-03	1.196976101254141611e-01	4.269161249982214024e-01	2.000000000000000111e-01	1.199999999999999956e+00	8.189531251257528566e-03
3.120000000000000000e+02	-1.873324595134536266e-03	2.853503345597312446e-01	-4.134956491719243843e-03	2.000000000000000111e-01	1.199999999999999956e+00	7.842015949771555597e-03
3.130000000000000000e+02	7.575803314726407139e-03	2.580135058644206780e-01	-2.464940385838421122e-02	2.000000000000000111e-01	1.199999999999999956e+00	1.178586443441410891e-02
3.140000000000000000e+02	-6.755999220563433348e-03	4.737736589754746319e-01	-2.067144008296120106e-01	2.000000000000000111e-01	1.199999999999999956e+00	9.319080876648119099e-03
3.150000000000000000e+02	-2.771158623005220284e-02	8.537610023273360937e-01	-2.227281466212041039e+00	2.000000000000000111e-01	1.199999999999999956e+00	2.437862027235704054e-01
3.160000000000000000e+02	2.202633433611194541e-03	6.892095605707770911e-02	5.122522358129304454e-01	2.000000000000000111e-01	1.199999999999999956e+00	4.253657444915960942e-03
3.170000000000000000e+02	1.271593475701152196e-03	2.080584891519526303e-01	3.818013398419703996e-01	2.000000000000000111e-01	1.199999999999999956e+00	8.850265774511140507e-03
3.180000000000000000e+02	9.181925353865082054e-04	1.500976882384857380e-01	3.767078705826940599e-01	2.000000000000000111e-01	1.199999999999999956e+00	4.937997291716650361e-03
3.190000000000000000e+02	-1.071076137059909011e-03	1.813464494276478545e-01	3.303872162154366521e-01	2.000000000000000111e-01	1.199999999999999956e+00	1.091415231640555442e-02
3.200000000000000000e+02	-8.727805497735441559e-05	1.818714959094094585e-01	1.715528506344616844e-01	2.000000000000000111e-01	1.199999999999999956e+00	3.874368089994559110e-03
3.210000000000000000e+02	-6.437216919452570449e-04	1.820423087212617030e-01	2.666363612189455168e-01	2.000000000000000111e-01	1.199999999999999956e+00	2.542491672472672621e-03
3.220000000000000000e+02	-2.134433961088454471e-02	8.176958459433629756e-01	-8.650722256397953558e-01	2.000000000000000111e-01	1.199999999999999956e+00	9.442634046091941125e-03
3.230000000000000000e+02	-1.537284221674683690e-03	2.089672758826781329e-01	3.499166866650407215e-01	2.000000000000000111e-01	1.199999999999999956e+00	7.084860210624342736e-03
3.240000000000000000e+02	-1.932972227198229013e-03	2.202814895412805729e-01	3.440365879417583983e-02	2.000000000000000111e-01	1.199999999999999956e+00	7.572032308391181410e-02
3.250000000000000000e+02	3.345018915701557065e-03	2.294829602845836480e-01	-3.184433130442867466e-01	2.000000000000000111e-01	1.199999999999999956e+00	5.975308893402845982e-03
3.260000000000000000e+02	-5.744675381265236481e-04	1.548806273912923248e-01	4.055179872717902256e-01	2.000000000000000111e-01	1.199999999999999956e+00	9.815361929793138193e-03
3.270000000000000000e+02	3.315506024001522984e-05	3.312536754318104459e-01	-1.890198700164202883e-01	2.000000000000000111e-01	1.199999999999999956e+00	7.836923159043695727e-03
3.280000000000000000e+02	-1.727168385242451283e-03	2.178530599766941855e-01	3.601562104509463680e-01	2.000000000000000111e-01	1.199999999999999956e+00	5.986410631961430404e-03
3.290000000000000000e+02	1.920786586422174773e-03	3.792887352289623926e-01	-4.577086127892426859e-01	2.000000000000000111e-01	1.199999999999999956e+00	4.148547738801527593e-03
3.300000000000000000e+02	-1.880521327947433114e-03	3.421028323716288622e-01	-7.107127349807562666e-02	2.000000000000000111e-01	1.199999999999999956e+00	6.957698393928053379e-03
3.310000000000000000e+02	-1.179561944420579045e-03	2.542108686658979266e-01	1.159147107249944852e-01	2.000000000000000111e-01	1.199999999999999956e+00	1.349912001433381178e-02
3.320000000000000000e+02	6.551813863439378671e-04	2.561668064043345350e-01	-1.213972670898688655e-01	2.000000000000000111e-01	1.199999999999999956e+00	3.392340982908706015e-03
3.330000000000000000e+02	-7.311291842920752656e-04	1.586403668871394224e-01	4.508631743822477667e-01	2.000000000000000111e-01	1.199999999999999956e+00	7.665122381218776940e-03
3.340000000000000000e+02	2.708149454428143525e-03	1.668415933252188899e-01	3.210736290437421481e-01	2.000000000000000111e-01	1.199999999999999956e+00	8.063227228054550139e-03
3.350000000000000000e+02	-2.749867830508373467e-03	4.268764313739413785e-01	-3.000952118367825605e-01	2.000000000000000111e-01	1.199999999999999956e+00	9.961395536782083684e-03
3.360000000000000000e+02	-8.939841032584911786e-04	2.115256302469571414e-01	2.861781013488804426e-01	2.000000000000000111e-01	1.199999999999999956e+00	4.851290302868603750e-03
3.370000000000000000e+02	-1.915050560197943978e-04	2.054561457391201329e-01	2.738936691341846696e-01	2.000000000000000111e-01	1.199999999999999956e+00	3.521864564759040299e-03
3.380000000000000000e+02	6.777757345955688715e-04	2.370069234849447593e-01	1.640003465170365438e-01	2.000000000000000111e-01	1.199999999999999956e+00	7.477788510230037877e-03
3.390000000000000000e+02	-6.029054235493336690e-04	1.308639595198607120e-01	5.038927591083135482e-01	2.000000000000000111e-01	1.199999999999999956e+00	3.882650317981650723e-02
3.400000000000000000e+02	4.934574219371132102e-03	2.105306455970796242e-01	-2.337365733617779995e-02	2.000000000000000111e-01	1.199999999999999956e+00	3.069608538282131687e-03
3.410000000000000000e+02	-1.421509920166539806e-03	1.940706454460921770e-01	3.275413522314671866e-01	2.000000000000000111e-01	1.199999999999999956e+00	4.565150815528326751e-03
3.420000000000000000e+02	9.097513615193826651e-04	9.646362002965491733e-02	5.329132953972237630e-01	2.000000000000000111e-01	1.199999999999999956e+00	1.035011182235448697e-02
3.430000000000000000e+02	-3.464438250933905188e-04	3.094226271713664267e-01	-1.121630640502231380e-01	2.000000000000000111e-01	1.199999999999999956e+00	1.323980999573585830e-02
3.440000000000000000e+02	2.087687021069838111e-03	1.463547569991229536e-01	3.188987630005049034e-01	2.000000000000000111e-01	1.199999999999999956e+00	7.118123875853663539e-03
3.450000000000000000e+02	1.945306583976430309e-03	1.262765980413999012e-01	3.901796493561779933e-01	2.000000000000000111e-01	1.199999999999999956e+00	6.340115425208876256e-03
3.460000000000000000e+02	-1.197425324879942184e-03	2.432738816127666404e-01	2.324557886021847430e-01	2.000000000000000111e-01	1.199999999999999956e+00	1.064576599178010917e-02
3.470000000000000000e+02	-1.036211527466981627e-02	7.074867162444637980e-01	-1.147356480823025215e+00	2.000000000000000111e-01	1.199999999999999956e+00	4.024637964088180128e-03
3.480000000000000000e+02	1.053771550216505174e-03	1.755370077347374047e-01	2.377911495757207838e-01	2.000000000000000111e-01	1.199999999999999956e+00	5.289245696180880883e-03
3.490000000000000000e+02	1.214715431336305541e-03	1.350068533214405508e-01	3.409118686891239314e-01	2.000000000000000111e-01	1.199999999999999956e+00	7.566989522319648130e-03
3.500000000000000000e+02	3.031446992628028525e-03	1.870240229320830339e-01	-8.216162099308110811e-02	2.000000000000000111e-01	1.199999999999999956e+00	5.852649335228319628e-03
3.510000000000000000e+02	2.106587519476459829e-04	1.367296853636071063e-01	3.459312153175684301e-01	2.000000000000000111e-01	1.199999999999999956e+00	3.534945028497406532e-03
3.520000000000000000e+02	1.626195020226690370e-04	2.029059181149123758e-01	1.290775798329821811e-01	2.000000000000000111e-01	1.199999999999999956e+00	1.330134187466078775e-02
3.530000000000000000e+02	-5.213887976865238388e-04	1.519171726557918545e-01	3.202356720061807493e-01	2.000000000000000111e-01	1.199999999999999956e+00	7.968723692215634244e-03
3.540000000000000000e+02	5.266939800859880144e-04	1.990574286960211936e-01	3.041612901751533649e-01	2.000000000000000111e-01	1.199999999999999956e+00	1.372344184542851134e-02
3.550000000000000000e+02	-9.454995685527116736e-04	3.971583464779747108e-01	-8.016494529691167159e-01	2.000000000000000111e-01	1.199999999999999956e+00	1.693080148197800621e-03
3.560000000000000000e+02	-2.033728962725211292e-04	2.754600026471613616e-01	1.565999859607440925e-01	2.000000000000000111e-01	1.199999999999999956e+00	9.480859726442606925e-03
3.570000000000000000e+02	4.066451022405400025e-04	1.344286450892128448e-01	4.860268421004971806e-01	2.000000000000000111e-01	1.199999999999999956e+00	1.337959216849278661e-02
3.580000000000000000e+02	-1.165326054891473477e-03	1.820090965030178587e-01	4.378492107989879756e-01	2.000000000000000111e-01	1.199999999999999956e+00	7.452991436245866644e-03
3.590000000000000000e+02	8.297727289200231005e-03	4.218224228136644438e-01	-4.707565886603277683e-01	2.000000000000000111e-01	1.199999999999999956e+00	4.332042529204274510e-03
3.600000000000000000e+02	-4.383529922913617649e-03	3.590549515701462746e-01	-2.629919553397641607e-01	2.000000000000000111e-01	1.199999999999999956e+00	4.844486291806201876e-03
3.610000000000000000e+02	-1.400751656414288802e-03	2.366725714511002943e-01	8.073175106643137866e-02	2.000000000000000111e-01	1.199999999999999956e+00	1.414380105530252093e-03
3.620000000000000000e+02	-3.283154910736430648e-02	1.078127519609975327e+00	-1.418807483675160519e+00	2.000000000000000111e-01	1.199999999999999956e+00	1.059660745524008789e-02
3.630000000000000000e+02	-8.402483956710166471e-03	5.157115682809120250e-01	-2.851215629204073565e-01	2.000000000000000111e-01	1.199999999999999956e+00	9.432628424462416797e-03
3.640000000000000000e+02	1.703520025951888025e-03	2.211539624543144844e-01	1.417608142251536307e-01	2.000000000000000111e-01	1.199999999999999956e+00	4.786098564848725867e-03
3.650000000000000000e+02	-3.241454331955538853e-04	1.383209893040619476e-01	4.907359775046469252e-01	2.000000000000000111e-01	1.199999999999999956e+00	1.888807914648066300e-02
3.660000000000000000e+02	-5.185593602758047744e-04	1.694442440606093725e-01	3.521274033943999626e-01	2.000000000000000111e-01	1.199999999999999956e+00	9.982805607405387249e-03
3.670000000000000000e+02	1.483588819704692455e-03	2.251122739844642617e-01	2.468438516989586162e-01	2.000000000000000111e-01	1.199999999999999956e+00	4.337141534957692814e-03
3.680000000000000000e+02	1.202452155615537288e-03	6.497408118047866277e-02	5.682067942512822878e-01	2.000000000000000111e-01	1.199999999999999956e+00	9.153199379272020791e-03
3.690000000000000000e+02	-1.671061607287154535e-03	3.006764269572247961e-01	-8.118326586474111650e-02	2.000000000000000111e-01	1.199999999999999956e+00	3.665136683414217840e-03
3.700000000000000000e+02	-1.103183215902696286e-04	2.033881908604355249e-01	2.389737659015032101e-01	2.000000000000000111e-01	1.199999999999999956e+00	6.892467412627006559e-03
3.710000000000000000e+02	-9.224778304385733083e-03	5.416027021306927258e-01	-5.807960162716447883e-01	2.000000000000000111e-01	1.199999999999999956e+00	1.097100786455104497e-02
3.720000000000000000e+02	-2.197416862502874629e-02	8.581081290268560702e-01	-1.153244753422305813e+00	2.000000000000000111e-01	1.199999999999999956e+00	1.030509733368163185e-02
3.730000000000000000e+02	1.287220681649221170e-03	1.691123751976848222e-01	2.406145647718958003e-01	2.000000000000000111e-01	1.199999999999999956e+00	6.170121173462254742e-03
3.740000000000000000e+02	2.127596022968988518e-03	4.330158113862851432e-01	-8.552209608296954535e-01	2.000000000000000111e-01	1.199999999999999956e+00	3.245137820584278847e-03
3.750000000000000000e+02	-2.187476268311390297e-03	3.106308331226232955e-01	-3.157716694375345412e-02	2.000000000000000111e-01	1.199999999999999956e+00	1.113884515264389717e-02
3.760000000000000000e+02	1.813837809695025222e-04	1.151076313071302537e-01	4.849345715118555944e-01	2.000000000000000111e-01	1.199999999999999956e+00	9.849126437964376285e-03
3.770000000000000000e+02	4.381576264198770699e-04	6.004349067139772705e-02	5.437986673479922040e-01	2.000000000000000111e-01	1.199999999999999956e+00	4.569688944437781154e-03
3.780000000000000000e+02	-1.950291252950643768e-03	2.286284899445498453e-01	1.624743554673280244e-01	2.000000000000000111e-01	1.199999999999999956e+00	2.249540386686142701e-03
3.790000000000000000e+02	-8.745267413221316196e-05	3.371066889744047113e-01	-5.161350321874973446e-01	2.000000000000000111e-01	1.199999999999999956e+00	3.791883790061043296e-03
3.800000000000000000e+02	-2.100196921870247160e-02	8.198602138622500535e-01	-1.549988405372674904e+00	2.000000000000000111e-01	1.199999999999999956e+00	8.618494834770524388e-03
3.810000000000000000e+02	1.769785903993301938e-03	1.509025715935812528e-01	3.347219239745382602e-01	2.000000000000000111e-01	1.199999999999999956e+00	8.592231998142605548e-03
3.820000000000000000e+02	-3.203580604261255542e-04	1.554129643899530566e-01	3.723308966973064571e-01	2.000000000000000111e-01	1.199999999999999956e+00	6.547068837905308143e-03
3.830000000000000000e+02	-4.334793668829162172e-03	4.157096782216579411e-01	-5.082872181340798434e-01	2.000000000000000111e-01	1.199999999999999956e+00	6.989433477311503447e-03
