0.000000000000000000e+00	-5.227824608692860711e-03	3.349026624672753472e-01	-3.850533351351046463e-01	2.000000000000000111e-01	1.199999999999999956e+00	7.727165937127726363e-03
1.000000000000000000e+00	-3.397101103077060152e-04	2.693945032211400581e-01	2.254255407136973588e-02	2.000000000000000111e-01	1.199999999999999956e+00	5.095907901617001759e-03
2.000000000000000000e+00	1.548308985810775869e-03	8.666023512430104381e-02	5.425853826757898180e-01	2.000000000000000111e-01	1.199999999999999956e+00	1.524718118701576253e-02
3.000000000000000000e+00	3.432047553388800957e-04	1.456747610427528428e-01	3.280579814414283923e-01	2.000000000000000111e-01	1.199999999999999956e+00	6.408345678595624324e-03
4.000000000000000000e+00	4.368629273462555510e-04	1.307748908273342336e-01	2.473583811706054902e-01	2.769230769230768829e-01	1.199999999999999956e+00	7.075404967769469361e-04
5.000000000000000000e+00	6.483442041064559373e-04	8.745734028313310870e-02	4.573124201286891122e-01	2.000000000000000111e-01	1.199999999999999956e+00	3.914715875586213811e-03
6.000000000000000000e+00	-5.723938881883029956e-04	1.985273471027890202e-01	9.938419193904568516e-02	2.000000000000000111e-01	1.199999999999999956e+00	2.831435144232845921e-03
7.000000000000000000e+00	7.766952042488459076e-04	2.623588711791376427e-01	-1.996644446085946711e-01	2.769230769230768829e-01	1.199999999999999956e+00	2.420784419966325648e-03
8.000000000000000000e+00	-8.649285869917500711e-04	1.910549501258312355e-01	2.911293997139838829e-01	2.000000000000000111e-01	1.199999999999999956e+00	6.540013210762566156e-03
9.000000000000000000e+00	-7.560283572801699192e-04	3.247237688294116742e-01	3.195771735348351683e-03	2.000000000000000111e-01	1.199999999999999956e+00	4.078354790170149111e-03
1.000000000000000000e+01	-1.196899767425313585e-03	2.305082202239454592e-01	9.276374961885824888e-02	2.000000000000000111e-01	1.199999999999999956e+00	7.416863513654670982e-03
1.100000000000000000e+01	-2.169050924821385330e-03	2.284621191995064304e-01	-4.687210738795322129e-02	2.769230769230768829e-01	1.199999999999999956e+00	1.077916728559552475e-03
1.200000000000000000e+01	8.602329315613336386e-03	-1.234964756830869703e-01	1.558849948896977811e+00	2.000000000000000111e-01	1.199999999999999956e+00	5.532532657370337753e-02
1.300000000000000000e+01	5.683335774157950634e-05	1.652679033284711052e-01	2.375978140409209516e-01	2.000000000000000111e-01	1.199999999999999956e+00	5.313900854404346626e-03
1.400000000000000000e+01	-5.468994194816906122e-03	4.571319425832337524e-01	-5.355344139380369128e-01	2.000000000000000111e-01	1.199999999999999956e+00	6.543634646840220705e-03
1.500000000000000000e+01	-1.484831482048201961e-03	1.751800804696592995e-01	1.628670450263332015e-01	2.000000000000000111e-01	1.199999999999999956e+00	1.553925230408005663e-03
1.600000000000000000e+01	-1.219568222646151600e-03	2.324462533941339670e-01	2.273586076034401771e-01	2.000000000000000111e-01	1.199999999999999956e+00	4.854295072184661684e-03
1.700000000000000000e+01	1.511930781177767960e-03	2.442774652004337313e-02	7.509181390721524352e-01	2.000000000000000111e-01	1.199999999999999956e+00	1.387340027295154953e-02
1.800000000000000000e+01	1.948372950100752115e-04	1.433170798607018570e-01	2.414679516478765997e-01	2.322580645161289870e-01	1.199999999999999956e+00	1.264572065974124216e-03
1.900000000000000000e+01	-1.314536570187064060e-03	2.687016065468394443e-01	6.339369426106955530e-02	2.000000000000000111e-01	1.199999999999999956e+00	5.865823216696595607e-03
2.000000000000000000e+01	1.271839452410526228e-03	1.382463419717113451e-01	3.431704212957096267e-01	2.000000000000000111e-01	1.199999999999999956e+00	4.116362700934320280e-03
2.100000000000000000e+01	-1.723973705458504719e-03	1.791939769359319756e-01	-1.206697310587010463e-01	2.322580645161289870e-01	1.199999999999999956e+00	5.320675182050327301e-02
2.200000000000000000e+01	-4.428022711318433833e-04	8.784702289718748780e-02	4.058796788320830906e-01	2.769230769230768829e-01	1.199999999999999956e+00	6.544705525044843160e-03
2.300000000000000000e+01	-7.665889104924006716e-04	1.192790630091396104e-01	1.224323753101419499e-01	2.000000000000000111e-01	1.199999999999999956e+00	1.205046327284819557e-01
2.400000000000000000e+01	1.034258789655128101e-03	1.625557460808011445e-01	3.094696835061099272e-01	2.000000000000000111e-01	1.199999999999999956e+00	1.114464894580506280e-02
2.500000000000000000e+01	2.182917629953448711e-04	7.154093793916503630e-02	6.938076457045190271e-01	2.769230769230768829e-01	1.199999999999999956e+00	4.271103493581132615e-02
2.600000000000000000e+01	-1.025935425714271515e-03	1.540898023866425770e-01	3.133093158527668898e-01	2.769230769230768829e-01	1.199999999999999956e+00	4.058912052092781067e-03
2.700000000000000000e+01	-3.426171456999122129e-03	2.436464833724603929e-01	-2.851612171386044281e-01	2.000000000000000111e-01	1.199999999999999956e+00	3.393676273080914463e-01
2.800000000000000000e+01	9.131354851147934198e-04	1.552478655677517472e-01	3.734699907650842476e-01	2.000000000000000111e-01	1.199999999999999956e+00	1.059082515926558325e-02
2.900000000000000000e+01	-8.832338219314454092e-04	1.253060821004576830e-01	4.196993117179808053e-01	2.000000000000000111e-01	1.199999999999999956e+00	1.616342459674396659e-01
3.000000000000000000e+01	-1.751189649508845092e-04	3.234876257425577384e-01	-1.014424408447762715e-01	2.000000000000000111e-01	1.199999999999999956e+00	6.047760720896004465e-03
3.100000000000000000e+01	4.247953361216689648e-04	1.352764820874312879e-01	4.663445240070287490e-01	2.000000000000000111e-01	1.199999999999999956e+00	9.316258615093830908e-03
3.200000000000000000e+01	2.287528220156454309e-03	1.909541142805541436e-01	3.294970519603466208e-01	2.000000000000000111e-01	1.199999999999999956e+00	1.454663729222285644e-02
3.300000000000000000e+01	3.444600378178536582e-03	9.164651223343049657e-02	5.592505250940080774e-01	2.000000000000000111e-01	1.199999999999999956e+00	1.293598050996765288e-02
3.400000000000000000e+01	3.892872789160190124e-04	9.467020973983224230e-02	5.640613033657442266e-01	2.000000000000000111e-01	1.199999999999999956e+00	9.251138582414648523e-03
3.500000000000000000e+01	2.600460308736687008e-03	8.161181024303477971e-02	6.079694896312861641e-01	2.000000000000000111e-01	1.199999999999999956e+00	1.330422342319840731e-02
3.600000000000000000e+01	8.531809497321713115e-04	1.252604542716294900e-01	3.360322799637938118e-01	2.322580645161289870e-01	1.199999999999999956e+00	3.655872011039557837e-03
3.700000000000000000e+01	-4.712090517769411055e-03	3.149984958053489437e-01	-2.369434739203644114e-01	2.000000000000000111e-01	1.199999999999999956e+00	4.189824785639668751e-03
3.800000000000000000e+01	1.335020438544705671e-03	3.092963456599922556e-01	-2.711487987744809480e-01	2.000000000000000111e-01	1.199999999999999956e+00	6.252374563479231803e-03
3.900000000000000000e+01	-2.921660501246234809e-04	2.749757363602829408e-01	-1.559367793583863460e-01	2.000000000000000111e-01	1.199999999999999956e+00	3.985870826487255235e-03
4.000000000000000000e+01	-8.782066064514496874e-04	1.689892370633452323e-01	1.135612826576992695e-01	2.769230769230768829e-01	1.199999999999999956e+00	1.922659838568567840e-03
4.100000000000000000e+01	5.163027806465164335e-03	1.468293396647818438e-01	3.078427175975164687e-01	2.322580645161289870e-01	1.199999999999999956e+00	3.879672222265829681e-03
4.200000000000000000e+01	-1.786653574325113751e-03	2.019662013883450624e-01	-1.939577489341015593e-02	2.000000000000000111e-01	1.199999999999999956e+00	1.351405465452591714e-02
4.300000000000000000e+01	-3.732081155940300435e-04	2.597781766480883880e-01	3.403337033428099900e-02	2.000000000000000111e-01	1.199999999999999956e+00	9.104072033208520515e-03
4.400000000000000000e+01	4.046866983590242765e-03	1.663166190104107545e-01	3.099540291294133887e-01	2.000000000000000111e-01	1.199999999999999956e+00	9.361428050183905406e-03
4.500000000000000000e+01	2.123067594249365610e-03	3.926557973394796675e-02	7.513546916973574685e-01	2.000000000000000111e-01	1.199999999999999956e+00	3.036867487298339219e-01
4.600000000000000000e+01	1.006012616229417242e-03	7.874023794493086037e-02	5.471903561487829748e-01	2.000000000000000111e-01	1.199999999999999956e+00	4.425590074451303708e-03
4.700000000000000000e+01	-1.288850790716820059e-04	1.484204615059684651e-01	1.849755102218364478e-01	2.769230769230768829e-01	1.199999999999999956e+00	2.096036903415473412e-03
4.800000000000000000e+01	2.256533651119115892e-03	2.383053922694270410e-01	-1.785636689681711076e-01	2.000000000000000111e-01	1.199999999999999956e+00	5.580596333005899065e-03
4.900000000000000000e+01	9.726343701983373698e-04	7.349149055187149948e-02	5.107782670699820837e-01	2.000000000000000111e-01	1.199999999999999956e+00	1.444724488378277757e-02
5.000000000000000000e+01	2.858158821000672252e-04	1.240852956042100275e-01	4.161067633751760475e-01	2.000000000000000111e-01	1.199999999999999956e+00	4.840051767426281105e-03
5.100000000000000000e+01	-7.287985829614550097e-03	3.948048687129158685e-01	-6.151914987501596599e-01	2.000000000000000111e-01	1.199999999999999956e+00	3.719077446860456077e-02
5.200000000000000000e+01	-5.050982934754731819e-03	3.369408206571033459e-01	-5.892494199279889600e-01	2.000000000000000111e-01	1.199999999999999956e+00	1.428014930953385581e-02
5.300000000000000000e+01	8.312323133553165206e-04	3.353531745185692192e-02	9.213603085321773190e-01	2.000000000000000111e-01	1.199999999999999956e+00	8.999010259063654205e-02
5.400000000000000000e+01	-1.501224239787013123e-02	7.435366857515979255e-01	-1.281168582350622032e+00	2.000000000000000111e-01	1.199999999999999956e+00	8.378199639104090199e-03
5.500000000000000000e+01	6.004088069754722054e-04	1.404572224720087026e-01	3.304889935966848213e-01	2.322580645161289870e-01	1.199999999999999956e+00	2.466427779122827655e-03
5.600000000000000000e+01	-8.324507555825330510e-04	1.355790758971416876e-01	4.364578534956349287e-01	2.000000000000000111e-01	1.199999999999999956e+00	8.755387065111032430e-02
5.700000000000000000e+01	-6.008138263273480374e-06	4.065799529501908094e-02	8.989448824352925804e-01	2.000000000000000111e-01	1.199999999999999956e+00	1.026770714259966355e-01
5.800000000000000000e+01	-1.669644439819324049e-04	2.200748200858867187e-01	2.584319886244550446e-01	2.000000000000000111e-01	1.199999999999999956e+00	8.697285154765824200e-03
5.900000000000000000e+01	-7.128773058223165796e-04	1.528409092091044807e-01	4.608045191279313002e-01	2.000000000000000111e-01	1.199999999999999956e+00	2.179341041380661592e-01
6.000000000000000000e+01	-5.503295599661346682e-04	9.962583923546890208e-02	5.712467684331410389e-01	2.769230769230768829e-01	1.199999999999999956e+00	1.023667385598326512e-01
6.100000000000000000e+01	-1.167025668874379415e-03	2.352161094808223885e-01	-6.293533145708529730e-02	2.322580645161289870e-01	1.199999999999999956e+00	1.705788597280570888e-03
6.200000000000000000e+01	-8.480906559458213341e-04	3.064898676943805800e-01	-2.572890168377615083e-01	2.000000000000000111e-01	1.199999999999999956e+00	3.884591551921221138e-03
6.300000000000000000e+01	-4.100402053764054143e-04	1.174279974980134561e-01	6.139708081358787872e-01	2.000000000000000111e-01	1.199999999999999956e+00	1.392327801147874022e-01
6.400000000000000000e+01	-8.472550063036675405e-03	4.909835063339598737e-01	-4.583773355016020901e-01	2.000000000000000111e-01	1.199999999999999956e+00	1.158857258073668801e-02
6.500000000000000000e+01	-1.966785934640872917e-03	2.975892501355293929e-01	-1.385791423799354050e-03	2.000000000000000111e-01	1.199999999999999956e+00	6.331533349070950396e-03
6.600000000000000000e+01	3.706260416452775326e-03	1.439690828900599406e-01	1.335855061929254184e-01	2.000000000000000111e-01	1.199999999999999956e+00	5.919853737779296951e-03
6.700000000000000000e+01	-3.286617986011905511e-04	1.897774701320589230e-01	2.680190274689207008e-01	2.000000000000000111e-01	1.199999999999999956e+00	6.457583455728465628e-03
6.800000000000000000e+01	8.312837093080283069e-03	3.218965808178949617e-01	-1.880974341874628308e-01	2.000000000000000111e-01	1.199999999999999956e+00	8.580006102585165453e-03
6.900000000000000000e+01	-1.124171688191274564e-03	2.094667423562028841e-01	2.881204243957933286e-01	2.000000000000000111e-01	1.199999999999999956e+00	1.296455208365914977e-02
7.000000000000000000e+01	-6.703535319599993763e-05	1.533000755773372970e-01	3.130991226781238979e-01	2.000000000000000111e-01	1.199999999999999956e+00	1.284410945614357195e-02
7.100000000000000000e+01	-2.063726255576251584e-02	9.425367124647937578e-01	-1.762341086505896826e+00	2.000000000000000111e-01	1.199999999999999956e+00	5.349399874039478288e-03
7.200000000000000000e+01	-1.491415880877777029e-03	3.232377060166735094e-01	-1.250408813263899077e-01	2.000000000000000111e-01	1.199999999999999956e+00	1.486123241190091641e-02
7.300000000000000000e+01	1.644085180475331935e-03	1.497947326970702764e-01	1.793320871648567127e-01	2.000000000000000111e-01	1.199999999999999956e+00	4.264916542511446897e-03
7.400000000000000000e+01	1.295652107922273984e-03	9.732561234210192203e-02	4.626173144487695232e-01	2.000000000000000111e-01	1.199999999999999956e+00	6.953880538665015328e-03
7.500000000000000000e+01	1.808238317068793519e-03	8.800960266809731980e-02	4.457957034502160187e-01	2.000000000000000111e-01	1.199999999999999956e+00	2.643075396487299528e-03
7.600000000000000000e+01	-3.449264047853167536e-05	1.748656050387236149e-01	3.572508560555949231e-01	2.000000000000000111e-01	1.199999999999999956e+00	2.423470876481328973e-03
7.700000000000000000e+01	1.792846705261968467e-03	4.906789340343983147e-02	6.340198422564238268e-01	2.000000000000000111e-01	1.199999999999999956e+00	5.271161338312457811e-03
7.800000000000000000e+01	-3.031422303798411971e-03	3.694876352126089114e-01	-1.322053875160644765e-02	2.000000000000000111e-01	1.199999999999999956e+00	1.111953941176284204e-02
7.900000000000000000e+01	1.091307116104798456e-04	2.960244854603182874e-01	-1.382533614608232320e-01	2.000000000000000111e-01	1.199999999999999956e+00	9.398318734958815285e-03
8.000000000000000000e+01	-3.307632190611551248e-05	2.753187868385281734e-01	-1.006188082482215584e-01	2.000000000000000111e-01	1.199999999999999956e+00	3.507405371125617548e-03
8.100000000000000000e+01	-5.336063966535139515e-03	4.157346841141665861e-01	-8.106747794807365182e-01	2.000000000000000111e-01	1.199999999999999956e+00	7.080125303458586865e-03
8.200000000000000000e+01	1.295266279079648709e-03	2.690409631946236724e-01	1.190130724810645191e-02	2.000000000000000111e-01	1.199999999999999956e+00	4.729186087848497380e-03
8.300000000000000000e+01	-5.727279231725117227e-05	1.838740461541315263e-01	2.887944457059563597e-01	2.000000000000000111e-01	1.199999999999999956e+00	9.481642820757892401e-03
8.400000000000000000e+01	8.919146093297924049e-04	1.184550807990551596e-01	4.366016727629582483e-01	2.000000000000000111e-01	1.199999999999999956e+00	1.055073039796412294e-02
8.500000000000000000e+01	-3.059899621207832717e-04	8.195033786635959328e-02	1.546114178145998608e-01	2.000000000000000111e-01	1.199999999999999956e+00	3.069745395869471344e-02
8.600000000000000000e+01	2.398299444480488714e-04	5.731147112880953520e-02	5.269511841121419238e-01	2.000000000000000111e-01	1.199999999999999956e+00	4.720030137475343668e-03
8.700000000000000000e+01	-2.442243242726634556e-03	3.379842818127368753e-01	-1.102048591357602803e-01	2.000000000000000111e-01	1.199999999999999956e+00	1.025213133448461822e-02
8.800000000000000000e+01	2.836089371538580688e-03	1.495503564324373036e-01	1.974882350175706236e-01	2.000000000000000111e-01	1.199999999999999956e+00	3.502863194935358811e-03
8.900000000000000000e+01	-3.993020110760996111e-02	1.089508925292987707e+00	-3.153079147817912542e+00	2.000000000000000111e-01	1.199999999999999956e+00	1.645675222698460838e-01
9.000000000000000000e+01	1.094748494049767773e-04	1.621599947426553556e-01	2.853196548255296783e-01	2.000000000000000111e-01	1.199999999999999956e+00	4.763067758078763994e-03
9.100000000000000000e+01	2.836685093959415475e-04	1.621020712134300656e-01	3.306849116437038383e-01	2.000000000000000111e-01	1.199999999999999956e+00	1.053997689635803939e-02
9.200000000000000000e+01	2.346490589652569351e-04	1.800928948103078520e-01	3.388588427417937865e-02	2.000000000000000111e-01	1.199999999999999956e+00	3.896187020113594558e-03
9.300000000000000000e+01	-2.813684457934047343e-04	1.509617323008894951e-01	4.469312807299150592e-01	2.000000000000000111e-01	1.199999999999999956e+00	1.257812684203195482e-02
9.400000000000000000e+01	-1.186681454492394001e-04	1.691887272347443738e-01	2.777312146118404712e-01	2.000000000000000111e-01	1.199999999999999956e+00	4.384929296014227970e-03
9.500000000000000000e+01	-6.942628719383628355e-04	1.955173227203512720e-01	2.140772690194507888e-01	2.000000000000000111e-01	1.199999999999999956e+00	9.483737713793303006e-03
9.600000000000000000e+01	-1.067562921254202679e-03	4.089928618557444051e-01	-6.699484664547057378e-01	2.000000000000000111e-01	1.199999999999999956e+00	2.540561144534874295e-03
9.700000000000000000e+01	9.123110820076582600e-06	1.386800842746322704e-01	3.263150502159777311e-01	2.000000000000000111e-01	1.199999999999999956e+00	9.983644262538766620e-03
9.800000000000000000e+01	1.429753364243943788e-03	1.143489027370832578e-01	3.996010423285070168e-01	2.000000000000000111e-01	1.199999999999999956e+00	5.146823514447036209e-03
9.900000000000000000e+01	3.012554084401420935e-03	8.829487079251323312e-02	4.939195883921627672e-01	2.000000000000000111e-01	1.199999999999999956e+00	6.500080192929406052e-03
1.000000000000000000e+02	-1.278829202732831381e-03	2.087570926183078268e-01	3.562882299695786514e-01	2.000000000000000111e-01	1.199999999999999956e+00	1.526767760361604290e-02
1.010000000000000000e+02	2.218397993160339116e-03	1.269409645025777189e-01	3.964676288552859695e-01	2.000000000000000111e-01	1.199999999999999956e+00	4.494108644718533899e-03
1.020000000000000000e+02	1.076230556186484957e-02	3.385522152790274714e-02	5.835557590830701136e-01	2.000000000000000111e-01	1.199999999999999956e+00	1.910607062366123654e-02
1.030000000000000000e+02	-2.363766172160784056e-04	1.058352037881901131e-01	4.171287835597228266e-01	2.000000000000000111e-01	1.199999999999999956e+00	3.886851405664793618e-03
1.040000000000000000e+02	7.422086194121053264e-04	3.265158174838814764e-01	-3.651563913303190745e-01	2.000000000000000111e-01	1.199999999999999956e+00	6.080866310874372127e-03
1.050000000000000000e+02	1.401554497562807963e-03	1.613394063733791239e-01	2.321920645427550944e-01	2.000000000000000111e-01	1.199999999999999956e+00	4.485118524174985279e-03
1.060000000000000000e+02	6.991727476728832073e-04	6.262014870204749006e-02	6.150910099913633466e-01	2.000000000000000111e-01	1.199999999999999956e+00	5.191848968942926537e-03
1.070000000000000000e+02	9.701499391592527648e-04	1.944956633701792614e-01	2.533368821983503771e-01	2.000000000000000111e-01	1.199999999999999956e+00	1.158016941691969448e-02
1.080000000000000000e+02	3.327018577403588213e-03	8.556882791953408784e-02	2.605710627646322664e-01	2.000000000000000111e-01	1.199999999999999956e+00	3.373360085261561427e-03
1.090000000000000000e+02	-3.022970796005462757e-03	4.623650761656735164e-01	-5.915097827794539853e-01	2.000000000000000111e-01	1.199999999999999956e+00	8.148781312364619320e-03
1.100000000000000000e+02	-8.944534688926801319e-04	1.664775844843193187e-01	3.275852479780017035e-01	2.000000000000000111e-01	1.199999999999999956e+00	4.140316070419327275e-03
1.110000000000000000e+02	1.516318198804503465e-03	1.339625233242211777e-01	2.437228434062537197e-01	2.000000000000000111e-01	1.199999999999999956e+00	8.478233153328861710e-03
1.120000000000000000e+02	4.700452485625915603e-04	3.308438008588318602e-01	-4.833900943242390724e-01	2.000000000000000111e-01	1.199999999999999956e+00	4.756908372938579120e-03
1.130000000000000000e+02	1.330185790481002057e-03	9.215803376240956635e-02	4.747953393540291778e-01	2.000000000000000111e-01	1.199999999999999956e+00	5.722122433949148809e-03
1.140000000000000000e+02	-3.466786985083536790e-03	3.918978274571922049e-01	-3.926687323156627940e-01	2.000000000000000111e-01	1.199999999999999956e+00	4.071116548496971424e-03
1.150000000000000000e+02	9.785416070391633834e-04	1.331226606574674176e-01	2.305739704877569629e-01	2.000000000000000111e-01	1.199999999999999956e+00	4.121970179502860467e-03
1.160000000000000000e+02	-2.469146739103586681e-03	3.723396238862368701e-01	-3.700950844992503264e-01	2.000000000000000111e-01	1.199999999999999956e+00	5.863654360695620335e-03
1.170000000000000000e+02	3.579381636004435501e-04	5.476285360999134932e-02	6.192084372542847603e-01	2.000000000000000111e-01	1.199999999999999956e+00	6.722926034537619021e-03
1.180000000000000000e+02	8.561849986418630654e-04	1.490926906224706305e-01	4.467956860842434708e-01	2.000000000000000111e-01	1.199999999999999956e+00	1.899017344525995646e-02
1.190000000000000000e+02	1.990690235901564596e-03	1.272482106950766079e-01	3.275128334246000250e-01	2.000000000000000111e-01	1.199999999999999956e+00	5.752140307264694795e-03
1.200000000000000000e+02	1.544602457697745977e-03	1.362712863174454225e-01	3.956048838937680223e-01	2.000000000000000111e-01	1.199999999999999956e+00	1.147889087314042135e-02
1.210000000000000000e+02	4.515249534928147826e-04	9.177857246257985213e-02	5.071663349875357163e-01	2.000000000000000111e-01	1.199999999999999956e+00	6.088151114789636976e-03
1.220000000000000000e+02	1.184987067403568380e-03	1.372349368991448992e-01	3.748552665456683641e-01	2.000000000000000111e-01	1.199999999999999956e+00	5.993017764353513431e-03
1.230000000000000000e+02	4.456482176569706122e-04	1.078659303597399588e-01	1.940928264017260929e-01	2.000000000000000111e-01	1.199999999999999956e+00	1.736989544556461536e-03
1.240000000000000000e+02	-8.031757312090756766e-05	1.614633315642816647e-01	2.900371921672864062e-01	2.000000000000000111e-01	1.199999999999999956e+00	6.611097750716931135e-03
1.250000000000000000e+02	-3.428745651938717998e-02	1.186002433076601914e+00	-2.158787606924293279e+00	2.000000000000000111e-01	1.199999999999999956e+00	4.919697741760598909e-03
1.260000000000000000e+02	-7.362890475903144177e-05	2.263847969920211034e-01	-5.343782140440778150e-02	2.000000000000000111e-01	1.199999999999999956e+00	6.782244070465228043e-03
1.270000000000000000e+02	-5.971766160461261345e-03	4.162438553489512527e-01	-3.200230769395693287e-01	2.000000000000000111e-01	1.199999999999999956e+00	1.121104298081175392e-02
1.280000000000000000e+02	2.532222569080502111e-03	2.943561964086494620e-01	-3.919013263787731738e-01	2.000000000000000111e-01	1.199999999999999956e+00	4.623877200837141384e-03
1.290000000000000000e+02	-9.478186931266582502e-03	6.176258643326802966e-01	-1.322349352795254340e+00	2.000000000000000111e-01	1.199999999999999956e+00	7.924529405578455837e-03
1.300000000000000000e+02	9.180148736566502623e-04	1.626386474897383860e-01	2.045736400935136423e-01	2.000000000000000111e-01	1.199999999999999956e+00	2.009310681688239539e-03
1.310000000000000000e+02	1.520753286327794279e-03	1.505835390228294213e-01	2.888802697614032411e-01	2.000000000000000111e-01	1.199999999999999956e+00	2.960655984500506262e-03
1.320000000000000000e+02	8.047715921325589161e-03	4.801558831380097203e-01	-9.963168806206561534e-01	2.000000000000000111e-01	1.199999999999999956e+00	5.575620392228068482e-03
1.330000000000000000e+02	4.809221606425659497e-03	3.792539341174609446e-01	-2.440992482485322412e-01	2.000000000000000111e-01	1.199999999999999956e+00	5.755814697990032681e-03
1.340000000000000000e+02	-2.404575083361451364e-03	2.793441691488016132e-01	1.259342380193011479e-01	2.000000000000000111e-01	1.199999999999999956e+00	6.052020685304421686e-03
1.350000000000000000e+02	8.171779273060029124e-04	7.008052233257855423e-02	5.486166829243186438e-01	2.000000000000000111e-01	1.199999999999999956e+00	8.875159148376535537e-03
1.360000000000000000e+02	-6.527347579712151730e-03	6.391643012349454978e-01	-1.225031599087139433e+00	2.000000000000000111e-01	1.199999999999999956e+00	6.877599229409169478e-03
1.370000000000000000e+02	-1.262857261230319753e-03	2.808287684918899796e-01	-4.120553297570195284e-01	2.000000000000000111e-01	1.199999999999999956e+00	2.862585176811351974e-03
1.380000000000000000e+02	5.821824768883332836e-04	1.091219514832033333e-01	3.702858335687366775e-01	2.000000000000000111e-01	1.199999999999999956e+00	4.411287495571385858e-03
1.390000000000000000e+02	-2.738219250689896862e-03	3.373795693526943640e-01	-1.641346003065686787e-01	2.000000000000000111e-01	1.199999999999999956e+00	6.658649087901202801e-03
1.400000000000000000e+02	-8.936461175374683236e-03	6.898756672419056324e-01	-1.224107837237361274e+00	2.000000000000000111e-01	1.199999999999999956e+00	7.455405637152636225e-03
1.410000000000000000e+02	-1.904465744636294616e-03	2.709005247124500193e-01	-1.359664937948670271e-01	2.000000000000000111e-01	1.199999999999999956e+00	5.511047101341253786e-03
1.420000000000000000e+02	-3.257017344017992659e-04	1.655684779921282324e-01	3.926782153853967117e-01	2.000000000000000111e-01	1.199999999999999956e+00	1.643917828003619436e-02
1.430000000000000000e+02	5.077237736515526154e-04	1.333266289624151224e-01	3.207779950317219964e-01	2.000000000000000111e-01	1.199999999999999956e+00	4.017053338485524795e-03
1.440000000000000000e+02	-7.609092563224981545e-05	1.333294863000811792e-01	3.936014407152073069e-01	2.000000000000000111e-01	1.199999999999999956e+00	6.653104541498899502e-03
1.450000000000000000e+02	1.808064866671098237e-03	6.689789523892204770e-02	6.011845409347411628e-01	2.000000000000000111e-01	1.199999999999999956e+00	1.260483922277864412e-02
1.460000000000000000e+02	8.102105610649231555e-04	8.192945820776455224e-02	5.377535585293000686e-01	2.000000000000000111e-01	1.199999999999999956e+00	8.642162171975479104e-03
1.470000000000000000e+02	-1.017751717406365576e-04	1.372068193373595646e-01	5.104152833080126683e-01	2.000000000000000111e-01	1.199999999999999956e+00	1.781141814592430289e-02
1.480000000000000000e+02	2.389544275692098881e-03	2.076611375921870450e-01	2.846109675901438152e-01	2.000000000000000111e-01	1.199999999999999956e+00	9.227291438063365409e-03
1.490000000000000000e+02	3.943542851807476952e-04	9.325502761881174218e-02	4.680521847197915974e-01	2.000000000000000111e-01	1.199999999999999956e+00	6.241302839197612230e-03
1.500000000000000000e+02	2.891150209462453342e-04	8.842283589372076924e-02	4.613557961436085542e-01	2.000000000000000111e-01	1.199999999999999956e+00	3.077928043795032879e-03
1.510000000000000000e+02	-5.258562055970302657e-03	5.362182427350999925e-01	-1.228627838696517038e+00	2.000000000000000111e-01	1.199999999999999956e+00	1.970464998878460744e-03
1.520000000000000000e+02	6.250539414156898498e-04	8.926396087114318867e-02	5.900932623381578424e-01	2.000000000000000111e-01	1.199999999999999956e+00	7.595086380131917288e-03
1.530000000000000000e+02	4.234882017395970007e-04	1.256163233618285968e-01	4.742429642895462649e-01	2.000000000000000111e-01	1.199999999999999956e+00	1.090863312884204385e-02
1.540000000000000000e+02	7.943777061644416741e-04	1.819594040706895011e-01	2.622008739609378303e-01	2.000000000000000111e-01	1.199999999999999956e+00	8.542320467562463521e-03
1.550000000000000000e+02	6.795975094972040755e-04	8.764260816350732952e-02	3.727597855662501125e-01	2.000000000000000111e-01	1.199999999999999956e+00	3.657428412233318989e-03
1.560000000000000000e+02	-1.358162177790266448e-03	2.814051362333447881e-01	-2.401089189868539364e-01	2.000000000000000111e-01	1.199999999999999956e+00	5.179400961393425609e-03
1.570000000000000000e+02	-1.054007914476965974e-03	3.931294242416271678e-01	-6.914183178898243298e-01	2.000000000000000111e-01	1.199999999999999956e+00	4.638495387075762359e-03
1.580000000000000000e+02	-2.047421414298756116e-03	2.691237960129413409e-01	1.349115964019391711e-01	2.000000000000000111e-01	1.199999999999999956e+00	9.084920576007840184e-03
1.590000000000000000e+02	4.041308717345579171e-03	2.477377791837936660e-01	-2.156266623985749753e-01	2.000000000000000111e-01	1.199999999999999956e+00	5.904242764458433705e-03
1.600000000000000000e+02	2.029044132543804738e-03	1.820152110363889020e-01	2.851232156718506161e-01	2.000000000000000111e-01	1.199999999999999956e+00	8.000139095515583151e-03
1.610000000000000000e+02	-3.631330614531613852e-03	4.265344649412852740e-01	-5.643685889890015517e-01	2.000000000000000111e-01	1.199999999999999956e+00	7.694931687631445180e-03
1.620000000000000000e+02	-5.765301870914898812e-04	1.399502201131450074e-01	3.085441082970916682e-01	2.000000000000000111e-01	1.199999999999999956e+00	4.549388162016982859e-03
1.630000000000000000e+02	1.095789443972965170e-03	1.852990937070903565e-01	2.861927438726192818e-01	2.000000000000000111e-01	1.199999999999999956e+00	1.402361550101593156e-02
1.640000000000000000e+02	-6.813679300167941504e-04	2.448447787000218590e-01	-5.950377733297695926e-02	2.000000000000000111e-01	1.199999999999999956e+00	8.285816680447324889e-03
1.650000000000000000e+02	-4.781137036317600376e-03	5.147710962004101720e-01	-7.808752484748708866e-01	2.000000000000000111e-01	1.199999999999999956e+00	8.160547319692040835e-03
1.660000000000000000e+02	1.019570723597613060e-03	2.428899341462572303e-01	1.347897131946984572e-02	2.000000000000000111e-01	1.199999999999999956e+00	5.711482070379736257e-03
1.670000000000000000e+02	-4.431038492593761778e-03	4.575443038979231103e-01	-5.072337804864925914e-01	2.000000000000000111e-01	1.199999999999999956e+00	9.233717770209126305e-03
1.680000000000000000e+02	2.710820214570721395e-04	1.604661948351489842e-01	-1.545129330814853930e-02	2.000000000000000111e-01	1.199999999999999956e+00	5.058589472338609686e-03
1.690000000000000000e+02	-5.879143757282479649e-03	4.922774933635277739e-01	-8.740194430839078876e-01	2.000000000000000111e-01	1.199999999999999956e+00	5.862396436721378432e-03
1.700000000000000000e+02	-5.467534417328610494e-03	5.283548142154086413e-01	-6.176109738769195445e-01	2.000000000000000111e-01	1.199999999999999956e+00	5.110611927169377011e-03
1.710000000000000000e+02	-2.899189588129845322e-04	2.433777214835183278e-01	4.373753159410975755e-02	2.000000000000000111e-01	1.199999999999999956e+00	3.334279385458870874e-03
1.720000000000000000e+02	2.313610560217919596e-03	1.081308532204348777e-01	3.788296005518974052e-01	2.000000000000000111e-01	1.199999999999999956e+00	6.452402529799767736e-03
1.730000000000000000e+02	2.693128292608163755e-03	1.388735725017523903e-01	2.710521077524083999e-01	2.000000000000000111e-01	1.199999999999999956e+00	3.059164729115689766e-03
1.740000000000000000e+02	2.388501955864812988e-03	1.559585781830087892e-01	2.187503659892668928e-01	2.000000000000000111e-01	1.199999999999999956e+00	3.903444596946940934e-03
1.750000000000000000e+02	5.896569713833055325e-04	1.452848151968550994e-01	3.852568694450826392e-01	2.000000000000000111e-01	1.199999999999999956e+00	4.258925056509599294e-03
1.760000000000000000e+02	5.304205631703497442e-04	1.634842097107087611e-01	2.723241431941101354e-01	2.000000000000000111e-01	1.199999999999999956e+00	6.253708639058761821e-03
1.770000000000000000e+02	-8.221018380985821092e-03	7.006847080388669546e-01	-1.001587845061268744e+00	2.000000000000000111e-01	1.199999999999999956e+00	3.780873119435534946e-03
1.780000000000000000e+02	-3.222957720207998093e-03	5.998464646991928939e-01	-1.247778900730418528e+00	2.000000000000000111e-01	1.199999999999999956e+00	5.155880725274655275e-03
1.790000000000000000e+02	5.822545342177564429e-04	1.428490804396123914e-01	4.439766414105621450e-01	2.000000000000000111e-01	1.199999999999999956e+00	4.058729647661786684e-03
1.800000000000000000e+02	-1.358397169361456186e-03	5.392604240032983220e-01	-1.364690143249846166e+00	2.000000000000000111e-01	1.199999999999999956e+00	7.922262721289076437e-03
1.810000000000000000e+02	9.960584159850499782e-04	6.096175733908460598e-02	6.317819544299454471e-01	2.000000000000000111e-01	1.199999999999999956e+00	4.665792064198402873e-03
1.820000000000000000e+02	-1.536779920956499483e-04	1.627406936141989058e-01	3.933505009011875053e-01	2.000000000000000111e-01	1.199999999999999956e+00	6.582208046887790508e-03
1.830000000000000000e+02	-8.868265711120803044e-03	6.448968047019093541e-01	-2.023451890728948044e+00	2.000000000000000111e-01	1.199999999999999956e+00	7.617023601290697464e-03
1.840000000000000000e+02	1.928236979291067402e-04	1.846057379713099411e-01	2.555066998939072853e-01	2.000000000000000111e-01	1.199999999999999956e+00	4.716174829450888242e-03
1.850000000000000000e+02	-2.000564779897974791e-04	3.891893041880706283e-01	-3.861857983126126825e-01	2.000000000000000111e-01	1.199999999999999956e+00	5.889719985149573754e-03
1.860000000000000000e+02	2.089807405172781907e-02	3.702970972473375588e-01	-9.244198530244678302e-01	2.000000000000000111e-01	1.199999999999999956e+00	4.961683731174918940e-03
1.870000000000000000e+02	-1.349882606684425952e-03	3.284652597737264812e-01	-1.990450316100664807e-01	2.000000000000000111e-01	1.199999999999999956e+00	4.181317104637890733e-03
1.880000000000000000e+02	1.513639462503525279e-03	9.971614322097920036e-02	3.577234359164367383e-01	2.000000000000000111e-01	1.199999999999999956e+00	4.105773764478226444e-03
1.890000000000000000e+02	-6.345939425612873164e-03	4.083815069877265169e-01	-2.210030803643565633e-01	2.000000000000000111e-01	1.199999999999999956e+00	7.246323899436834734e-03
1.900000000000000000e+02	1.446539957402776520e-04	1.405899425658025115e-01	3.221753212910716258e-01	2.000000000000000111e-01	1.199999999999999956e+00	4.462973187097366533e-03
1.910000000000000000e+02	7.314923934223034954e-03	1.427858104157466168e-01	2.103552962008583549e-01	2.000000000000000111e-01	1.199999999999999956e+00	1.257655438796348793e-02
1.920000000000000000e+02	1.752520193901858578e-03	7.928009591615264862e-02	5.377865333628517597e-01	2.000000000000000111e-01	1.199999999999999956e+00	4.939932848249782224e-03
1.930000000000000000e+02	-3.591981629415710690e-03	4.068868282480689325e-01	-2.690122367383169788e-01	2.000000000000000111e-01	1.199999999999999956e+00	7.820132530339436033e-03
1.940000000000000000e+02	-6.257102811644019852e-03	5.839859650903550525e-01	-7.832474720289761549e-01	2.000000000000000111e-01	1.199999999999999956e+00	4.761034417317587530e-03
1.950000000000000000e+02	3.205038809209131024e-03	3.549242041631454625e-01	5.347100218758749079e-02	2.000000000000000111e-01	1.199999999999999956e+00	9.381063823077306213e-03
1.960000000000000000e+02	-2.480831982640078863e-03	2.816909861085352129e-01	1.449936709592991591e-01	2.000000000000000111e-01	1.199999999999999956e+00	1.197362104638231318e-02
1.970000000000000000e+02	2.061072377044780111e-03	1.185654771021570075e-01	3.869822723767986083e-01	2.000000000000000111e-01	1.199999999999999956e+00	8.969641973398872342e-03
1.980000000000000000e+02	3.223943493417264460e-03	2.201966012538016104e-01	6.753935346032369225e-02	2.000000000000000111e-01	1.199999999999999956e+00	1.579103405529904683e-03
1.990000000000000000e+02	3.276570620477597603e-03	5.928969039533718566e-02	5.343170522269545808e-01	2.000000000000000111e-01	1.199999999999999956e+00	3.958217165244721537e-03
2.000000000000000000e+02	2.367283906551948067e-03	7.950341787604862931e-02	4.561424846228929741e-01	2.000000000000000111e-01	1.199999999999999956e+00	7.784105541213488452e-03
2.010000000000000000e+02	8.518066823855800990e-04	7.308236399108132553e-02	4.128994582596972052e-01	2.000000000000000111e-01	1.199999999999999956e+00	4.391922465312433910e-03
2.020000000000000000e+02	-4.816651305048639587e-04	1.820486810538048672e-01	3.321395055164617638e-01	2.000000000000000111e-01	1.199999999999999956e+00	1.239583592781818948e-02
2.030000000000000000e+02	-4.894929662251283446e-04	2.438988610178420002e-01	4.775507185834948487e-02	2.000000000000000111e-01	1.199999999999999956e+00	3.469737566948503417e-03
2.040000000000000000e+02	-4.750568739216902252e-03	4.844809817813293673e-01	-6.112975753216076669e-01	2.000000000000000111e-01	1.199999999999999956e+00	1.132171861078191781e-02
2.050000000000000000e+02	9.721141280707577175e-04	1.475581934818984975e-01	3.122663502915101752e-01	2.000000000000000111e-01	1.199999999999999956e+00	5.258741628188645136e-03
2.060000000000000000e+02	-2.440623531101990956e-02	8.805142790314456347e-01	-1.865149309936734667e+00	2.000000000000000111e-01	1.199999999999999956e+00	9.204838149744513573e-03
2.070000000000000000e+02	-9.293491169449866760e-04	2.774405042171160241e-01	-2.611357329262720128e-02	2.000000000000000111e-01	1.199999999999999956e+00	5.167773878500056192e-03
2.080000000000000000e+02	8.476711851885118058e-04	9.752219075565327078e-02	5.253883788179454228e-01	2.000000000000000111e-01	1.199999999999999956e+00	7.003267048264784182e-03
2.090000000000000000e+02	2.357718079881202747e-03	1.345589899630384445e-01	2.737548827865703416e-01	2.000000000000000111e-01	1.199999999999999956e+00	7.020562276050106541e-03
2.100000000000000000e+02	1.470624204958708662e-03	1.246273033080075449e-01	3.700131553857248790e-01	2.000000000000000111e-01	1.199999999999999956e+00	5.649202301039180432e-03
2.110000000000000000e+02	5.425142530476126553e-03	4.033660960927882289e-01	-4.579402726202665974e-01	2.000000000000000111e-01	1.199999999999999956e+00	4.340505242721918663e-03
2.120000000000000000e+02	-5.642818815175079314e-03	4.817039863849201242e-01	-5.928082268005532285e-01	2.000000000000000111e-01	1.199999999999999956e+00	1.031191191304912762e-02
2.130000000000000000e+02	-2.419824001217397113e-04	2.025961937664827739e-01	1.698346728504640524e-02	2.000000000000000111e-01	1.199999999999999956e+00	6.006466881954519201e-03
2.140000000000000000e+02	7.239331998839878971e-04	2.083057966303075437e-01	2.487596393937385741e-02	2.000000000000000111e-01	1.199999999999999956e+00	4.440253192914835924e-03
2.150000000000000000e+02	5.651552250789977768e-04	5.503274461837252829e-02	5.640218574108477601e-01	2.000000000000000111e-01	1.199999999999999956e+00	4.632098526861110586e-03
2.160000000000000000e+02	1.051211842219483420e-03	1.513620409920388432e-01	1.635869651099755018e-01	2.000000000000000111e-01	1.199999999999999956e+00	2.975124619590851279e-03
2.170000000000000000e+02	1.044321508527554883e-03	1.215001529908676658e-01	3.692332552042980609e-01	2.000000000000000111e-01	1.199999999999999956e+00	4.208660404522557297e-03
2.180000000000000000e+02	1.780890997787065895e-03	2.116455830974766916e-01	2.449071444947970022e-01	2.000000000000000111e-01	1.199999999999999956e+00	1.460211140554766758e-02
2.190000000000000000e+02	3.621906653833594295e-03	2.993661837764118316e-01	-8.697983288159960580e-02	2.000000000000000111e-01	1.199999999999999956e+00	3.718787862595473222e-03
2.200000000000000000e+02	-1.308746786412052620e-03	1.720969631752155282e-01	5.194545509571302233e-02	2.000000000000000111e-01	1.199999999999999956e+00	3.316793687132896934e-02
2.210000000000000000e+02	3.141219638322439393e-03	1.648253279078057409e-01	4.082131709046921131e-02	2.000000000000000111e-01	1.199999999999999956e+00	4.004647799687447406e-03
2.220000000000000000e+02	1.489303504515160749e-03	1.990056716344633936e-01	1.764985074767229101e-01	2.000000000000000111e-01	1.199999999999999956e+00	9.239241184949646343e-03
2.230000000000000000e+02	1.103299080701565082e-03	1.456487871501454534e-01	3.974239255902327628e-01	2.000000000000000111e-01	1.199999999999999956e+00	5.739517449708925016e-03
2.240000000000000000e+02	1.171267083954309141e-03	1.963761955277137372e-01	1.028707249452431860e-01	2.000000000000000111e-01	1.199999999999999956e+00	7.070418130144882907e-03
2.250000000000000000e+02	3.232908483860387136e-03	1.053443833384810763e-01	3.746727902301809632e-01	2.000000000000000111e-01	1.199999999999999956e+00	4.286177726569226180e-03
2.260000000000000000e+02	-5.648009263247770429e-04	1.058067275512236532e-01	2.648539622832943863e-01	2.000000000000000111e-01	1.199999999999999956e+00	2.039013970323493366e-02
2.270000000000000000e+02	-1.439198050697149643e-03	2.011363150454225368e-01	-1.958032663960400654e-01	2.000000000000000111e-01	1.199999999999999956e+00	4.239513354235556475e-02
2.280000000000000000e+02	1.043574452206146030e-03	9.096092461943110219e-02	3.668096456867631083e-01	2.000000000000000111e-01	1.199999999999999956e+00	6.129506879964788379e-03
2.290000000000000000e+02	-1.193092848762233871e-03	3.610337220606826270e-01	-2.222059320727360898e-01	2.000000000000000111e-01	1.199999999999999956e+00	9.708039963688417165e-03
2.300000000000000000e+02	3.562920517192437117e-04	1.311918744277766613e-01	4.040025454827627094e-01	2.000000000000000111e-01	1.199999999999999956e+00	5.509798769772203224e-03
2.310000000000000000e+02	9.071939589086532594e-04	1.130859302110500952e-01	4.034445561416859505e-01	2.000000000000000111e-01	1.199999999999999956e+00	1.277149777020078307e-02
2.320000000000000000e+02	4.980163761971899330e-04	8.785536701676198434e-02	4.070009004936707697e-01	2.000000000000000111e-01	1.199999999999999956e+00	7.968057886002600024e-03
2.330000000000000000e+02	2.427528306576350113e-04	1.155062885000784773e-01	3.867229671463103813e-01	2.000000000000000111e-01	1.199999999999999956e+00	4.712188542664105459e-03
2.340000000000000000e+02	-1.151146998839617901e-02	6.140505640659768005e-01	-9.293779078544410766e-01	2.000000000000000111e-01	1.199999999999999956e+00	7.956237336537120772e-03
2.350000000000000000e+02	-1.738161496932438886e-04	2.769930548077262911e-01	-6.151813237469694329e-02	2.000000000000000111e-01	1.199999999999999956e+00	4.201901268429118416e-03
2.360000000000000000e+02	1.813187304319672502e-03	1.193640679581378095e-01	4.084385656018292288e-01	2.000000000000000111e-01	1.199999999999999956e+00	8.953659488242992140e-03
2.370000000000000000e+02	1.249620381814892534e-03	1.527912493807408456e-01	2.165036590244930892e-01	2.000000000000000111e-01	1.199999999999999956e+00	3.009231238868136007e-03
2.380000000000000000e+02	5.071053665307376094e-04	8.980224819449060536e-02	5.661905003202445386e-01	2.000000000000000111e-01	1.199999999999999956e+00	6.359986026108549115e-03
2.390000000000000000e+02	1.632262747365719651e-04	1.282080099589469890e-01	4.201053888357475508e-01	2.000000000000000111e-01	1.199999999999999956e+00	5.462898119256555038e-03
2.400000000000000000e+02	-1.510213026781628614e-03	4.910963793290428758e-01	-1.087029059429709399e+00	2.000000000000000111e-01	1.199999999999999956e+00	3.809485631973595892e-03
2.410000000000000000e+02	5.489860838163396380e-03	2.704788622348666682e-01	-1.093816073492792640e-01	2.000000000000000111e-01	1.199999999999999956e+00	5.365545821498275865e-03
2.420000000000000000e+02	1.964676799134049568e-03	3.081733053893389029e-01	-2.665556728579403512e-01	2.000000000000000111e-01	1.199999999999999956e+00	6.652660166329946688e-03
2.430000000000000000e+02	-9.398586466676352516e-04	2.961390496232551572e-01	-2.977665392314836623e-01	2.000000000000000111e-01	1.199999999999999956e+00	3.783074947163719837e-03
2.440000000000000000e+02	1.810486803099262099e-04	2.195164977712083798e-01	-8.343711819522381390e-02	2.000000000000000111e-01	1.199999999999999956e+00	2.407834278594245519e-03
2.450000000000000000e+02	4.180795251425932762e-04	1.875729097743090990e-01	2.864143212619496559e-01	2.000000000000000111e-01	1.199999999999999956e+00	4.482824020926920623e-03
2.460000000000000000e+02	1.237691318118195813e-03	1.274237264875412723e-01	4.036593445263636504e-01	2.000000000000000111e-01	1.199999999999999956e+00	5.395409552336886613e-03
2.470000000000000000e+02	1.892363659941008512e-03	2.066510380903125166e-01	6.828097739977456726e-02	2.000000000000000111e-01	1.199999999999999956e+00	5.875385144613346801e-03
2.480000000000000000e+02	-9.516031197635849842e-03	6.565417151998045320e-01	-1.064168777889368478e+00	2.000000000000000111e-01	1.199999999999999956e+00	7.360135227749831435e-03
2.490000000000000000e+02	6.621823780410211052e-04	1.545424161397392360e-01	2.791973468069905984e-01	2.000000000000000111e-01	1.199999999999999956e+00	2.031093215810711190e-03
2.500000000000000000e+02	6.926270967558729747e-04	1.118514040039113172e-01	4.573983982367648693e-01	2.000000000000000111e-01	1.199999999999999956e+00	4.609638716378040325e-03
2.510000000000000000e+02	2.374376441926157651e-03	2.935742503065943421e-01	-2.367287127243873357e-01	2.000000000000000111e-01	1.199999999999999956e+00	1.046769529544780072e-02
2.520000000000000000e+02	-1.608976877876720454e-04	1.708755907255546103e-01	3.133519280591738898e-01	2.000000000000000111e-01	1.199999999999999956e+00	7.021355868910095742e-03
2.530000000000000000e+02	1.750392753614416017e-03	3.144819961305563294e-01	-3.357515410548330692e-01	2.000000000000000111e-01	1.199999999999999956e+00	4.956843089048609471e-03
2.540000000000000000e+02	7.279776687056276410e-04	5.245737294799721756e-02	5.979735374525996239e-01	2.000000000000000111e-01	1.199999999999999956e+00	3.635235370358376461e-03
2.550000000000000000e+02	1.988082302688507462e-03	1.322663870967907829e-01	3.170869821118365017e-01	2.000000000000000111e-01	1.199999999999999956e+00	5.435141816904348090e-03
2.560000000000000000e+02	3.145858581421625655e-04	2.086638060086667967e-01	2.827488190718097094e-01	2.000000000000000111e-01	1.199999999999999956e+00	1.167750681645197096e-02
2.570000000000000000e+02	1.532803498344827977e-03	1.894071865346479699e-01	1.371153659755561804e-01	2.000000000000000111e-01	1.199999999999999956e+00	4.425545473974711388e-03
2.580000000000000000e+02	6.750486375811947520e-03	3.213595930440573123e-01	-5.768549993729532588e-01	2.000000000000000111e-01	1.199999999999999956e+00	2.204477426248982984e-03
2.590000000000000000e+02	6.427355451450214282e-04	1.276288002658789444e-01	3.610021898763435821e-01	2.000000000000000111e-01	1.199999999999999956e+00	4.723176677053837411e-03
2.600000000000000000e+02	3.021240431802552171e-03	1.352505893224644484e-01	2.699870039310305891e-01	2.000000000000000111e-01	1.199999999999999956e+00	4.453245658695747025e-03
2.610000000000000000e+02	-1.148860034241738163e-03	3.190555237359598006e-01	-6.374961830037051413e-02	2.000000000000000111e-01	1.199999999999999956e+00	6.445013469580130293e-03
2.620000000000000000e+02	-6.265150003224033599e-03	4.448392289369180741e-01	-4.435282166634246792e-01	2.000000000000000111e-01	1.199999999999999956e+00	2.974928344998205732e-03
2.630000000000000000e+02	-2.275982339351418238e-03	4.836310264406160075e-01	-7.869066219725455724e-01	2.000000000000000111e-01	1.199999999999999956e+00	2.202912893187447627e-03
2.640000000000000000e+02	-3.792901469592884975e-03	3.653573148048817054e-01	-1.761639321593859719e-01	2.000000000000000111e-01	1.199999999999999956e+00	5.285948823514815750e-03
2.650000000000000000e+02	4.356696973508198496e-04	5.514703663701130826e-02	6.282209546834229830e-01	2.000000000000000111e-01	1.199999999999999956e+00	6.122911644945457262e-03
2.660000000000000000e+02	1.040599833845102249e-03	2.668901026700705170e-01	-1.421632877284300100e-01	2.000000000000000111e-01	1.199999999999999956e+00	1.954047190317633170e-03
2.670000000000000000e+02	8.660169901104787635e-05	2.108630475212253663e-01	-4.963357682444646812e-02	2.000000000000000111e-01	1.199999999999999956e+00	2.615471981033148669e-03
2.680000000000000000e+02	1.915794599639586752e-04	8.351951285684755533e-02	5.602156856713365052e-01	2.000000000000000111e-01	1.199999999999999956e+00	8.016846843211021187e-03
2.690000000000000000e+02	2.772705670428521059e-04	1.123717276263839493e-01	2.112527699591986163e-01	2.000000000000000111e-01	1.199999999999999956e+00	2.721412067260608851e-03
2.700000000000000000e+02	1.608211902167410237e-03	8.779545940525411429e-02	5.008246177107023023e-01	2.000000000000000111e-01	1.199999999999999956e+00	6.829832450718978723e-03
2.710000000000000000e+02	1.490516305763210864e-03	1.457055643628387132e-01	1.755179353755922378e-01	2.000000000000000111e-01	1.199999999999999956e+00	2.968734208245262830e-03
2.720000000000000000e+02	8.747398311505028348e-04	1.450150832399660916e-01	1.402301412510786882e-01	2.000000000000000111e-01	1.199999999999999956e+00	6.282993850440462581e-03
2.730000000000000000e+02	2.137012639392256354e-03	8.110530141192462406e-02	4.510863961161650781e-01	2.000000000000000111e-01	1.199999999999999956e+00	3.778447864727441010e-03
2.740000000000000000e+02	-1.924812226355686069e-03	2.537086031321960089e-01	9.541897320674852523e-02	2.000000000000000111e-01	1.199999999999999956e+00	5.463684908190468044e-03
2.750000000000000000e+02	1.133970872373804692e-03	1.046741107026116641e-01	2.607869598899341668e-01	2.000000000000000111e-01	1.199999999999999956e+00	8.308454624194413010e-03
2.760000000000000000e+02	5.833363105894392314e-05	9.557964193330410752e-02	5.053935210973130587e-01	2.000000000000000111e-01	1.199999999999999956e+00	5.145300506786612028e-03
2.770000000000000000e+02	1.592259834337338750e-03	1.597659690739152427e-01	2.638736928481426602e-01	2.000000000000000111e-01	1.199999999999999956e+00	4.186115217339343372e-03
2.780000000000000000e+02	1.919147712575874562e-03	2.628465297926807151e-02	6.704639088637793787e-01	2.000000000000000111e-01	1.199999999999999956e+00	6.548687419297999183e-03
2.790000000000000000e+02	3.980684446649932276e-03	1.161149452404063726e-01	2.897967352425458998e-01	2.000000000000000111e-01	1.199999999999999956e+00	2.718601790974323976e-03
2.800000000000000000e+02	1.480920958118849603e-03	1.522654678232990000e-01	3.852617902609902778e-01	2.000000000000000111e-01	1.199999999999999956e+00	7.310286962155532371e-03
2.810000000000000000e+02	1.154450366819513574e-03	1.462357188049533130e-01	1.882878234868958778e-01	2.000000000000000111e-01	1.199999999999999956e+00	2.517268909828681601e-03
2.820000000000000000e+02	5.576996606865638768e-04	1.431011811184086935e-01	4.412399560702180423e-01	2.000000000000000111e-01	1.199999999999999956e+00	1.337026887415015096e-02
2.830000000000000000e+02	-8.166194452711376516e-04	3.277199506847071064e-01	-1.135378651414065132e-02	2.000000000000000111e-01	1.199999999999999956e+00	8.969506391893190128e-03
2.840000000000000000e+02	3.325420547719526681e-04	2.499197848750124851e-01	6.269011715048167233e-02	2.000000000000000111e-01	1.199999999999999956e+00	7.751600383367842663e-03
2.850000000000000000e+02	2.412602197772489594e-03	2.450812127839639143e-01	1.009872753085496733e-01	2.000000000000000111e-01	1.199999999999999956e+00	6.261336185230503837e-03
2.860000000000000000e+02	6.950688668315763196e-04	1.311867333059779650e-01	2.579838791138957532e-01	2.000000000000000111e-01	1.199999999999999956e+00	2.509907030401301725e-03
2.870000000000000000e+02	2.739235303499242143e-04	1.394048757216881373e-01	3.739808112251958860e-01	2.000000000000000111e-01	1.199999999999999956e+00	5.788873075045345741e-03
2.880000000000000000e+02	1.976101879377308891e-03	1.585488327590993951e-01	3.427461306300583210e-01	2.000000000000000111e-01	1.199999999999999956e+00	8.426154214256388608e-03
2.890000000000000000e+02	-1.592712316200354074e-04	9.710446562979138663e-02	3.610615731701529718e-01	2.000000000000000111e-01	1.199999999999999956e+00	3.095058593625195364e-03
2.900000000000000000e+02	1.072925060866680800e-03	1.136984165894227988e-01	4.235146315270688078e-01	2.000000000000000111e-01	1.199999999999999956e+00	6.140018751571683052e-03
2.910000000000000000e+02	5.378463626399576951e-04	3.009154809386344054e-01	-3.078620166195502605e-01	2.000000000000000111e-01	1.199999999999999956e+00	2.735215457982004793e-03
2.920000000000000000e+02	-2.375023850998698638e-05	1.002344878179632220e-01	3.353187845778293763e-01	2.000000000000000111e-01	1.199999999999999956e+00	3.660487384893839919e-03
2.930000000000000000e+02	-1.683875453447351541e-03	2.114787147372586273e-01	-2.761178865540765415e-01	2.000000000000000111e-01	1.199999999999999956e+00	7.890342058674570253e-03
2.940000000000000000e+02	1.883892127370627087e-04	1.427356893911037039e-01	4.914908133021889114e-01	2.000000000000000111e-01	1.199999999999999956e+00	1.389907726486903743e-02
2.950000000000000000e+02	2.572039466990548801e-04	8.004669891198758214e-02	5.193564450879426531e-01	2.000000000000000111e-01	1.199999999999999956e+00	2.464249922765194938e-03
2.960000000000000000e+02	3.228574342198491662e-04	1.135187932626086638e-01	3.767044427663659434e-01	2.000000000000000111e-01	1.199999999999999956e+00	4.466192233139941285e-03
2.970000000000000000e+02	5.545556491218803577e-04	2.642450692790692668e-01	1.010099765352228118e-01	2.000000000000000111e-01	1.199999999999999956e+00	7.507994701222282970e-03
2.980000000000000000e+02	-1.348242443946594043e-03	2.582187580751717504e-01	8.084818152130957003e-02	2.000000000000000111e-01	1.199999999999999956e+00	6.350002892092663186e-03
2.990000000000000000e+02	2.591698723888384483e-03	1.394494585507849715e-01	2.457170374969370741e-01	2.000000000000000111e-01	1.199999999999999956e+00	3.414887370300521714e-03
3.000000000000000000e+02	-7.718590901003412504e-03	5.194962246114727122e-01	-5.001494705991067491e-01	2.000000000000000111e-01	1.199999999999999956e+00	6.877835837223547980e-03
3.010000000000000000e+02	3.350527294737565905e-04	2.000881920241246170e-01	1.312941525279631705e-01	2.000000000000000111e-01	1.199999999999999956e+00	5.888300214109463623e-03
3.020000000000000000e+02	-3.501035344805694845e-03	4.011344638171955301e-01	-4.664746299134279184e-01	2.000000000000000111e-01	1.199999999999999956e+00	5.252884243243117687e-03
3.030000000000000000e+02	1.618642541682548423e-03	1.169023532487355188e-01	4.898311568308142405e-01	2.000000000000000111e-01	1.199999999999999956e+00	6.768546659776210513e-03
3.040000000000000000e+02	5.182133379245506535e-04	1.726026450742996210e-01	3.050732840225687248e-01	2.000000000000000111e-01	1.199999999999999956e+00	5.463077871311664523e-03
3.050000000000000000e+02	-2.398282202197781312e-04	2.392633030318646881e-01	2.912705593019193628e-02	2.000000000000000111e-01	1.199999999999999956e+00	4.776360596322496918e-03
3.060000000000000000e+02	1.135023656522855806e-03	1.160244879340847635e-01	4.161431158152129051e-01	2.000000000000000111e-01	1.199999999999999956e+00	4.894695270449148441e-03
3.070000000000000000e+02	1.253230156749388351e-03	1.101846912654928651e-01	2.997071127825061687e-01	2.000000000000000111e-01	1.199999999999999956e+00	4.976484796207826869e-03
3.080000000000000000e+02	-4.303583777769001695e-03	3.999252398322556412e-01	-1.256037484116978575e-01	2.000000000000000111e-01	1.199999999999999956e+00	4.752593057365245635e-03
3.090000000000000000e+02	3.419070238495795777e-03	5.913720159476233001e-02	5.303684028013131435e-01	2.000000000000000111e-01	1.199999999999999956e+00	5.071300088135424246e-03
3.100000000000000000e+02	1.804385115025333155e-03	7.755864203289127012e-02	5.178336956498028609e-01	2.000000000000000111e-01	1.199999999999999956e+00	4.995966210264322568e-03
3.110000000000000000e+02	-4.995690823542043267e-03	4.957533878778808689e-01	-6.074106069717952749e-01	2.000000000000000111e-01	1.199999999999999956e+00	1.254034584687773769e-02
3.120000000000000000e+02	2.940882188460296545e-03	1.515856920186173518e-01	2.750256833335620321e-01	2.000000000000000111e-01	1.199999999999999956e+00	4.584609636168028753e-03
3.130000000000000000e+02	-1.887415283945541051e-03	2.822129561409260634e-01	1.338991261330590987e-01	2.000000000000000111e-01	1.199999999999999956e+00	7.789253013307525543e-03
3.140000000000000000e+02	-5.828127742479779485e-04	2.318903276873992836e-01	2.648840631493469822e-01	2.000000000000000111e-01	1.199999999999999956e+00	9.329643738627014030e-03
3.150000000000000000e+02	8.601318651019618363e-04	7.882731323590344563e-02	5.009569519615082456e-01	2.000000000000000111e-01	1.199999999999999956e+00	5.868485460106495112e-03
3.160000000000000000e+02	2.146169992117533381e-03	1.433908365098421345e-01	2.603894914025364216e-01	2.000000000000000111e-01	1.199999999999999956e+00	3.390187017464983688e-03
3.170000000000000000e+02	1.106591133755203396e-03	9.098176730823119562e-02	5.278866397219390549e-01	2.000000000000000111e-01	1.199999999999999956e+00	8.303979209479306692e-03
3.180000000000000000e+02	-4.168781654967593057e-03	3.446115299199399851e-01	-1.734056906716174851e-01	2.000000000000000111e-01	1.199999999999999956e+00	5.574691856024634531e-03
3.190000000000000000e+02	-2.203705117826875240e-03	3.521166401410900648e-01	-3.211680500490903256e-01	2.000000000000000111e-01	1.199999999999999956e+00	6.238871849828389084e-03
3.200000000000000000e+02	1.288837305850999617e-03	1.217211127010312532e-01	3.196097463518352555e-01	2.000000000000000111e-01	1.199999999999999956e+00	1.002170149205900730e-02
3.210000000000000000e+02	1.759377030706428188e-03	1.531243737570604224e-01	3.018585121399559590e-01	2.000000000000000111e-01	1.199999999999999956e+00	3.401174866066544733e-03
3.220000000000000000e+02	2.022841282008435316e-03	2.306977504570234816e-01	5.761187230433506556e-03	2.000000000000000111e-01	1.199999999999999956e+00	4.143551443755488610e-03
3.230000000000000000e+02	8.183557697653445317e-05	1.123983653012789186e-01	4.880891284839981026e-01	2.000000000000000111e-01	1.199999999999999956e+00	5.694202151892910346e-03
3.240000000000000000e+02	2.958369637323640449e-04	1.486246011022323010e-01	4.756662193144545192e-01	2.000000000000000111e-01	1.199999999999999956e+00	1.528293992603694910e-02
3.250000000000000000e+02	5.431824040609896549e-04	8.940721847376377485e-02	5.203374269819946996e-01	2.000000000000000111e-01	1.199999999999999956e+00	4.849105540162051628e-03
3.260000000000000000e+02	-7.636277958843481302e-04	2.562585163384016318e-01	-1.180379100791233427e-01	2.000000000000000111e-01	1.199999999999999956e+00	8.338188693705193832e-03
3.270000000000000000e+02	1.073157981712303204e-04	1.059188950153093084e-01	3.774724638286564016e-01	2.000000000000000111e-01	1.199999999999999956e+00	2.403421353320162827e-03
3.280000000000000000e+02	2.495505719144724965e-03	3.149481020424297895e-01	-3.606953362002967012e-01	2.000000000000000111e-01	1.199999999999999956e+00	4.204217384084165191e-03
3.290000000000000000e+02	-1.263370305230839181e-04	1.444157886834251392e-01	3.817637787347969436e-01	2.000000000000000111e-01	1.199999999999999956e+00	8.863954524523844775e-03
3.300000000000000000e+02	-3.054885754475075970e-03	3.099496983540460660e-01	-1.180605418363631642e-01	2.000000000000000111e-01	1.199999999999999956e+00	8.022171490883800438e-03
3.310000000000000000e+02	9.553430936806374570e-04	2.277827948866300578e-01	2.141887551547494439e-02	2.000000000000000111e-01	1.199999999999999956e+00	3.666653178113595674e-03
3.320000000000000000e+02	9.135433809904467154e-04	2.112399932979286132e-01	2.127304702934700309e-01	2.000000000000000111e-01	1.199999999999999956e+00	5.089455509862048956e-03
3.330000000000000000e+02	-5.797960514224706008e-04	1.622953802369490606e-01	3.718788997344346647e-01	2.000000000000000111e-01	1.199999999999999956e+00	8.574194588087145213e-03
3.340000000000000000e+02	8.155735887384783171e-04	8.396164842123693406e-02	4.480192300001806238e-01	2.000000000000000111e-01	1.199999999999999956e+00	7.305849330964277362e-03
3.350000000000000000e+02	2.129372116187724408e-03	2.329707332419320709e-01	-1.211530600154020476e-02	2.000000000000000111e-01	1.199999999999999956e+00	3.618021871407619584e-03
3.360000000000000000e+02	-3.913073892316516018e-04	2.166655402765527982e-01	1.020788485519159572e-01	2.000000000000000111e-01	1.199999999999999956e+00	6.183031677025602538e-03
3.370000000000000000e+02	5.468693590058290778e-06	1.548305504760035811e-01	3.384379005547173414e-01	2.000000000000000111e-01	1.199999999999999956e+00	3.848241808383772757e-03
3.380000000000000000e+02	-1.385489063404567785e-03	2.136601874371962251e-01	1.188390988294329986e-01	2.000000000000000111e-01	1.199999999999999956e+00	5.735076531293990983e-03
3.390000000000000000e+02	3.309061769624414839e-03	2.990713423610339983e-01	-2.365111229435865603e-01	2.000000000000000111e-01	1.199999999999999956e+00	1.105117375341627649e-02
3.400000000000000000e+02	1.100960896309015509e-03	3.051373655352561665e-01	-3.539713369537751397e-01	2.000000000000000111e-01	1.199999999999999956e+00	1.439254239370607374e-03
3.410000000000000000e+02	1.352564872023321978e-02	1.089352828694074155e-01	2.542696734150067250e-01	2.000000000000000111e-01	1.199999999999999956e+00	9.559144739579129163e-03
3.420000000000000000e+02	-1.029785186497629047e-03	1.959106818802268113e-01	3.345147936969561364e-01	2.000000000000000111e-01	1.199999999999999956e+00	7.141784349319764066e-03
3.430000000000000000e+02	2.320328033957542915e-03	1.160376230144067600e-01	3.228339507456872148e-01	2.000000000000000111e-01	1.199999999999999956e+00	5.532724604694277439e-03
3.440000000000000000e+02	3.086874383599218664e-03	1.323877032463271486e-01	1.971789969274468923e-01	2.000000000000000111e-01	1.199999999999999956e+00	1.142854863663523082e-02
3.450000000000000000e+02	-6.166530821836347818e-04	2.127341715743737705e-01	1.484261324002948967e-01	2.000000000000000111e-01	1.199999999999999956e+00	7.638446155136429001e-03
3.460000000000000000e+02	-1.407363624545552769e-04	2.255481346334066717e-01	1.037649190404268396e-01	2.000000000000000111e-01	1.199999999999999956e+00	7.364120850348407181e-03
3.470000000000000000e+02	6.210017744640395970e-04	1.855299918386436875e-01	2.560947782831188846e-01	2.000000000000000111e-01	1.199999999999999956e+00	9.864181153273612196e-03
3.480000000000000000e+02	-8.919091996149755650e-04	1.452884000289260125e-01	1.956758972292949039e-02	2.000000000000000111e-01	1.199999999999999956e+00	5.430482158512026786e-02
3.490000000000000000e+02	3.344021574249281779e-03	3.109401687854809748e-01	-5.432388301803161568e-01	2.000000000000000111e-01	1.199999999999999956e+00	2.212075611250176321e-03
3.500000000000000000e+02	-8.951043912444798210e-04	1.726860637917470298e-01	6.918974146138179293e-02	2.000000000000000111e-01	1.199999999999999956e+00	5.344075856956426174e-03
3.510000000000000000e+02	3.674559977973201972e-03	1.729204194751581825e-01	4.625258006517629639e-02	2.000000000000000111e-01	1.199999999999999956e+00	5.773634844039560177e-03
3.520000000000000000e+02	4.003662655236300285e-04	1.860227974118316419e-01	2.484853239157769345e-01	2.000000000000000111e-01	1.199999999999999956e+00	8.299721917794593284e-03
3.530000000000000000e+02	8.395064004763328229e-04	2.948668393488850237e-01	-1.173508657653448140e-01	2.000000000000000111e-01	1.199999999999999956e+00	6.841579837018558173e-03
3.540000000000000000e+02	9.170153657949518117e-04	6.836176505055793773e-02	6.140076566413492642e-01	2.000000000000000111e-01	1.199999999999999956e+00	7.799496347403096254e-03
3.550000000000000000e+02	3.093477779565537416e-04	1.199586487819035013e-01	4.294054301050551636e-01	2.000000000000000111e-01	1.199999999999999956e+00	5.065207589411839170e-03
3.560000000000000000e+02	1.322417641200754595e-03	2.181589225630446160e-01	1.878631335027809435e-01	2.000000000000000111e-01	1.199999999999999956e+00	8.507795533868524329e-03
3.570000000000000000e+02	-5.745663578087535119e-03	3.582346497970028687e-01	-2.715494699785727661e-01	2.000000000000000111e-01	1.199999999999999956e+00	6.133117255257171385e-02
3.580000000000000000e+02	4.070644211766819140e-04	2.963810425216422129e-01	-8.790016602407613178e-02	2.000000000000000111e-01	1.199999999999999956e+00	7.823454139066326682e-03
3.590000000000000000e+02	6.228425124858940785e-04	1.756791817496235475e-01	2.523746279853913421e-01	2.000000000000000111e-01	1.199999999999999956e+00	4.514223895999609944e-03
3.600000000000000000e+02	-7.831841600768467177e-05	2.076272361037012903e-01	2.295038201186341276e-01	2.000000000000000111e-01	1.199999999999999956e+00	6.788904920796365490e-03
3.610000000000000000e+02	-4.401142840393996070e-04	2.564120986479658804e-01	1.378510486543094160e-02	2.000000000000000111e-01	1.199999999999999956e+00	9.772156653396228340e-03
3.620000000000000000e+02	-2.494778562548323041e-03	2.993393134326282068e-01	6.459236052042705012e-02	2.000000000000000111e-01	1.199999999999999956e+00	5.402982061264024853e-03
3.630000000000000000e+02	-1.494605621096993693e-03	4.389633901293608642e-01	-6.421375481398658991e-01	2.000000000000000111e-01	1.199999999999999956e+00	5.736346478671372311e-03
3.640000000000000000e+02	6.576017389199167442e-04	1.590345537592884329e-01	2.697303758670641649e-01	2.000000000000000111e-01	1.199999999999999956e+00	4.353301238445453879e-03
3.650000000000000000e+02	3.212969658350167223e-04	9.102598903028240318e-02	4.681679741661795013e-01	2.000000000000000111e-01	1.199999999999999956e+00	3.236446181712191762e-03
3.660000000000000000e+02	1.550110161170563166e-03	1.328678173299216447e-01	3.767768069997399216e-01	2.000000000000000111e-01	1.199999999999999956e+00	5.298187031700247671e-03
3.670000000000000000e+02	2.791317993730056332e-03	1.410100450971151498e-01	3.474207053740583362e-01	2.000000000000000111e-01	1.199999999999999956e+00	4.723029927017466378e-03
3.680000000000000000e+02	-8.597961595595778094e-04	4.560304731248048249e-01	-6.041553128266494710e-01	2.000000000000000111e-01	1.199999999999999956e+00	1.798693040078108013e-02
3.690000000000000000e+02	5.674652313249885314e-04	9.193870514214129430e-02	5.171015585553111471e-01	2.000000000000000111e-01	1.199999999999999956e+00	4.693275532959201302e-03
3.700000000000000000e+02	1.005829194528416346e-03	1.668154163016199731e-01	3.135284935310900245e-01	2.000000000000000111e-01	1.199999999999999956e+00	9.741747250525664703e-03
3.710000000000000000e+02	9.180952128979026064e-04	1.749616157342101519e-01	2.103213596593485057e-01	2.000000000000000111e-01	1.199999999999999956e+00	4.163679403485296381e-03
3.720000000000000000e+02	1.340833294795416202e-03	1.152933670224611518e-01	3.895703553680078812e-01	2.000000000000000111e-01	1.199999999999999956e+00	7.131974304845737321e-03
3.730000000000000000e+02	1.806592953091224309e-03	7.914107035605556784e-02	5.790827202100834459e-01	2.000000000000000111e-01	1.199999999999999956e+00	2.434145118710642416e-02
3.740000000000000000e+02	8.920353662100404890e-04	6.348164498066044548e-02	5.538488307059978855e-01	2.000000000000000111e-01	1.199999999999999956e+00	4.494638241783477373e-03
3.750000000000000000e+02	-9.598310248397604223e-04	1.773754077660860407e-01	2.382407016240728481e-01	2.000000000000000111e-01	1.199999999999999956e+00	7.039643762612694290e-03
3.760000000000000000e+02	1.034508367242820094e-03	7.244496240227628336e-02	6.321995685274897081e-01	2.000000000000000111e-01	1.199999999999999956e+00	9.721949086756892164e-03
3.770000000000000000e+02	-9.018965907095920394e-04	2.774474443028715487e-01	-1.354212694448939658e-01	2.000000000000000111e-01	1.199999999999999956e+00	4.576153667608017818e-03
3.780000000000000000e+02	8.348862928545196758e-04	6.798575553431518426e-02	5.797327277373252041e-01	2.000000000000000111e-01	1.199999999999999956e+00	5.964984123490036337e-03
3.790000000000000000e+02	-8.562935829533420071e-04	2.826086445836774597e-01	-6.433851757514474912e-02	2.000000000000000111e-01	1.199999999999999956e+00	4.313197394673519078e-03
3.800000000000000000e+02	1.070633465853095337e-03	6.127235740295564059e-02	6.034006260878375105e-01	2.000000000000000111e-01	1.199999999999999956e+00	6.361666787304395485e-03
3.810000000000000000e+02	-2.976447711981272887e-04	1.961336063913977912e-01	1.886423542501471928e-01	2.000000000000000111e-01	1.199999999999999956e+00	2.810201187186101273e-03
3.820000000000000000e+02	1.937440516727048645e-03	2.589716461192539954e-01	-4.574660713143599011e-01	2.000000000000000111e-01	1.199999999999999956e+00	2.826153073557421524e-03
3.830000000000000000e+02	1.421624175244611378e-03	7.477400173364258384e-02	4.661394011641011303e-01	2.000000000000000111e-01	1.199999999999999956e+00	4.143420073431123250e-03
