0.000000000000000000e+00	7.510391735183404548e-03	1.119532023593173276e-01	3.992810927072345528e-01	2.000000000000000111e-01	1.199999999999999956e+00	6.309103306694893373e-03
1.000000000000000000e+00	-4.828518015760676903e-04	4.014451086486336417e-01	-3.843673930277966555e-01	2.000000000000000111e-01	1.199999999999999956e+00	9.912169469894970344e-03
2.000000000000000000e+00	8.663598115441484282e-03	2.359139230049270980e-02	5.809931563127207488e-01	2.000000000000000111e-01	1.199999999999999956e+00	3.590747028950775407e-03
3.000000000000000000e+00	4.151283936957001104e-03	1.045646032840350792e-01	5.033047651763868924e-01	2.000000000000000111e-01	1.199999999999999956e+00	9.614216899791519153e-03
4.000000000000000000e+00	1.685109233870104098e-02	1.865666082698600181e-01	1.060555939312126661e-01	2.000000000000000111e-01	1.199999999999999956e+00	6.420948262082914505e-03
5.000000000000000000e+00	1.872052193085459171e-02	1.127638541340517664e-01	9.169792113604913197e-03	2.000000000000000111e-01	1.199999999999999956e+00	7.550458051185465931e-03
6.000000000000000000e+00	2.415742293892873468e-02	8.933835155689145990e-02	-3.688195311404296461e-02	2.000000000000000111e-01	1.199999999999999956e+00	5.197263902253006392e-03
7.000000000000000000e+00	3.991866048124317196e-03	4.163994989130079261e-01	-5.007675698825471144e-01	2.000000000000000111e-01	1.199999999999999956e+00	6.680322645310171441e-03
8.000000000000000000e+00	-9.702797962567715623e-03	5.249158590458006257e-01	-1.525785935246831926e+00	2.000000000000000111e-01	1.199999999999999956e+00	3.223150547112441783e-02
9.000000000000000000e+00	9.302326112096874836e-03	4.523438735196111948e-01	-7.515721985249435022e-01	2.000000000000000111e-01	1.199999999999999956e+00	6.315193109980653252e-03
1.000000000000000000e+01	1.015315604128914787e-03	1.934780400586456062e-01	-6.470003681727121148e-03	2.000000000000000111e-01	1.199999999999999956e+00	3.447155874310759566e-02
1.100000000000000000e+01	6.746623126312722638e-03	1.983009622814520811e-01	-1.098225781870407758e-01	2.000000000000000111e-01	1.199999999999999956e+00	6.805040748508134861e-03
1.200000000000000000e+01	2.317295527140124378e-02	2.900581793376291739e-01	-8.015550150560337705e-01	2.000000000000000111e-01	1.199999999999999956e+00	4.289037299163048385e-03
1.300000000000000000e+01	2.520099541254202085e-03	1.841127817762618912e-01	2.009302472382179516e-02	2.000000000000000111e-01	1.199999999999999956e+00	1.952670834709489128e-02
1.400000000000000000e+01	8.894440180052972517e-03	4.067868281409414699e-02	5.585634767123870414e-01	2.000000000000000111e-01	1.199999999999999956e+00	8.017393189216603586e-03
1.500000000000000000e+01	1.667824467124489826e-02	2.991911477592321678e-01	-2.718491185389928511e-01	2.000000000000000111e-01	1.199999999999999956e+00	8.678031146187708753e-03
1.600000000000000000e+01	2.223556228769300175e-02	1.291815307155645409e-01	1.240541340759557798e-01	2.000000000000000111e-01	1.199999999999999956e+00	4.323813702266450856e-03
1.700000000000000000e+01	1.752829627923870731e-02	2.145651972687631082e-01	-2.234519914553605435e-01	2.000000000000000111e-01	1.199999999999999956e+00	4.077034286045173872e-03
1.800000000000000000e+01	-1.901480014771357628e-03	5.987455082633534875e-01	-1.203625303216073306e+00	2.000000000000000111e-01	1.199999999999999956e+00	8.975367259442423862e-03
1.900000000000000000e+01	1.139509371203591657e-02	8.800422977945508707e-02	4.518958149614576980e-01	2.000000000000000111e-01	1.199999999999999956e+00	9.341814788030835398e-03
2.000000000000000000e+01	8.645516783934046809e-03	1.789932202013073959e-01	2.587592849257787098e-01	2.000000000000000111e-01	1.199999999999999956e+00	6.178319849024537132e-03
2.100000000000000000e+01	5.037724112798737733e-03	1.416485868852487839e-02	7.269916960110727189e-01	2.000000000000000111e-01	1.199999999999999956e+00	7.768794085157376683e-03
2.200000000000000000e+01	7.039810605958048140e-03	3.804118768934839356e-01	-3.476014916425453904e-01	2.000000000000000111e-01	1.199999999999999956e+00	4.963882792785830229e-03
2.300000000000000000e+01	1.234149333073563662e-03	3.799161461827174624e-02	7.222059542213183914e-01	2.000000000000000111e-01	1.199999999999999956e+00	6.478283893772839031e-02
2.400000000000000000e+01	1.835954393152506789e-02	1.421837111401826614e-01	1.980446820540422426e-01	2.000000000000000111e-01	1.199999999999999956e+00	7.195939756831820459e-03
2.500000000000000000e+01	2.331173249182412477e-02	3.362369477369489545e-01	-4.115085446313848649e-01	2.000000000000000111e-01	1.199999999999999956e+00	5.855559892384380564e-03
2.600000000000000000e+01	1.114305137442093280e-02	1.784848898814161144e-01	7.561016921044871886e-02	2.000000000000000111e-01	1.199999999999999956e+00	5.140480337493450944e-03
2.700000000000000000e+01	-1.513713696856797478e-02	6.441656584202299918e-01	-1.777352526778948061e+00	2.000000000000000111e-01	1.199999999999999956e+00	3.887038594846455725e-02
2.800000000000000000e+01	-1.194611453988415894e-02	5.753056575617855328e-01	-1.451399271076154740e+00	2.000000000000000111e-01	1.199999999999999956e+00	5.230520036538206102e-02
2.900000000000000000e+01	1.289302379177061780e-02	6.837978984028444951e-02	3.536944855412256228e-01	2.000000000000000111e-01	1.199999999999999956e+00	8.447906849333221627e-03
3.000000000000000000e+01	8.971346691068967510e-03	1.197009693315094631e-01	2.473588986618844299e-01	2.000000000000000111e-01	1.199999999999999956e+00	3.775890291920881194e-03
3.100000000000000000e+01	7.037251945102598188e-03	1.315227511408906258e-01	2.369649628824499477e-01	2.000000000000000111e-01	1.199999999999999956e+00	4.438680188442849402e-03
3.200000000000000000e+01	9.300475833301881379e-03	1.831609196482009705e-01	-8.028145899789773665e-02	2.000000000000000111e-01	1.199999999999999956e+00	5.715700884645909252e-03
3.300000000000000000e+01	4.662263283276660633e-03	1.993873509057772775e-01	8.498055453475394927e-02	2.000000000000000111e-01	1.199999999999999956e+00	6.218650328449934830e-03
3.400000000000000000e+01	2.223168900061660638e-02	2.349650578671672874e-01	-1.432962284754575322e-01	2.000000000000000111e-01	1.199999999999999956e+00	1.080473491752959384e-02
3.500000000000000000e+01	9.095594766967828038e-03	4.240398974445860197e-02	5.464385315619846306e-01	2.000000000000000111e-01	1.199999999999999956e+00	4.277104250345566648e-03
3.600000000000000000e+01	1.025809033433926210e-02	6.186185287623729989e-02	4.534306850272638023e-01	2.000000000000000111e-01	1.199999999999999956e+00	7.094585201618966788e-03
3.700000000000000000e+01	4.238659619726538839e-03	2.142025787201853326e-01	1.391226308323116889e-01	2.000000000000000111e-01	1.199999999999999956e+00	3.446120488039175478e-03
3.800000000000000000e+01	3.788706593080654658e-03	1.154574424150772938e+00	-2.754088042582629292e+00	2.000000000000000111e-01	1.199999999999999956e+00	4.613676238027257341e-03
3.900000000000000000e+01	1.731674053219039305e-02	1.546907924447149529e-01	1.933255882359827815e-01	2.000000000000000111e-01	1.199999999999999956e+00	5.091313138442482393e-03
4.000000000000000000e+01	3.650642680632290062e-03	2.189451553464436817e-01	8.027776048546142462e-02	2.000000000000000111e-01	1.199999999999999956e+00	3.505268695808048084e-03
4.100000000000000000e+01	6.800693497918980368e-03	-6.132204762152738964e-03	8.529325949131201234e-01	2.000000000000000111e-01	1.199999999999999956e+00	3.187239090550397780e-02
4.200000000000000000e+01	9.148955684604921645e-03	9.247575848604551452e-02	4.009813508281176997e-01	2.000000000000000111e-01	1.199999999999999956e+00	5.668482854999718455e-03
4.300000000000000000e+01	8.525747310806151835e-03	1.243720642244366542e-01	3.207512474001268377e-01	2.000000000000000111e-01	1.199999999999999956e+00	6.316638325841387146e-03
4.400000000000000000e+01	9.195574125437123991e-03	2.193206902985170292e-02	6.822428551376135131e-01	2.000000000000000111e-01	1.199999999999999956e+00	1.114035082473015074e-02
4.500000000000000000e+01	8.108209204432243605e-03	-1.184954601668680024e-02	6.910739379066099808e-01	2.000000000000000111e-01	1.199999999999999956e+00	3.316985436811244452e-03
4.600000000000000000e+01	-3.105119924879219586e-03	2.804988143573883264e-01	-7.614609506110721071e-01	2.000000000000000111e-01	1.199999999999999956e+00	4.786542884032476269e-02
4.700000000000000000e+01	1.013767851190371799e-02	4.158854897397357697e-01	-5.161703966606929761e-01	2.000000000000000111e-01	1.199999999999999956e+00	8.035592651357345920e-03
4.800000000000000000e+01	4.272554043195606402e-03	7.110948626869986744e-02	4.242164322599708548e-01	2.000000000000000111e-01	1.199999999999999956e+00	3.008664983660647857e-02
4.900000000000000000e+01	3.844534654192003666e-03	8.531160607783583316e-02	5.468014453991751900e-01	2.000000000000000111e-01	1.199999999999999956e+00	4.730414598035304063e-02
5.000000000000000000e+01	6.798280437565255158e-03	1.385823166474028090e-01	3.484591091446966882e-01	2.000000000000000111e-01	1.199999999999999956e+00	7.206985004234146841e-03
5.100000000000000000e+01	2.855907156419085127e-03	3.241437568115910772e-01	-1.797989834868949366e-01	2.000000000000000111e-01	1.199999999999999956e+00	3.541607911705030049e-03
5.200000000000000000e+01	1.806406429512828283e-03	1.179411035820800840e-01	3.914932708661131855e-01	2.000000000000000111e-01	1.199999999999999956e+00	4.061165613680419242e-03
5.300000000000000000e+01	7.123707761393751822e-03	1.096154974822756700e-01	4.442413899186870019e-01	2.000000000000000111e-01	1.199999999999999956e+00	9.357416880412999793e-03
5.400000000000000000e+01	1.068021118958307515e-02	1.490492424425945706e-01	2.442811426591937618e-01	2.000000000000000111e-01	1.199999999999999956e+00	6.475092566361029256e-03
5.500000000000000000e+01	5.301592679558968062e-03	1.035770389651523293e-01	3.076628629850710617e-01	2.000000000000000111e-01	1.199999999999999956e+00	3.894506051869014995e-03
5.600000000000000000e+01	1.169128714747361131e-02	-1.930624873428612998e-02	8.560058600832930464e-01	2.000000000000000111e-01	1.199999999999999956e+00	2.387279583464329419e-02
5.700000000000000000e+01	3.527661193150106230e-03	2.406925794231736665e-02	6.638579194805362960e-01	2.000000000000000111e-01	1.199999999999999956e+00	6.460709712860434988e-03
5.800000000000000000e+01	1.195883900401087385e-02	1.166364302184098034e-01	3.160787668970859166e-01	2.000000000000000111e-01	1.199999999999999956e+00	5.599168940925519644e-03
5.900000000000000000e+01	2.007834176368047778e-03	1.324724915616356524e-01	2.469794458898526557e-01	2.000000000000000111e-01	1.199999999999999956e+00	4.470341148781908740e-03
6.000000000000000000e+01	-1.101979988755085946e-03	2.366076533308361651e-01	-5.365581330330373433e-01	2.000000000000000111e-01	1.199999999999999956e+00	6.893587088285127451e-02
6.100000000000000000e+01	-8.848635934417478383e-04	2.169657460566519480e-01	-2.638312230662984703e-01	2.000000000000000111e-01	1.199999999999999956e+00	3.620514379438969504e-02
6.200000000000000000e+01	2.800901768146296308e-03	1.791393635619824287e-01	-1.189076589950532892e-02	2.000000000000000111e-01	1.199999999999999956e+00	5.224523228122924211e-03
6.300000000000000000e+01	3.003333661113725787e-03	1.022572976532658273e-01	4.771528148306987127e-01	2.000000000000000111e-01	1.199999999999999956e+00	5.737039057106679829e-03
6.400000000000000000e+01	9.591100471480810963e-03	9.951471603930953091e-02	4.316008682783303296e-01	2.000000000000000111e-01	1.199999999999999956e+00	7.760345630703692488e-03
6.500000000000000000e+01	6.542900130211761443e-03	2.196240292533392299e-02	5.441349392478072033e-01	2.000000000000000111e-01	1.199999999999999956e+00	7.607303881677608681e-03
6.600000000000000000e+01	1.501979596286278328e-02	1.470846435049127376e-01	1.990329837504580812e-01	2.000000000000000111e-01	1.199999999999999956e+00	5.601860261710512809e-03
6.700000000000000000e+01	1.326711890918164626e-02	1.382042489700366084e-01	2.664621431106528604e-01	2.000000000000000111e-01	1.199999999999999956e+00	8.461524835588358703e-03
6.800000000000000000e+01	5.408939800901489854e-03	1.343169036730507138e-01	3.641691308372805302e-01	2.000000000000000111e-01	1.199999999999999956e+00	9.308170035882702351e-03
6.900000000000000000e+01	4.481863868007425478e-03	1.372579847813875376e-01	3.016475381416141577e-01	2.000000000000000111e-01	1.199999999999999956e+00	8.035691963149108399e-03
7.000000000000000000e+01	2.398289791258318912e-02	2.265359435103890262e-01	-8.533470726723724198e-02	2.000000000000000111e-01	1.199999999999999956e+00	3.783147189439121667e-03
7.100000000000000000e+01	5.623084287889722893e-03	8.556188964128905172e-02	5.107344791474517365e-01	2.000000000000000111e-01	1.199999999999999956e+00	1.021279808058857784e-02
7.200000000000000000e+01	1.279883982536733460e-02	6.693882936355985969e-01	-1.650262141882966382e+00	2.000000000000000111e-01	1.199999999999999956e+00	9.928971688455896435e-03
7.300000000000000000e+01	-2.557949013240298081e-03	2.951116190205139156e-01	-4.196597052122523763e-01	2.000000000000000111e-01	1.199999999999999956e+00	2.708091664423217804e-02
7.400000000000000000e+01	1.082622902428439365e-02	3.138072735939872460e-01	-4.104904254178043388e-01	2.000000000000000111e-01	1.199999999999999956e+00	3.982805006004615928e-03
7.500000000000000000e+01	6.812936158884179590e-03	3.132820818064277479e-02	5.727501292570782443e-01	2.000000000000000111e-01	1.199999999999999956e+00	7.656955166933859976e-03
7.600000000000000000e+01	6.654214676641390797e-03	3.699066225563445998e-01	-3.889014173572227229e-01	2.000000000000000111e-01	1.199999999999999956e+00	5.976578037043310879e-03
7.700000000000000000e+01	-8.792052812311081100e-03	4.854731071773387696e-01	-1.524855925854206262e+00	2.000000000000000111e-01	1.199999999999999956e+00	5.076393452378573368e-02
7.800000000000000000e+01	4.022366996678168258e-03	4.724512097748937572e-02	5.038874150304319954e-01	2.000000000000000111e-01	1.199999999999999956e+00	5.702457127169118303e-03
7.900000000000000000e+01	5.287413453932284478e-03	8.245517748840347494e-02	4.004621601037032796e-01	2.000000000000000111e-01	1.199999999999999956e+00	4.894915259291323338e-03
8.000000000000000000e+01	5.451949055259461274e-03	1.209440894686547169e-01	3.407800141771610836e-01	2.000000000000000111e-01	1.199999999999999956e+00	7.648941927678115996e-03
8.100000000000000000e+01	7.865088461007899504e-03	8.399282954576123283e-02	3.435380404011316724e-01	2.000000000000000111e-01	1.199999999999999956e+00	7.299911428505434334e-03
8.200000000000000000e+01	6.346086174136135981e-03	1.871136267628004113e-01	-5.762690008768478478e-02	2.000000000000000111e-01	1.199999999999999956e+00	5.746684325565780231e-03
8.300000000000000000e+01	6.516363976325848135e-03	-1.292945745615076310e-02	7.720870014174772145e-01	2.000000000000000111e-01	1.199999999999999956e+00	1.768262808151844362e-02
8.400000000000000000e+01	1.594027527245539880e-02	8.778672314117150210e-02	2.094445316626643017e-01	2.000000000000000111e-01	1.199999999999999956e+00	6.108619334010663773e-03
8.500000000000000000e+01	5.969838886823708966e-03	9.258959039947012304e-02	4.839562323272674771e-01	2.000000000000000111e-01	1.199999999999999956e+00	1.421332656369628245e-02
8.600000000000000000e+01	1.597054544713702451e-02	-9.416174338128358023e-02	9.833761669158247454e-01	2.000000000000000111e-01	1.199999999999999956e+00	9.343497448563628169e-03
8.700000000000000000e+01	1.223269988466008616e-02	1.745184450064318077e-02	5.881096853210390218e-01	2.000000000000000111e-01	1.199999999999999956e+00	7.385656182230602995e-03
8.800000000000000000e+01	6.917098786664754168e-03	8.002494702782479707e-02	4.336927019763685553e-01	2.000000000000000111e-01	1.199999999999999956e+00	6.018496532117049991e-03
8.900000000000000000e+01	7.472823277441772646e-03	2.607630547300993640e-01	2.798974322970826378e-02	2.000000000000000111e-01	1.199999999999999956e+00	6.492438150027569910e-03
9.000000000000000000e+01	7.971301906568218146e-03	6.032733402799743683e-01	-1.495590556913592550e+00	2.000000000000000111e-01	1.199999999999999956e+00	7.499462428706705694e-03
9.100000000000000000e+01	8.013925270136971687e-03	8.240310190424661452e-02	4.872796563746767395e-01	2.000000000000000111e-01	1.199999999999999956e+00	1.082096813136248885e-02
9.200000000000000000e+01	1.551781082619719740e-02	-3.057632972675584080e-04	6.401133884911416327e-01	2.000000000000000111e-01	1.199999999999999956e+00	8.214984226531092323e-03
9.300000000000000000e+01	6.593798046676683892e-03	1.847872700519479217e-01	-2.651825932627094318e-02	2.000000000000000111e-01	1.199999999999999956e+00	4.530805938298664189e-03
9.400000000000000000e+01	9.197175924778719022e-03	6.208364915051350907e-02	3.825088839639776417e-01	2.000000000000000111e-01	1.199999999999999956e+00	7.544225024870883888e-03
9.500000000000000000e+01	7.838454919311942668e-04	1.210052641976494120e-01	3.040943094317256623e-01	2.000000000000000111e-01	1.199999999999999956e+00	6.079169722561185950e-03
9.600000000000000000e+01	1.113923537696109162e-02	1.427605687246993604e-01	-8.988160565278779934e-02	2.000000000000000111e-01	1.199999999999999956e+00	1.520807372757147502e-01
9.700000000000000000e+01	7.103239004211185995e-03	6.956097848766452929e-02	4.447817769580753033e-01	2.000000000000000111e-01	1.199999999999999956e+00	3.397995085004375075e-03
9.800000000000000000e+01	-4.918259613536070385e-03	6.678177758613742521e-01	-1.173822612168398116e+00	2.000000000000000111e-01	1.199999999999999956e+00	5.258826939836437273e-03
9.900000000000000000e+01	-2.052543602465543588e-04	3.186985710396461613e-01	-4.687662315038672034e-01	2.000000000000000111e-01	1.199999999999999956e+00	4.890714819561192347e-03
1.000000000000000000e+02	5.009660646435611098e-02	-1.445134281732395332e-01	5.432720824329052567e-01	2.000000000000000111e-01	1.199999999999999956e+00	1.418734954695404782e-01
1.010000000000000000e+02	-1.121450572587128804e-02	5.395205904093198779e-01	-1.398099737188246650e+00	2.000000000000000111e-01	1.199999999999999956e+00	2.122600748857370045e-02
1.020000000000000000e+02	3.976754206702823031e-04	7.622641239321097384e-01	-1.814819312350604008e+00	2.000000000000000111e-01	1.199999999999999956e+00	5.396095697214305445e-03
1.030000000000000000e+02	7.849586457442329218e-03	2.095249110818331595e-01	3.252934658590378447e-02	2.000000000000000111e-01	1.199999999999999956e+00	4.460072200185970052e-03
1.040000000000000000e+02	1.710055868782188807e-02	-1.180647094864194502e-01	1.149903268296487369e+00	2.000000000000000111e-01	1.199999999999999956e+00	3.741789889912412043e-02
1.050000000000000000e+02	1.371685755392808466e-02	3.617855236762719529e-02	4.351762049733195470e-01	2.000000000000000111e-01	1.199999999999999956e+00	1.191735897613318933e-02
1.060000000000000000e+02	6.522558998197813818e-03	2.230850045655174696e-01	-2.170501704677501031e-01	2.000000000000000111e-01	1.199999999999999956e+00	3.429811659893602926e-03
1.070000000000000000e+02	4.588380153503916585e-03	2.179295614563935557e-01	-5.662985020364530442e-02	2.000000000000000111e-01	1.199999999999999956e+00	4.027797539109020074e-03
1.080000000000000000e+02	3.566467335711137523e-03	8.774612646950161188e-02	3.896863516761677193e-01	2.000000000000000111e-01	1.199999999999999956e+00	6.989157984139703940e-03
1.090000000000000000e+02	-1.432096686777670430e-03	1.802507815407854430e-01	-3.463352450195156251e-02	2.000000000000000111e-01	1.199999999999999956e+00	2.162287618012255150e-02
1.100000000000000000e+02	4.669722752062215737e-03	2.292242263504247757e-01	-4.836423684460022798e-04	2.000000000000000111e-01	1.199999999999999956e+00	5.945947513825278370e-03
1.110000000000000000e+02	9.387856725280512710e-03	4.388445628576299190e-02	5.964580541282369364e-01	2.000000000000000111e-01	1.199999999999999956e+00	8.087832685368990387e-03
1.120000000000000000e+02	8.685051175184999375e-03	8.466910130655273814e-02	3.759713897558641937e-01	2.000000000000000111e-01	1.199999999999999956e+00	6.588739790042813863e-03
1.130000000000000000e+02	2.626168101193239023e-03	1.186892306931614516e-01	4.352400651191954406e-01	2.000000000000000111e-01	1.199999999999999956e+00	1.203503806096263909e-02
1.140000000000000000e+02	-2.173704844887222511e-03	2.269937291493833165e-01	-2.529161203187895168e-01	2.000000000000000111e-01	1.199999999999999956e+00	2.754782387594945786e-02
1.150000000000000000e+02	7.160173253724269604e-03	1.950397205265452516e-01	-1.397399611887886195e-01	2.000000000000000111e-01	1.199999999999999956e+00	4.688039865700754753e-03
1.160000000000000000e+02	8.110092593245616863e-03	1.414243431600538670e-01	3.820757545611059847e-01	2.000000000000000111e-01	1.199999999999999956e+00	1.716154914944519397e-02
1.170000000000000000e+02	1.348157745896219617e-02	1.729326998784002367e-01	1.297862249390169254e-01	2.000000000000000111e-01	1.199999999999999956e+00	9.167797366690376079e-03
1.180000000000000000e+02	2.740342558440530575e-03	1.039669419411315548e-01	3.562776896166863771e-01	2.000000000000000111e-01	1.199999999999999956e+00	6.035511271936582108e-03
1.190000000000000000e+02	-1.140855326183590852e-03	2.749620500418237246e-01	-3.174474378403955299e-01	2.000000000000000111e-01	1.199999999999999956e+00	3.222997528396447098e-02
1.200000000000000000e+02	1.295719334135922787e-02	-2.553271609558783323e-02	7.805102322191486142e-01	2.000000000000000111e-01	1.199999999999999956e+00	2.610012631513418044e-02
1.210000000000000000e+02	6.900880571840419496e-03	3.032983643553641140e-01	-1.209413334977580412e-01	2.000000000000000111e-01	1.199999999999999956e+00	3.911968099711969626e-03
1.220000000000000000e+02	1.262059375814697125e-04	3.116261969160473155e-01	-5.813098067275657144e-01	2.000000000000000111e-01	1.199999999999999956e+00	4.554867232134890420e-02
1.230000000000000000e+02	1.086657372110775253e-02	3.152369285712839919e-01	-6.535261154109552884e-01	2.000000000000000111e-01	1.199999999999999956e+00	1.601885571805482592e-02
1.240000000000000000e+02	9.546333186154432743e-03	4.240302096740122817e-02	6.099294652964315500e-01	2.000000000000000111e-01	1.199999999999999956e+00	8.678653099214974492e-03
1.250000000000000000e+02	3.281833246030040584e-03	1.934330128574530128e-01	2.308834140129012447e-01	2.000000000000000111e-01	1.199999999999999956e+00	5.884638663086999566e-03
1.260000000000000000e+02	1.301582476859780742e-02	2.651485881012951781e-02	5.417429849826267407e-01	2.000000000000000111e-01	1.199999999999999956e+00	7.461503467645500855e-03
1.270000000000000000e+02	4.993283184760658432e-03	1.426485749221863553e-01	2.993388023817999954e-01	2.000000000000000111e-01	1.199999999999999956e+00	6.943692367502503696e-03
1.280000000000000000e+02	-1.028852013584379346e-02	5.237988254979322189e-01	-1.431297561299176735e+00	2.000000000000000111e-01	1.199999999999999956e+00	3.208324445907833472e-02
1.290000000000000000e+02	5.278046324907900710e-03	2.148936328972145260e-01	3.308480926365486852e-02	2.000000000000000111e-01	1.199999999999999956e+00	6.732281586864798627e-03
1.300000000000000000e+02	4.083424859485423365e-03	2.105535596678458632e-01	1.190035680623724446e-02	2.000000000000000111e-01	1.199999999999999956e+00	5.041046746251096923e-03
1.310000000000000000e+02	3.609554210354300446e-03	7.402828768105636226e-02	4.284325912403812442e-01	2.000000000000000111e-01	1.199999999999999956e+00	5.179662853029364834e-03
1.320000000000000000e+02	7.104413252218204182e-03	1.454829250903564575e-01	3.489291360523671948e-01	2.000000000000000111e-01	1.199999999999999956e+00	9.317113141696581682e-03
1.330000000000000000e+02	4.652707083256636678e-03	1.075332458845437850e-01	2.279006290616074626e-01	2.000000000000000111e-01	1.199999999999999956e+00	4.540647166468784156e-03
1.340000000000000000e+02	3.821363935466835088e-02	1.135059813295433429e-01	-1.883536694645990828e-01	2.000000000000000111e-01	1.199999999999999956e+00	3.884787800905126730e-03
1.350000000000000000e+02	4.916804843260865962e-03	5.415764523583312118e-02	6.790587306527307021e-01	2.000000000000000111e-01	1.199999999999999956e+00	2.183735928074632265e-02
1.360000000000000000e+02	4.102025160931012035e-03	6.540231344606428979e-03	7.648390532369898631e-01	2.000000000000000111e-01	1.199999999999999956e+00	1.133758999028746176e-02
1.370000000000000000e+02	2.570862685323221930e-03	1.177327129595860666e-01	3.499785092393516983e-01	2.000000000000000111e-01	1.199999999999999956e+00	1.642328235473183157e-02
1.380000000000000000e+02	2.834825895823337404e-03	3.880732235714099421e-01	-3.946528161776101662e-01	2.000000000000000111e-01	1.199999999999999956e+00	1.380111264245305856e-02
1.390000000000000000e+02	9.890122849529276242e-03	9.871137841330565599e-02	3.964051111184534459e-01	2.000000000000000111e-01	1.199999999999999956e+00	8.979904813085396245e-03
1.400000000000000000e+02	3.940883559076736355e-03	1.702798452268594331e-01	2.843375858751344687e-01	2.000000000000000111e-01	1.199999999999999956e+00	6.066289157701340584e-03
1.410000000000000000e+02	8.631357837308478720e-03	-9.854946933965757008e-03	8.691988923321392058e-01	2.000000000000000111e-01	1.199999999999999956e+00	4.435785973002916160e-02
1.420000000000000000e+02	1.168629351923744161e-02	7.679133402958208954e-02	4.572957018432222132e-01	2.000000000000000111e-01	1.199999999999999956e+00	1.251443255981937383e-02
1.430000000000000000e+02	1.314535654220047936e-02	1.639509500465920755e-01	-1.081239494994368222e-02	2.000000000000000111e-01	1.199999999999999956e+00	1.172820568375365635e-02
1.440000000000000000e+02	8.481591858882205071e-03	5.082140981718780148e-02	6.108129225255672923e-01	2.000000000000000111e-01	1.199999999999999956e+00	1.444728368709835217e-02
1.450000000000000000e+02	2.225593341668317005e-03	1.144733531072460453e-01	4.973060194526133238e-01	2.000000000000000111e-01	1.199999999999999956e+00	1.569948868723359051e-02
1.460000000000000000e+02	4.360413740119574617e-03	8.242397469769062457e-02	4.799058799007036580e-01	2.000000000000000111e-01	1.199999999999999956e+00	7.820337778498760370e-03
1.470000000000000000e+02	3.279494841370968108e-03	3.465411760605954239e-01	-3.766363004532862213e-01	2.000000000000000111e-01	1.199999999999999956e+00	3.663740828253627541e-03
1.480000000000000000e+02	2.662961741742439145e-02	6.588197279480081285e-04	3.419865293449403376e-01	2.000000000000000111e-01	1.199999999999999956e+00	6.324200298738336459e-03
1.490000000000000000e+02	3.265267291465554032e-03	2.280108108651249799e-01	1.968300068280282034e-02	2.000000000000000111e-01	1.199999999999999956e+00	5.336657799457479243e-03
1.500000000000000000e+02	4.129561171231868437e-03	2.275148457077534603e-01	-1.101902715533098487e-02	2.000000000000000111e-01	1.199999999999999956e+00	4.817026285816164433e-03
1.510000000000000000e+02	6.021712919381730714e-03	1.187124198755023508e-01	3.201277901587968877e-01	2.000000000000000111e-01	1.199999999999999956e+00	6.805043222598789431e-03
1.520000000000000000e+02	8.039060201908709152e-03	8.033837147580279170e-02	4.610236887171934583e-01	2.000000000000000111e-01	1.199999999999999956e+00	1.510651349818616096e-02
1.530000000000000000e+02	-1.285445156642931429e-02	6.244291461277714506e-01	-1.782297334771383746e+00	2.000000000000000111e-01	1.199999999999999956e+00	3.776875561668206760e-02
1.540000000000000000e+02	1.287736895762310943e-02	5.718691955889038808e-02	3.930947976777386388e-01	2.000000000000000111e-01	1.199999999999999956e+00	5.834710551481073378e-03
1.550000000000000000e+02	9.089896969123363243e-03	1.496690470204535550e-01	3.965534494473610394e-02	2.000000000000000111e-01	1.199999999999999956e+00	3.853044355538450157e-03
1.560000000000000000e+02	-1.355632000472427713e-03	2.956448241128886711e-01	-2.024488149861021213e-01	2.000000000000000111e-01	1.199999999999999956e+00	7.199823830170799799e-02
1.570000000000000000e+02	6.884156775511813403e-03	1.541222402565076699e-01	-1.260047548949829732e-01	2.000000000000000111e-01	1.199999999999999956e+00	2.860903410114984651e-03
1.580000000000000000e+02	1.627325849994375228e-03	2.132734736200007364e-01	2.663978348768880622e-01	2.000000000000000111e-01	1.199999999999999956e+00	7.929403965093433787e-03
1.590000000000000000e+02	9.755474356619300152e-03	-1.328452501102797903e-02	6.652002990183099040e-01	2.000000000000000111e-01	1.199999999999999956e+00	1.507911338899861273e-02
1.600000000000000000e+02	1.232594963561064669e-02	-7.290330030204009160e-02	1.019750689218062778e+00	2.000000000000000111e-01	1.199999999999999956e+00	2.115096045923101770e-02
1.610000000000000000e+02	7.455375741681305977e-03	1.565062288655114930e-01	1.806929878610341600e-01	2.000000000000000111e-01	1.199999999999999956e+00	6.482235568481207674e-03
1.620000000000000000e+02	9.502117779214586113e-03	1.039521301611580628e-01	1.942017383361607230e-01	2.000000000000000111e-01	1.199999999999999956e+00	1.021802135185238651e-02
1.630000000000000000e+02	-2.484764437589143463e-02	8.662155107250055774e-01	-1.973126173156378727e+00	2.000000000000000111e-01	1.199999999999999956e+00	2.208976007075994993e-02
1.640000000000000000e+02	-9.265318414467736685e-02	2.050727575477423237e+00	-5.356158600841999018e+00	2.000000000000000111e-01	1.199999999999999956e+00	2.211461583867866884e-02
1.650000000000000000e+02	2.419440380747403356e-03	2.532950837502846442e-01	-1.715393028047142998e-01	2.000000000000000111e-01	1.199999999999999956e+00	3.694823754548108314e-03
1.660000000000000000e+02	1.309000204570023689e-02	7.678467096713648132e-01	-2.052266763984512021e+00	2.000000000000000111e-01	1.199999999999999956e+00	7.000147173579996697e-03
1.670000000000000000e+02	9.015244463820853635e-03	1.132421991707212444e-01	4.539502592557740357e-01	2.000000000000000111e-01	1.199999999999999956e+00	1.644849755653880058e-02
1.680000000000000000e+02	7.229385032886023396e-03	6.165250862577353885e-02	5.469144010988732374e-01	2.000000000000000111e-01	1.199999999999999956e+00	1.119484660008228903e-02
1.690000000000000000e+02	8.762834153253211064e-03	5.479648276938366841e-02	3.929602044484595824e-01	2.000000000000000111e-01	1.199999999999999956e+00	1.662659947763537715e-03
1.700000000000000000e+02	4.468768844758542330e-03	1.338565040731309885e-01	1.949534682195914748e-01	2.000000000000000111e-01	1.199999999999999956e+00	5.727664792207742481e-03
1.710000000000000000e+02	-2.271869302937969126e-03	4.402275163977213968e-01	-5.936204885678435517e-01	2.000000000000000111e-01	1.199999999999999956e+00	3.709195283355344597e-03
1.720000000000000000e+02	-1.495280623659719444e-03	2.080220016460015142e-01	-3.045131859470604496e-01	2.000000000000000111e-01	1.199999999999999956e+00	6.949918216128626869e-02
1.730000000000000000e+02	1.519647104679418791e-02	2.009751179986264125e-01	-2.573977584466202728e-01	2.000000000000000111e-01	1.199999999999999956e+00	3.189618050438942486e-03
1.740000000000000000e+02	8.597377604335253512e-03	4.201195463381200007e-02	6.506985325441629886e-01	2.000000000000000111e-01	1.199999999999999956e+00	1.144868588627502570e-02
1.750000000000000000e+02	2.432507062506112164e-02	3.936196911709787805e-01	-8.192785861959137605e-01	2.000000000000000111e-01	1.199999999999999956e+00	4.784823703392435124e-03
1.760000000000000000e+02	8.216966177775654467e-03	9.837231761948159181e-02	3.899074276332439304e-01	2.000000000000000111e-01	1.199999999999999956e+00	8.317265219372633675e-03
1.770000000000000000e+02	9.031078392093295224e-04	2.514966144535220050e-01	2.429847233436488452e-02	2.000000000000000111e-01	1.199999999999999956e+00	9.332456808848015734e-03
1.780000000000000000e+02	6.861769112542204924e-03	2.362687033974738005e-01	-1.107614820537206057e-02	2.000000000000000111e-01	1.199999999999999956e+00	4.047021313742356352e-03
1.790000000000000000e+02	3.955529032581205258e-03	2.878556118247618811e-01	-3.018677517090795348e-02	2.000000000000000111e-01	1.199999999999999956e+00	6.858316498036184060e-03
1.800000000000000000e+02	8.993251111677940182e-03	2.096806832320729230e-01	9.215809748712633365e-02	2.000000000000000111e-01	1.199999999999999956e+00	8.782293904306483906e-03
1.810000000000000000e+02	3.966065939518169381e-03	1.411978906745585682e-01	2.139276022531415578e-01	2.000000000000000111e-01	1.199999999999999956e+00	6.064260419103152493e-03
1.820000000000000000e+02	1.955087175816327613e-02	2.730993008827492519e-01	-1.454598971815581621e-01	2.000000000000000111e-01	1.199999999999999956e+00	1.442683466821928842e-02
1.830000000000000000e+02	1.282822704418825135e-02	9.611497943977567737e-02	3.198180315953795816e-01	2.000000000000000111e-01	1.199999999999999956e+00	5.648358765940600899e-03
1.840000000000000000e+02	5.545767803082015009e-03	1.081498704265411309e-01	4.231081991705627487e-01	2.000000000000000111e-01	1.199999999999999956e+00	5.391829102700224086e-03
1.850000000000000000e+02	-2.049271477763222726e-03	4.007813328206460413e-01	-4.231336738831847910e-01	2.000000000000000111e-01	1.199999999999999956e+00	9.017064693668896611e-03
1.860000000000000000e+02	6.382145533224707103e-03	1.574506939985717280e-01	9.255028029462453176e-02	2.000000000000000111e-01	1.199999999999999956e+00	3.055145390890291052e-03
1.870000000000000000e+02	6.751419286883091758e-03	5.392652508784234744e-02	5.927842714672721947e-01	2.000000000000000111e-01	1.199999999999999956e+00	7.266853158986446605e-03
1.880000000000000000e+02	4.633088744276110844e-03	1.185085387349631286e-01	3.351532502961727111e-01	2.000000000000000111e-01	1.199999999999999956e+00	8.012702269981058362e-03
1.890000000000000000e+02	1.240007365542059731e-02	2.169916283147852731e-01	-6.789636680508026600e-02	2.000000000000000111e-01	1.199999999999999956e+00	9.674377045510882886e-03
1.900000000000000000e+02	3.581721194310815651e-03	1.613995028293461198e-01	1.804752598539103303e-01	2.000000000000000111e-01	1.199999999999999956e+00	3.853341987240098410e-03
1.910000000000000000e+02	6.886144244752531902e-03	3.188808176164099062e-01	-5.104691289572009794e-01	2.000000000000000111e-01	1.199999999999999956e+00	7.182110106508164497e-03
1.920000000000000000e+02	5.854168890024329282e-03	1.018425594093514547e-01	5.115827487159736453e-01	2.000000000000000111e-01	1.199999999999999956e+00	1.147517637774820090e-02
1.930000000000000000e+02	2.725785301467310504e-02	2.726329013279555347e-01	-3.203463031621878176e-01	2.000000000000000111e-01	1.199999999999999956e+00	6.215964616559227322e-03
1.940000000000000000e+02	1.293481194401685866e-02	2.060089541943000424e-01	7.916925463661073081e-03	2.000000000000000111e-01	1.199999999999999956e+00	4.722230976813449575e-03
1.950000000000000000e+02	1.029471359855474617e-02	3.733072134751831000e-02	5.538479176820867433e-01	2.000000000000000111e-01	1.199999999999999956e+00	7.342763292519490816e-03
1.960000000000000000e+02	1.083628732976532789e-02	5.774297079554220613e-02	3.106674993010043462e-01	2.000000000000000111e-01	1.199999999999999956e+00	9.137368642472122257e-03
1.970000000000000000e+02	-5.388819431257073876e-03	3.845183838095643236e-01	-6.120299072633121895e-01	2.000000000000000111e-01	1.199999999999999956e+00	4.331976801234853347e-02
1.980000000000000000e+02	4.335609533210557989e-03	1.496611904904585899e-01	1.073484013696246464e-01	2.000000000000000111e-01	1.199999999999999956e+00	4.580434159374343131e-03
1.990000000000000000e+02	6.346838050504878537e-03	8.938286879868417856e-02	3.867817614730302278e-01	2.000000000000000111e-01	1.199999999999999956e+00	4.038580050364740971e-03
2.000000000000000000e+02	4.947996036258452482e-03	1.092489566895153141e-01	3.264912749711768036e-01	2.000000000000000111e-01	1.199999999999999956e+00	2.918142472891418170e-03
2.010000000000000000e+02	7.672462584313797553e-03	1.943158541785944826e-01	9.270007175716576953e-02	2.000000000000000111e-01	1.199999999999999956e+00	6.375735069375608119e-03
2.020000000000000000e+02	5.931496083793745024e-03	1.746200310199275685e-01	1.152722585451337878e-01	2.000000000000000111e-01	1.199999999999999956e+00	7.821503086160556603e-03
2.030000000000000000e+02	1.573223704230487796e-02	7.846760578784782447e-02	4.075695772807488293e-01	2.000000000000000111e-01	1.199999999999999956e+00	4.250843517645645775e-03
2.040000000000000000e+02	5.469916219174903067e-03	1.210071152628829222e-01	3.141302260763532139e-01	2.000000000000000111e-01	1.199999999999999956e+00	1.071523926102893251e-02
2.050000000000000000e+02	1.372297204897121245e-02	8.180313682634865469e-02	4.045591817003153512e-01	2.000000000000000111e-01	1.199999999999999956e+00	5.218267143283480958e-03
2.060000000000000000e+02	1.544907854934852607e-03	4.802057079023382968e-01	-6.515869379151775220e-01	2.000000000000000111e-01	1.199999999999999956e+00	4.622373740108350407e-03
2.070000000000000000e+02	3.144222453554747221e-02	2.721676183416488759e-01	-2.211336255615901081e-01	2.000000000000000111e-01	1.199999999999999956e+00	4.362029665199732009e-03
2.080000000000000000e+02	1.392459545145871384e-02	3.398005135832573437e-02	5.181218297296740216e-01	2.000000000000000111e-01	1.199999999999999956e+00	6.181235644390839501e-03
2.090000000000000000e+02	6.495842355319609608e-03	4.960840559335084887e-02	5.949005786313037447e-01	2.000000000000000111e-01	1.199999999999999956e+00	8.639084827112702980e-03
2.100000000000000000e+02	6.532342899793474982e-03	1.120284885512029260e-01	3.780529145504254451e-01	2.000000000000000111e-01	1.199999999999999956e+00	6.497180044514458928e-03
2.110000000000000000e+02	1.059651124657717277e-04	7.535531986067988131e-01	-1.820313710113707018e+00	2.000000000000000111e-01	1.199999999999999956e+00	4.011662100554883904e-03
2.120000000000000000e+02	-1.219921670088375092e-02	6.996541084465932592e-01	-1.719642474905879403e+00	2.000000000000000111e-01	1.199999999999999956e+00	2.816216988740456034e-02
2.130000000000000000e+02	8.617244131558385312e-03	1.360845239439253396e-01	3.082003235204642255e-01	2.000000000000000111e-01	1.199999999999999956e+00	1.211394166536488605e-02
2.140000000000000000e+02	1.610527929394739389e-03	2.979066255158954180e-01	-7.935544637886016162e-02	2.000000000000000111e-01	1.199999999999999956e+00	9.880431987087009635e-03
2.150000000000000000e+02	4.131120610432408025e-03	1.869266991741361794e-01	-1.827407315501972107e-02	2.000000000000000111e-01	1.199999999999999956e+00	1.187227291138321858e-02
2.160000000000000000e+02	1.789521403612213610e-02	-3.721680519742045362e-02	7.800960170602403432e-01	2.000000000000000111e-01	1.199999999999999956e+00	1.929838772250784887e-02
2.170000000000000000e+02	1.293697248135523663e-02	8.097920571975808501e-03	6.877008761544516346e-01	2.000000000000000111e-01	1.199999999999999956e+00	7.885282081524421297e-03
2.180000000000000000e+02	1.079765240918281223e-02	2.358068793891462400e-01	9.331148865951988114e-04	2.000000000000000111e-01	1.199999999999999956e+00	1.017229777142029425e-02
2.190000000000000000e+02	8.272524445023674011e-03	1.188847420195617011e-02	6.462638621875509415e-01	2.000000000000000111e-01	1.199999999999999956e+00	4.537669740291726608e-03
2.200000000000000000e+02	6.766099836716720460e-03	1.140689033883604264e-01	1.881031643379265095e-01	2.000000000000000111e-01	1.199999999999999956e+00	5.790591848409854837e-03
2.210000000000000000e+02	1.159122581999211254e-02	1.303779291895477803e-02	6.231970320862063595e-01	2.000000000000000111e-01	1.199999999999999956e+00	6.438545983803905907e-03
2.220000000000000000e+02	1.267075688600531299e-03	1.600250926279667696e-01	2.538305664842082088e-01	2.000000000000000111e-01	1.199999999999999956e+00	5.937155519641746683e-03
2.230000000000000000e+02	8.647464610730494494e-03	2.219589644695828257e-02	6.362125450936118032e-01	2.000000000000000111e-01	1.199999999999999956e+00	6.170912200628159670e-03
2.240000000000000000e+02	5.622751153263885575e-03	1.359549812566699101e-01	3.427942119172975310e-01	2.000000000000000111e-01	1.199999999999999956e+00	8.164590093394463385e-03
2.250000000000000000e+02	3.260857900972375083e-03	5.282690950493674348e-02	5.435872080332307954e-01	2.000000000000000111e-01	1.199999999999999956e+00	3.621700898475170832e-03
2.260000000000000000e+02	4.709666912865707010e-03	8.719694443664387229e-02	4.318084142615756793e-01	2.000000000000000111e-01	1.199999999999999956e+00	8.939587444799831223e-03
2.270000000000000000e+02	-4.176971840179340514e-04	1.818771107525579966e-01	-1.533369956383578980e-02	2.000000000000000111e-01	1.199999999999999956e+00	2.483560575263957237e-02
2.280000000000000000e+02	8.313117243734334874e-03	1.301540294055319735e-01	2.211850552332725872e-01	2.000000000000000111e-01	1.199999999999999956e+00	4.925255376856440062e-03
2.290000000000000000e+02	5.712353450561567098e-03	2.421181662022431347e-01	-3.094597406516719218e-02	2.000000000000000111e-01	1.199999999999999956e+00	5.443115887447494937e-03
2.300000000000000000e+02	8.015163122802849982e-03	8.851563138553139587e-02	4.043436903255626103e-01	2.000000000000000111e-01	1.199999999999999956e+00	5.070982417794568826e-03
2.310000000000000000e+02	1.310279681981160391e-02	1.116713888944337318e-01	3.467134385603498625e-01	2.000000000000000111e-01	1.199999999999999956e+00	1.216488683804150921e-02
2.320000000000000000e+02	2.708665275639701893e-03	9.267958344148445604e-02	4.539777095692467679e-01	2.000000000000000111e-01	1.199999999999999956e+00	5.132049520393013042e-03
2.330000000000000000e+02	8.988887305907574538e-03	2.184990506051982806e-02	5.728076936476669268e-01	2.000000000000000111e-01	1.199999999999999956e+00	1.874833797613332381e-02
2.340000000000000000e+02	1.575590191573022006e-02	-2.415987546203237149e-02	7.832462661746766308e-01	2.000000000000000111e-01	1.199999999999999956e+00	1.194078993611554819e-02
2.350000000000000000e+02	9.624771351792817814e-03	6.566742147703807930e-02	4.234888630277372501e-01	2.000000000000000111e-01	1.199999999999999956e+00	9.140812287393480437e-03
2.360000000000000000e+02	3.276643645114715037e-02	2.305944939103284075e-02	3.447181022692041852e-01	2.000000000000000111e-01	1.199999999999999956e+00	1.552138147987379077e-02
2.370000000000000000e+02	8.692430641264587560e-03	1.261996669012808159e-01	2.703814936266859537e-01	2.000000000000000111e-01	1.199999999999999956e+00	4.628368763075932195e-03
2.380000000000000000e+02	4.920562613521474796e-03	1.963631925435314618e-01	1.849686660293854423e-01	2.000000000000000111e-01	1.199999999999999956e+00	4.166193930149671154e-03
2.390000000000000000e+02	9.242852091852221327e-03	8.183973988792825338e-02	3.700358208792352555e-01	2.000000000000000111e-01	1.199999999999999956e+00	6.841382899722284541e-03
2.400000000000000000e+02	5.592691161679239770e-03	9.634700739719381790e-02	4.165118561624270299e-01	2.000000000000000111e-01	1.199999999999999956e+00	9.482522760624705754e-03
2.410000000000000000e+02	7.244300372345413574e-03	3.005071631489597550e-01	-1.672651697533886761e-01	2.000000000000000111e-01	1.199999999999999956e+00	4.982927898423249700e-03
2.420000000000000000e+02	6.945848201400841443e-03	-3.716802510097526324e-02	9.295676287328635823e-01	2.000000000000000111e-01	1.199999999999999956e+00	1.641574951455550616e-02
2.430000000000000000e+02	-3.123683887839074540e-04	1.452238906399003215e-01	-5.796738664873402058e-03	2.000000000000000111e-01	1.199999999999999956e+00	2.073519100616840957e-02
2.440000000000000000e+02	8.121324139681522503e-03	1.305225952357369767e-01	1.869450758007928926e-01	2.000000000000000111e-01	1.199999999999999956e+00	3.655036013840251823e-03
2.450000000000000000e+02	1.066381131857624918e-02	8.156652256945937096e-02	4.595675488026367272e-01	2.000000000000000111e-01	1.199999999999999956e+00	6.925056155780713596e-03
2.460000000000000000e+02	5.451797726074027704e-03	2.044293262299652983e-02	6.774556429937751423e-01	2.000000000000000111e-01	1.199999999999999956e+00	2.348190888471926932e-02
2.470000000000000000e+02	1.757541245457756168e-03	5.084561818709799619e-01	-7.045685386145859042e-01	2.000000000000000111e-01	1.199999999999999956e+00	1.150269433397244079e-02
2.480000000000000000e+02	2.101271330084716980e-03	5.140632342275245348e-01	-6.391520476815504281e-01	2.000000000000000111e-01	1.199999999999999956e+00	5.061607491980696719e-03
2.490000000000000000e+02	1.459804921109588392e-02	1.278753029154263976e-01	5.901626426414052773e-02	2.000000000000000111e-01	1.199999999999999956e+00	5.484720355357706155e-03
2.500000000000000000e+02	1.958662158537842479e-02	-6.866742423234543924e-02	7.654128664579091801e-01	2.000000000000000111e-01	1.199999999999999956e+00	8.543567069629146374e-03
2.510000000000000000e+02	-7.657239481647015386e-03	4.513526830905895126e-01	-1.316649968826686390e+00	2.000000000000000111e-01	1.199999999999999956e+00	2.951816098550782280e-02
2.520000000000000000e+02	4.398932770436436365e-03	2.341436697305753489e-01	-1.291280648457608926e-01	2.000000000000000111e-01	1.199999999999999956e+00	4.403634376562875520e-03
2.530000000000000000e+02	8.066066555422886711e-03	5.520536698426004724e-02	5.644037471086296165e-01	2.000000000000000111e-01	1.199999999999999956e+00	1.137212250466245432e-02
2.540000000000000000e+02	7.456110349218604723e-03	4.882277529796413829e-01	-6.277267344383909986e-01	2.000000000000000111e-01	1.199999999999999956e+00	3.976127916040433051e-03
2.550000000000000000e+02	4.322369724429399665e-03	2.157458330266204816e-01	7.693972558406292350e-02	2.000000000000000111e-01	1.199999999999999956e+00	7.267103137162722604e-03
2.560000000000000000e+02	2.984879926904995644e-03	4.066709580327000639e-02	6.370733640113878105e-01	2.000000000000000111e-01	1.199999999999999956e+00	1.086489729811053982e-02
2.570000000000000000e+02	5.384930297130794373e-03	5.030081665260666829e-02	6.660683274441471236e-01	2.000000000000000111e-01	1.199999999999999956e+00	7.018827782117327552e-02
2.580000000000000000e+02	3.450460811965438274e-03	1.561540760850174125e-01	3.085817127124808046e-01	2.000000000000000111e-01	1.199999999999999956e+00	6.565347672565798216e-03
2.590000000000000000e+02	8.675224493141451762e-03	1.764356030966236777e-01	9.110454541569312781e-02	2.000000000000000111e-01	1.199999999999999956e+00	7.292021617921644501e-03
2.600000000000000000e+02	3.754136236278732622e-03	1.448555666643530637e-01	3.852545339957980097e-01	2.000000000000000111e-01	1.199999999999999956e+00	8.405001004877322990e-03
2.610000000000000000e+02	6.555657771208055207e-03	4.148540409118519484e-02	6.648405549149600802e-01	2.000000000000000111e-01	1.199999999999999956e+00	6.433210957944487940e-02
2.620000000000000000e+02	1.392134472621715802e-02	1.856769292970759655e-01	2.573514556196054848e-02	2.000000000000000111e-01	1.199999999999999956e+00	3.902961740088452692e-03
2.630000000000000000e+02	-6.124234022137521952e-03	3.845309403068649101e-01	-7.596581214147350991e-01	2.000000000000000111e-01	1.199999999999999956e+00	3.479786437338317634e-02
2.640000000000000000e+02	7.546138416807388928e-03	5.271888061169256734e-02	5.493611704971081977e-01	2.000000000000000111e-01	1.199999999999999956e+00	5.557226517566482907e-03
2.650000000000000000e+02	7.009366090949613673e-03	1.247234029553872664e-01	3.354274385556130778e-01	2.000000000000000111e-01	1.199999999999999956e+00	2.471688448847972775e-03
2.660000000000000000e+02	-2.900820961403825391e-04	9.276799852822426029e-02	3.970039271267538084e-01	2.322580645161289870e-01	1.199999999999999956e+00	3.855183030312658073e-03
2.670000000000000000e+02	1.176423994127096494e-02	-1.004464083538634395e-02	7.451213412728611152e-01	2.000000000000000111e-01	1.199999999999999956e+00	8.303366752955499558e-03
2.680000000000000000e+02	2.595336656316552058e-03	8.325023907622659813e-02	4.770056430874387576e-01	2.000000000000000111e-01	1.199999999999999956e+00	4.252216384341963272e-03
2.690000000000000000e+02	2.034261025034178258e-02	-3.461925635790411449e-03	5.545053568451631110e-01	2.000000000000000111e-01	1.199999999999999956e+00	5.960159838902667415e-03
2.700000000000000000e+02	5.853976377848526874e-04	1.213124600847057255e-01	7.181923161385661558e-03	2.000000000000000111e-01	1.199999999999999956e+00	5.698261467430056071e-02
2.710000000000000000e+02	1.655041203266817071e-02	2.337292314026666873e-01	-3.116034807430239084e-01	2.000000000000000111e-01	1.199999999999999956e+00	3.670107959207039028e-03
2.720000000000000000e+02	4.121891816077077365e-03	7.716284000431357371e-02	5.093058256882123658e-01	2.000000000000000111e-01	1.199999999999999956e+00	6.500330788154168142e-03
2.730000000000000000e+02	7.582922542619876735e-03	8.259852382787109815e-02	3.934257355972907710e-01	2.000000000000000111e-01	1.199999999999999956e+00	7.957289155386780902e-03
2.740000000000000000e+02	6.747726626480538351e-03	8.224211621152505147e-02	3.278161816792344307e-01	2.000000000000000111e-01	1.199999999999999956e+00	2.116187354718285403e-03
2.750000000000000000e+02	1.373133512013857173e-02	-5.263888134159771387e-02	8.645801680588964810e-01	2.000000000000000111e-01	1.199999999999999956e+00	1.044213623043932157e-02
2.760000000000000000e+02	1.098655378076252020e-02	1.002672619401104998e-01	1.130526400320983615e-01	2.000000000000000111e-01	1.199999999999999956e+00	2.756931153907537114e-03
2.770000000000000000e+02	1.073483855999277960e-02	5.951916066852203785e-02	5.474636043100784555e-01	2.000000000000000111e-01	1.199999999999999956e+00	6.676021131241253841e-03
2.780000000000000000e+02	7.778279353082920462e-03	1.837857622015551251e-01	7.998539119128045272e-02	2.000000000000000111e-01	1.199999999999999956e+00	3.498096111419311729e-03
2.790000000000000000e+02	3.175165152446577689e-03	1.063108855287695914e-01	1.930511997071613361e-01	2.000000000000000111e-01	1.199999999999999956e+00	2.848542972656437511e-03
2.800000000000000000e+02	4.869809400940209969e-03	1.579932178792628206e-01	2.064661457816026058e-01	2.000000000000000111e-01	1.199999999999999956e+00	7.174636512517843998e-03
2.810000000000000000e+02	5.051574665534299194e-03	5.582772611412171321e-02	4.988019728449961665e-01	2.000000000000000111e-01	1.199999999999999956e+00	5.817295949270526005e-03
2.820000000000000000e+02	2.307907614840646812e-03	-1.134362842441924597e-02	9.652238050332563324e-01	2.000000000000000111e-01	1.199999999999999956e+00	1.930998535136103228e-02
2.830000000000000000e+02	5.303038848101848668e-03	5.668820841362109952e-02	5.883342240244114896e-01	2.000000000000000111e-01	1.199999999999999956e+00	9.120279428336725697e-03
2.840000000000000000e+02	2.487259270162613545e-03	9.469966152107413271e-02	4.520127031026113240e-01	2.000000000000000111e-01	1.199999999999999956e+00	5.816587820115860438e-03
2.850000000000000000e+02	4.153197016381437838e-03	6.300690639288382411e-02	4.872096042432790819e-01	2.000000000000000111e-01	1.199999999999999956e+00	3.826476936532688302e-03
2.860000000000000000e+02	7.241196245631688691e-03	4.917704975745361418e-02	6.302247543370843585e-01	2.000000000000000111e-01	1.199999999999999956e+00	9.475227334383483704e-03
2.870000000000000000e+02	1.313414688834491258e-02	1.841856483442488590e-01	-7.108640549727107683e-02	2.000000000000000111e-01	1.199999999999999956e+00	7.998879329159857762e-03
2.880000000000000000e+02	1.044017291323457233e-02	-6.586415394908255727e-02	1.017698678656172584e+00	2.000000000000000111e-01	1.199999999999999956e+00	1.437463190924455868e-02
2.890000000000000000e+02	3.700033129568830632e-03	1.962699783542597165e-01	6.051454628541153014e-02	2.000000000000000111e-01	1.199999999999999956e+00	6.263114408882110642e-03
2.900000000000000000e+02	-3.428579392587603226e-03	3.784157939127139048e-01	-5.422823425136478193e-01	2.000000000000000111e-01	1.199999999999999956e+00	4.082110120568680639e-02
2.910000000000000000e+02	6.525728155844253038e-03	-7.094347763603503498e-02	1.087765271020521451e+00	2.000000000000000111e-01	1.199999999999999956e+00	1.153341382390230332e-02
2.920000000000000000e+02	5.653608795105908268e-03	2.581015511954353608e-02	6.239013232469480252e-01	2.000000000000000111e-01	1.199999999999999956e+00	1.283875482357932710e-02
2.930000000000000000e+02	5.894708267770126624e-03	1.407510730817155831e-01	4.331743355198429679e-01	2.000000000000000111e-01	1.199999999999999956e+00	1.749596989508011083e-02
2.940000000000000000e+02	4.230096253981362880e-03	-9.625012456287253271e-03	8.418388366976651271e-01	2.000000000000000111e-01	1.199999999999999956e+00	1.438548303025097633e-02
2.950000000000000000e+02	5.571816549752338539e-03	1.290681210526543714e-02	7.453216205910743186e-01	2.000000000000000111e-01	1.199999999999999956e+00	7.832203119071529801e-03
2.960000000000000000e+02	2.733967765017895728e-03	3.698760389758028871e-02	6.447474544144079500e-01	2.000000000000000111e-01	1.199999999999999956e+00	8.396861069702577299e-03
2.970000000000000000e+02	5.575451152407422117e-03	6.591689053627436401e-02	5.821612656175766398e-01	2.000000000000000111e-01	1.199999999999999956e+00	7.813508294938799337e-03
2.980000000000000000e+02	6.201884296136044028e-03	4.299733392824720696e-02	5.224975520098444903e-01	2.000000000000000111e-01	1.199999999999999956e+00	1.128522552112545992e-02
2.990000000000000000e+02	6.576765475623103444e-03	2.151815621197042949e-01	9.777415485237561654e-02	2.000000000000000111e-01	1.199999999999999956e+00	1.150150168679713210e-02
3.000000000000000000e+02	-1.448507524171012591e-02	6.588501612572922328e-01	-2.061153913775896740e+00	2.000000000000000111e-01	1.199999999999999956e+00	4.792651105415787066e-02
3.010000000000000000e+02	2.468500156780473360e-03	1.734612519354128413e-02	7.162699303904049852e-01	2.000000000000000111e-01	1.199999999999999956e+00	2.090825342643283166e-02
3.020000000000000000e+02	1.707334803769892245e-03	2.297974448418815818e-01	1.581247431490417910e-02	2.000000000000000111e-01	1.199999999999999956e+00	5.128230763601310770e-03
3.030000000000000000e+02	2.975928046933814988e-03	8.454085880086312232e-02	5.108181702266498814e-01	2.000000000000000111e-01	1.199999999999999956e+00	8.104963323350465945e-03
3.040000000000000000e+02	5.991586313727569231e-03	1.242134740837124579e-01	4.698456718412478139e-01	2.000000000000000111e-01	1.199999999999999956e+00	1.139738360682448007e-02
3.050000000000000000e+02	8.258648508660260124e-03	2.017357617604759179e-01	4.630661372261313247e-02	2.000000000000000111e-01	1.199999999999999956e+00	4.844585376040772516e-03
3.060000000000000000e+02	6.284823228925916563e-03	5.003491151688684024e-02	6.231990909111085886e-01	2.000000000000000111e-01	1.199999999999999956e+00	1.030266120621697347e-02
3.070000000000000000e+02	6.920062663136646551e-03	-8.106461571963274187e-03	7.557708206405492346e-01	2.000000000000000111e-01	1.199999999999999956e+00	8.669090488125237234e-03
3.080000000000000000e+02	8.614616639673805532e-03	8.325391754237541908e-02	4.802239802302765703e-01	2.000000000000000111e-01	1.199999999999999956e+00	1.243072280166668264e-02
3.090000000000000000e+02	5.288452237130231159e-03	6.563263582247814976e-02	5.436042597470317483e-01	2.000000000000000111e-01	1.199999999999999956e+00	2.014214447759232404e-02
3.100000000000000000e+02	2.791887877396603563e-03	1.796080364882592928e-01	1.601388756461727958e-01	2.000000000000000111e-01	1.199999999999999956e+00	8.668065195205397824e-03
3.110000000000000000e+02	5.298029144324430985e-03	1.283565965528258579e-01	2.899975176911866459e-01	2.000000000000000111e-01	1.199999999999999956e+00	3.720673204320237674e-03
3.120000000000000000e+02	2.650395329010784597e-03	9.132072859898933415e-02	2.833629176233816160e-01	2.000000000000000111e-01	1.199999999999999956e+00	3.509120667917801917e-03
3.130000000000000000e+02	-2.063445470605695595e-03	2.483702309847185541e-01	-3.711327164783133625e-01	2.000000000000000111e-01	1.199999999999999956e+00	5.033628257976929810e-02
3.140000000000000000e+02	-7.157811562174135403e-04	1.740814842145096131e-01	7.215546419606599926e-02	2.000000000000000111e-01	1.199999999999999956e+00	5.317381556471766080e-02
3.150000000000000000e+02	6.766969500924586815e-03	5.578852794641896151e-02	6.003751538928782105e-01	2.000000000000000111e-01	1.199999999999999956e+00	2.179492858927696911e-02
3.160000000000000000e+02	6.283653594040392552e-03	2.791158249481320297e-01	-5.344092281389185572e-01	2.000000000000000111e-01	1.199999999999999956e+00	2.419205645673625036e-03
3.170000000000000000e+02	5.070029160383296256e-03	1.629750269218024905e-01	2.875991481299764452e-01	2.000000000000000111e-01	1.199999999999999956e+00	5.096747777530198642e-03
3.180000000000000000e+02	6.208125863322829993e-03	1.702402375653302991e-01	9.240733420995850267e-02	2.000000000000000111e-01	1.199999999999999956e+00	6.133649334362549499e-03
3.190000000000000000e+02	6.862223203349004062e-03	3.890175166020674695e-03	7.075610611223164259e-01	2.000000000000000111e-01	1.199999999999999956e+00	1.116207619546463574e-02
3.200000000000000000e+02	1.275534181813587145e-02	-7.756384300738733677e-04	6.591326268979150749e-01	2.000000000000000111e-01	1.199999999999999956e+00	6.133810538804155763e-03
3.210000000000000000e+02	5.351167161636538779e-03	1.916503604504604386e-01	1.939101450501112822e-01	2.000000000000000111e-01	1.199999999999999956e+00	6.611608873521163110e-03
3.220000000000000000e+02	5.931021311150166259e-03	2.953131024040176258e-02	6.495640495141430382e-01	2.000000000000000111e-01	1.199999999999999956e+00	9.326846444770378261e-03
3.230000000000000000e+02	7.252423727227377305e-03	-6.939900452411830456e-02	1.047955482500206204e+00	2.000000000000000111e-01	1.199999999999999956e+00	1.003807886545641896e-02
3.240000000000000000e+02	4.355717588632351464e-03	3.071385126066758856e-03	7.736495530986187141e-01	2.000000000000000111e-01	1.199999999999999956e+00	8.704675950833368897e-03
3.250000000000000000e+02	2.914028268918584814e-03	4.134976130560796825e-02	5.789986338024880608e-01	2.000000000000000111e-01	1.199999999999999956e+00	5.989240386510815382e-03
3.260000000000000000e+02	1.379667020448344279e-02	2.836206905020766458e-02	5.492750155078858221e-01	2.000000000000000111e-01	1.199999999999999956e+00	8.158963412710173307e-03
3.270000000000000000e+02	6.443094597205289466e-03	5.551260016982045159e-02	6.458519014578227857e-01	2.000000000000000111e-01	1.199999999999999956e+00	1.996719075820252431e-02
3.280000000000000000e+02	2.242545938246403615e-03	2.055444021248563694e-02	6.589308613695341599e-01	2.000000000000000111e-01	1.199999999999999956e+00	5.764375071791909624e-03
3.290000000000000000e+02	6.887974729829734674e-03	7.749293132239974680e-02	4.890350916494212719e-01	2.000000000000000111e-01	1.199999999999999956e+00	8.029061256074486799e-03
3.300000000000000000e+02	5.433359280659353849e-03	1.572977365922481607e-01	2.241024131546462961e-01	2.000000000000000111e-01	1.199999999999999956e+00	7.154906111451039309e-03
3.310000000000000000e+02	5.990309593515028876e-03	9.145137146751480817e-02	3.774738209486392382e-01	2.000000000000000111e-01	1.199999999999999956e+00	9.751997973547183937e-03
3.320000000000000000e+02	3.439694663648441841e-02	1.970545536444961165e-01	-3.572282826373025522e-01	2.000000000000000111e-01	1.199999999999999956e+00	7.318807779334598682e-03
3.330000000000000000e+02	7.391347095154333566e-03	4.380419697918009475e-02	6.721426448193834613e-01	2.000000000000000111e-01	1.199999999999999956e+00	1.617149981781206697e-02
3.340000000000000000e+02	3.616948251410025648e-03	2.024283048502222015e-01	-2.439717933939267169e-03	2.000000000000000111e-01	1.199999999999999956e+00	4.440617213444671661e-03
3.350000000000000000e+02	4.711424200969113393e-03	1.935054646603072415e-02	6.898468198826366304e-01	2.000000000000000111e-01	1.199999999999999956e+00	1.132229793601526556e-02
3.360000000000000000e+02	3.447314099930614498e-03	6.653701492973355947e-02	5.938835851283129630e-01	2.000000000000000111e-01	1.199999999999999956e+00	4.685041678610934318e-02
3.370000000000000000e+02	3.098567547104942935e-03	9.348216369151157723e-02	3.347104862303809103e-01	2.000000000000000111e-01	1.199999999999999956e+00	4.494452247727829045e-03
3.380000000000000000e+02	3.488495022485581850e-03	1.291821602923459156e-01	3.023322307394020747e-01	2.000000000000000111e-01	1.199999999999999956e+00	5.506662711110977236e-03
3.390000000000000000e+02	6.364869704417436269e-03	5.291342280734367270e-02	6.278567177655747233e-01	2.000000000000000111e-01	1.199999999999999956e+00	9.132715120040114584e-03
3.400000000000000000e+02	1.921144694254987156e-02	9.280853304812987370e-02	2.479388297781084383e-01	2.000000000000000111e-01	1.199999999999999956e+00	8.582931488054270849e-03
3.410000000000000000e+02	4.308060668286981150e-03	1.526495492217326000e-01	1.857728730647227877e-01	2.000000000000000111e-01	1.199999999999999956e+00	1.950438632462653601e-02
3.420000000000000000e+02	4.836181530327643072e-03	1.079715350405555246e-01	3.313871622013584428e-01	2.000000000000000111e-01	1.199999999999999956e+00	1.155586786671538961e-02
3.430000000000000000e+02	7.700261081085122902e-03	2.087247934746199601e-02	6.023037472347194665e-01	2.000000000000000111e-01	1.199999999999999956e+00	1.836937654485219090e-02
3.440000000000000000e+02	1.053433703818902958e-02	1.991628102503234521e-02	5.168458983862421752e-01	2.000000000000000111e-01	1.199999999999999956e+00	6.747834626173856987e-03
3.450000000000000000e+02	7.129483189409076792e-03	1.589662112570014718e-01	8.315962584265434998e-02	2.000000000000000111e-01	1.199999999999999956e+00	6.139850800787474173e-03
3.460000000000000000e+02	7.104668698776582351e-03	-7.267693608186186205e-02	1.116710867673135654e+00	2.000000000000000111e-01	1.199999999999999956e+00	2.969001096241177459e-02
3.470000000000000000e+02	2.530769607220787528e-03	1.258380735323070543e-01	3.143826820374444608e-01	2.000000000000000111e-01	1.199999999999999956e+00	5.942977375433872687e-03
3.480000000000000000e+02	2.361337962337758771e-03	2.247444222708863404e-01	1.120555871674886461e-01	2.000000000000000111e-01	1.199999999999999956e+00	6.941962752075521090e-03
3.490000000000000000e+02	1.314977595580864994e-02	2.799837020912685978e-03	5.656573008938461378e-01	2.000000000000000111e-01	1.199999999999999956e+00	1.133427983787798840e-02
3.500000000000000000e+02	3.449559300429132572e-03	1.870782398620201015e-01	1.887531703808082995e-01	2.000000000000000111e-01	1.199999999999999956e+00	6.670090870311133971e-03
3.510000000000000000e+02	3.551822117695022183e-03	1.312028047222135174e-01	3.942008881444534207e-01	2.000000000000000111e-01	1.199999999999999956e+00	7.850860532798663999e-03
3.520000000000000000e+02	-1.830227303043640338e-03	2.517327224064734859e-01	-9.437244240399644823e-01	2.000000000000000111e-01	1.199999999999999956e+00	1.383251496842876072e-01
3.530000000000000000e+02	6.341118846158362750e-03	-1.708558876601855986e-03	7.285353867298846042e-01	2.000000000000000111e-01	1.199999999999999956e+00	9.666037699284448642e-03
3.540000000000000000e+02	7.982035605464709790e-03	1.216276815840577064e-01	2.781013485709491473e-01	2.000000000000000111e-01	1.199999999999999956e+00	5.695748641938794266e-03
3.550000000000000000e+02	3.689613328061921819e-03	1.162756437533619264e-01	2.153014289779247026e-01	2.000000000000000111e-01	1.199999999999999956e+00	4.360496382637360328e-03
3.560000000000000000e+02	5.464300635100846106e-03	1.940631137958944707e-01	1.377079140789532197e-01	2.000000000000000111e-01	1.199999999999999956e+00	6.111051005735975220e-03
3.570000000000000000e+02	3.188817431393144337e-03	7.695335071020577289e-02	5.288049649451500578e-01	2.000000000000000111e-01	1.199999999999999956e+00	5.634550125798332143e-03
3.580000000000000000e+02	4.299853256179185686e-03	1.782828684306844019e-02	7.309464086726326082e-01	2.000000000000000111e-01	1.199999999999999956e+00	6.345781827673729891e-03
3.590000000000000000e+02	8.026973320524734973e-03	9.401049316903944963e-02	4.303914214323849574e-01	2.000000000000000111e-01	1.199999999999999956e+00	5.241380363336518335e-03
3.600000000000000000e+02	1.434293202469797551e-03	2.707074113303227225e-01	-2.695727093304243205e-01	2.000000000000000111e-01	1.199999999999999956e+00	3.455279665485147794e-03
3.610000000000000000e+02	9.712749375854598868e-03	7.232310996579342788e-02	4.683804537236697652e-01	2.000000000000000111e-01	1.199999999999999956e+00	4.933404106082473622e-02
3.620000000000000000e+02	3.998896029272828133e-03	2.677699096635089981e-01	-2.467375647426339746e-01	2.000000000000000111e-01	1.199999999999999956e+00	3.882444017288771195e-03
3.630000000000000000e+02	7.785640137166929646e-03	-3.952550228083213761e-03	7.317883787071304269e-01	2.000000000000000111e-01	1.199999999999999956e+00	9.158168030114934369e-03
3.640000000000000000e+02	2.901789797847013387e-03	1.119444831404238505e-01	4.439587962314306413e-01	2.000000000000000111e-01	1.199999999999999956e+00	4.627597469940791797e-03
3.650000000000000000e+02	5.595586741675114169e-03	9.229699259894970365e-02	3.899027641535528499e-01	2.000000000000000111e-01	1.199999999999999956e+00	3.736663226659212543e-03
3.660000000000000000e+02	2.803561346649151645e-03	1.886334803189798973e-02	6.860268111300209526e-01	2.000000000000000111e-01	1.199999999999999956e+00	8.485286599418417550e-03
3.670000000000000000e+02	2.864262911872209917e-03	1.016431964889764755e-01	4.211896436740762972e-01	2.000000000000000111e-01	1.199999999999999956e+00	8.024417196769996832e-03
3.680000000000000000e+02	7.856401567822161522e-03	1.056590886825546360e-01	2.808968261780815379e-01	2.000000000000000111e-01	1.199999999999999956e+00	6.330884144605542982e-03
3.690000000000000000e+02	6.909308716229877780e-03	1.168807291364249296e-01	1.772623451821737639e-01	2.000000000000000111e-01	1.199999999999999956e+00	2.182559857011324902e-03
3.700000000000000000e+02	4.610139933073259359e-03	1.417437812349681414e-01	2.191039264723877444e-01	2.000000000000000111e-01	1.199999999999999956e+00	6.603614009987027536e-03
3.710000000000000000e+02	6.817958438100893935e-03	5.021215800038233285e-02	7.159093805871279415e-01	2.000000000000000111e-01	1.199999999999999956e+00	8.657761860774677853e-02
3.720000000000000000e+02	2.214840885055595690e-03	2.283106436498925362e-01	-2.442166298686254677e-02	2.000000000000000111e-01	1.199999999999999956e+00	5.583907376459802500e-03
3.730000000000000000e+02	1.875366352658861674e-02	1.732059146040544617e-01	8.502817844860066643e-02	2.000000000000000111e-01	1.199999999999999956e+00	9.586296050234104429e-03
3.740000000000000000e+02	4.463129422278673542e-03	5.886089170027890977e-02	6.093592617255881860e-01	2.000000000000000111e-01	1.199999999999999956e+00	1.249816139862650922e-02
3.750000000000000000e+02	-1.220494671131282845e-03	2.849584399633736109e-01	-3.667815424463443108e-01	2.000000000000000111e-01	1.199999999999999956e+00	2.909335222445129029e-02
3.760000000000000000e+02	4.246878358172455174e-03	6.539188413006352674e-02	5.453520256869389682e-01	2.000000000000000111e-01	1.199999999999999956e+00	5.373785021709339901e-03
3.770000000000000000e+02	8.559640836375555922e-03	9.222715996433759889e-02	2.530443031799816112e-01	2.000000000000000111e-01	1.199999999999999956e+00	4.647602313855686042e-03
3.780000000000000000e+02	2.275834161997973646e-03	2.929563130398337573e-02	6.415604405817919575e-01	2.000000000000000111e-01	1.199999999999999956e+00	8.204999236841781576e-03
3.790000000000000000e+02	1.032344557047984099e-02	8.467366994950613346e-02	4.226564206881132657e-01	2.000000000000000111e-01	1.199999999999999956e+00	5.570535013470589818e-03
3.800000000000000000e+02	3.919243957219788015e-03	6.581650690493857925e-02	5.465344972361891873e-01	2.000000000000000111e-01	1.199999999999999956e+00	7.037041297930519620e-03
3.810000000000000000e+02	-3.640488001563196559e-05	1.070924851005111977e-01	4.157674571818437137e-01	2.000000000000000111e-01	1.199999999999999956e+00	1.256252185179259316e-02
3.820000000000000000e+02	3.489269563798539243e-03	5.996563928494909324e-02	5.438774219313033953e-01	2.000000000000000111e-01	1.199999999999999956e+00	5.171734945760792478e-03
3.830000000000000000e+02	2.715836491083153861e-03	4.488327305528456990e-02	5.826639680798012533e-01	2.000000000000000111e-01	1.199999999999999956e+00	7.797303249686751529e-03
