0.000000000000000000e+00	2.406726453603572763e-03	3.509218507779982565e-01	-2.956908793512709188e-01	2.000000000000000111e-01	1.199999999999999956e+00	4.886719969613658766e-03
1.000000000000000000e+00	1.759838955989112856e-03	2.317785429923440721e-01	-4.214157571354912868e-01	2.000000000000000111e-01	1.199999999999999956e+00	2.391470892578688185e-03
2.000000000000000000e+00	1.689917422193673233e-03	2.001651541754264352e-01	2.028689103508884983e-02	2.000000000000000111e-01	1.199999999999999956e+00	2.125074047855205709e-03
3.000000000000000000e+00	-4.632088167246274472e-03	3.740497534666542556e-01	-2.622917844838816848e-01	2.000000000000000111e-01	1.199999999999999956e+00	4.181437597544059026e-03
4.000000000000000000e+00	-1.625168819490374562e-04	1.499051510991754599e-01	3.667635900482246747e-01	2.000000000000000111e-01	1.199999999999999956e+00	4.111582066008969902e-03
5.000000000000000000e+00	-3.837750705150238997e-03	4.289281870366581928e-01	-3.965156257145183716e-01	2.000000000000000111e-01	1.199999999999999956e+00	5.690201600849474108e-03
6.000000000000000000e+00	1.724126097029306985e-03	3.033344464927634765e-01	-4.349532430963973795e-01	2.000000000000000111e-01	1.199999999999999956e+00	4.122815672993974077e-03
7.000000000000000000e+00	2.808527045683351965e-03	1.293563975268397781e-01	4.428291766624208314e-01	2.000000000000000111e-01	1.199999999999999956e+00	5.903775887027602406e-03
8.000000000000000000e+00	-1.538135106415191265e-02	7.840805842425987437e-01	-1.762210190965184609e+00	2.000000000000000111e-01	1.199999999999999956e+00	4.204910496748172181e-03
9.000000000000000000e+00	1.542979422446902858e-03	3.143052148017141945e-01	-4.262818777519110647e-01	2.000000000000000111e-01	1.199999999999999956e+00	4.396756586254426009e-03
1.000000000000000000e+01	-1.117697007433595541e-02	5.439233024789881243e-01	-1.286799960567678980e+00	2.000000000000000111e-01	1.199999999999999956e+00	1.895043644181120673e-02
1.100000000000000000e+01	2.047592973858998640e-03	1.139313984681629421e-01	4.405102340408273420e-01	2.000000000000000111e-01	1.199999999999999956e+00	3.810204069574293136e-03
1.200000000000000000e+01	2.196452750530633949e-03	4.409996405221919824e-01	-4.888998146405265643e-01	2.000000000000000111e-01	1.199999999999999956e+00	5.012144250037342021e-03
1.300000000000000000e+01	1.486487295039543672e-03	1.385699794178972266e-01	4.550863902522945814e-01	2.000000000000000111e-01	1.199999999999999956e+00	6.287706656575665042e-03
1.400000000000000000e+01	-6.748884249986353799e-03	5.186112989731350709e-01	-4.676163000494000244e-01	2.000000000000000111e-01	1.199999999999999956e+00	7.104424639998927794e-03
1.500000000000000000e+01	2.306793417461173827e-03	1.035668921804838022e-01	5.007192886067435289e-01	2.000000000000000111e-01	1.199999999999999956e+00	6.322830181464770931e-03
1.600000000000000000e+01	-1.534502745440298466e-02	7.389318173306963500e-01	-8.625439665625940222e-01	2.000000000000000111e-01	1.199999999999999956e+00	9.305096878615538511e-03
1.700000000000000000e+01	-2.911806617152246481e-04	1.680123978756870584e-01	2.163675865309402369e-01	2.000000000000000111e-01	1.199999999999999956e+00	5.741149085303810969e-03
1.800000000000000000e+01	2.538697155624128083e-03	1.882206209926293450e-01	2.160962983904064494e-01	2.000000000000000111e-01	1.199999999999999956e+00	2.781201218529816711e-03
1.900000000000000000e+01	-6.617531866785119005e-04	2.303562404593406387e-01	1.659436010157850916e-01	2.000000000000000111e-01	1.199999999999999956e+00	5.108793442441728581e-03
2.000000000000000000e+01	-1.614155416488701313e-03	3.118329407884010696e-01	-8.170333285057918005e-02	2.000000000000000111e-01	1.199999999999999956e+00	8.167581489683566412e-03
2.100000000000000000e+01	-1.516055942944615658e-04	1.590818116041534391e-01	4.226073860701480278e-01	2.000000000000000111e-01	1.199999999999999956e+00	7.004914996192171395e-03
2.200000000000000000e+01	4.433033276976770798e-04	1.084454942798961236e-01	5.318562396649975099e-01	2.000000000000000111e-01	1.199999999999999956e+00	1.051103038521302400e-02
2.300000000000000000e+01	-5.942762060287659284e-03	6.294630646787580108e-01	-8.168818885629756110e-01	2.000000000000000111e-01	1.199999999999999956e+00	4.994845374520647495e-03
2.400000000000000000e+01	2.290939348396861790e-03	2.328241054167363433e-01	9.737254637590009310e-03	2.000000000000000111e-01	1.199999999999999956e+00	4.126575016226263770e-03
2.500000000000000000e+01	5.985378198479422398e-05	2.997238980113940965e-01	-4.196740936224010454e-01	2.000000000000000111e-01	1.199999999999999956e+00	2.565129082981415769e-03
2.600000000000000000e+01	-1.190275656772137676e-05	1.843752924879233923e-01	1.851958354293401499e-01	2.000000000000000111e-01	1.199999999999999956e+00	3.454993559925539047e-03
2.700000000000000000e+01	1.007628863980603067e-04	3.020094056284211570e-01	5.765154160457086618e-02	2.000000000000000111e-01	1.199999999999999956e+00	7.669569252120411566e-03
2.800000000000000000e+01	-2.545853814517922559e-03	3.434271489874735073e-01	-2.870661886104883820e-01	2.000000000000000111e-01	1.199999999999999956e+00	7.830147457071865574e-03
2.900000000000000000e+01	5.577933156919294595e-03	1.941868768114423660e-01	-1.637334829199628139e-01	2.000000000000000111e-01	1.199999999999999956e+00	2.655954535887462310e-03
3.000000000000000000e+01	-3.740213891953242864e-04	1.811765695254409225e-01	-9.741191297208651179e-02	2.000000000000000111e-01	1.199999999999999956e+00	2.107187513825330323e-03
3.100000000000000000e+01	-3.631371948888129520e-03	4.319799807386399682e-01	-3.841716784567257292e-01	2.000000000000000111e-01	1.199999999999999956e+00	1.809886107260286507e-03
3.200000000000000000e+01	4.871586125935661112e-04	1.004480162403038196e-01	5.095892844210756500e-01	2.000000000000000111e-01	1.199999999999999956e+00	6.105371567788284333e-03
3.300000000000000000e+01	1.191146296632037208e-03	2.705774002071864581e-01	7.561013764213786459e-02	2.000000000000000111e-01	1.199999999999999956e+00	8.300388550580918220e-03
3.400000000000000000e+01	3.735666445654815902e-03	1.185901977210377656e-01	3.535726760542556857e-01	2.000000000000000111e-01	1.199999999999999956e+00	3.013046766984855528e-03
3.500000000000000000e+01	1.904937453325220454e-03	1.379063051452003030e-01	2.801857902264126565e-01	2.000000000000000111e-01	1.199999999999999956e+00	1.547536476287445818e-02
3.600000000000000000e+01	-2.768904137176430029e-04	2.388088186054620476e-01	4.230923916502904447e-02	2.000000000000000111e-01	1.199999999999999956e+00	4.889787345092959023e-03
3.700000000000000000e+01	-1.005211203578111785e-02	5.896294265192981721e-01	-6.943371990244804337e-01	2.000000000000000111e-01	1.199999999999999956e+00	7.100673080069141475e-03
3.800000000000000000e+01	3.033660285112122260e-04	1.572495981758783024e-01	2.727796946907314890e-01	2.000000000000000111e-01	1.199999999999999956e+00	5.037863425184169186e-03
3.900000000000000000e+01	4.256617100551875286e-04	1.016856577786488108e-01	4.335796580915629583e-01	2.000000000000000111e-01	1.199999999999999956e+00	2.666187201242411174e-03
4.000000000000000000e+01	2.501200078586349965e-03	1.768826302038334630e-01	2.448010518023560067e-01	2.000000000000000111e-01	1.199999999999999956e+00	4.154190890509007993e-03
4.100000000000000000e+01	1.249305792752495193e-03	1.198470746824720073e-01	3.385366455312714962e-01	2.000000000000000111e-01	1.199999999999999956e+00	4.847704878629556687e-03
4.200000000000000000e+01	-2.676850863865770300e-03	3.366471562865482325e-01	-1.703537037733449111e-01	2.000000000000000111e-01	1.199999999999999956e+00	8.431043496945770169e-03
4.300000000000000000e+01	7.910596012704962723e-04	7.798446532090903827e-02	5.583373134806688398e-01	2.000000000000000111e-01	1.199999999999999956e+00	4.228243608132265484e-03
4.400000000000000000e+01	2.163372848802678963e-03	1.718966346961237901e-01	3.301056686714143318e-01	2.000000000000000111e-01	1.199999999999999956e+00	6.555842643521668338e-03
4.500000000000000000e+01	1.573902059880048039e-03	7.026935692733213279e-02	5.648099476776966554e-01	2.000000000000000111e-01	1.199999999999999956e+00	5.624631317501742507e-03
4.600000000000000000e+01	2.325917814846959755e-04	2.674991155390978870e-01	-2.306637974868142038e-02	2.000000000000000111e-01	1.199999999999999956e+00	6.336168261327497497e-03
4.700000000000000000e+01	2.085980439480840040e-03	1.933835792555379796e-01	9.450000459030460931e-02	2.000000000000000111e-01	1.199999999999999956e+00	2.170192757433723856e-03
4.800000000000000000e+01	-2.501102706026234277e-03	3.618768217608983595e-01	-3.393228072704657095e-01	2.000000000000000111e-01	1.199999999999999956e+00	6.244581171551569741e-03
4.900000000000000000e+01	2.404762593532683897e-03	1.746138346015572718e-01	1.301426758890626978e-01	2.000000000000000111e-01	1.199999999999999956e+00	3.433399309317620302e-03
5.000000000000000000e+01	-4.253706830957004921e-03	6.487433474165819058e-01	-1.371584171190701973e+00	2.000000000000000111e-01	1.199999999999999956e+00	2.404074170873065231e-03
5.100000000000000000e+01	-1.396160566818249911e-03	3.884549061294828021e-01	-4.263687966324365419e-01	2.000000000000000111e-01	1.199999999999999956e+00	4.432953657207196543e-03
5.200000000000000000e+01	-1.268532241815571206e-03	2.409596167238506337e-01	6.829851544903142724e-02	2.000000000000000111e-01	1.199999999999999956e+00	1.146038848852500187e-02
5.300000000000000000e+01	-1.116392906505947035e-04	2.517605354525737082e-01	1.334918086367009593e-01	2.000000000000000111e-01	1.199999999999999956e+00	8.869214741825037426e-03
5.400000000000000000e+01	2.007742380912752155e-03	2.022893167179180829e-01	2.046212749710507595e-01	2.000000000000000111e-01	1.199999999999999956e+00	9.052283033855103994e-03
5.500000000000000000e+01	-8.451840509382366109e-04	2.220186931531983876e-01	-4.961993548357845896e-02	2.000000000000000111e-01	1.199999999999999956e+00	2.319551121712385387e-03
5.600000000000000000e+01	3.742544776780361488e-04	1.463054492455244937e-01	4.062540792008815238e-01	2.000000000000000111e-01	1.199999999999999956e+00	8.157633467388620066e-03
5.700000000000000000e+01	-5.950199102887947710e-04	2.051586662332656741e-01	2.247249762059100320e-01	2.000000000000000111e-01	1.199999999999999956e+00	1.130778304203329358e-02
5.800000000000000000e+01	-1.330590168180981279e-03	2.744540291667060261e-01	2.199243014679463926e-02	2.000000000000000111e-01	1.199999999999999956e+00	5.776602323751324833e-03
5.900000000000000000e+01	-1.488350487918751455e-03	2.607646294977025714e-01	-2.854286016683982297e-02	2.000000000000000111e-01	1.199999999999999956e+00	2.051170744150651419e-03
6.000000000000000000e+01	1.953587790025429743e-03	1.990191640377601545e-01	1.218350736391848876e-01	2.000000000000000111e-01	1.199999999999999956e+00	3.492272499678856276e-03
6.100000000000000000e+01	1.823971491115884149e-04	1.740974409138597856e-01	2.767046985927423819e-01	2.000000000000000111e-01	1.199999999999999956e+00	5.727684233323836194e-03
6.200000000000000000e+01	1.759888520868625609e-03	1.740783028971372437e-01	1.707055302600397617e-01	2.000000000000000111e-01	1.199999999999999956e+00	2.933132437168970482e-03
6.300000000000000000e+01	-1.684429203927660440e-03	2.384959323941862885e-01	1.318475008703812179e-01	2.000000000000000111e-01	1.199999999999999956e+00	1.045535014581005021e-02
6.400000000000000000e+01	6.312782286335891051e-03	3.073900472933064343e-01	-3.348281094511320610e-01	2.000000000000000111e-01	1.199999999999999956e+00	6.862541804993506529e-03
6.500000000000000000e+01	2.254127486986943802e-04	2.298432455848978540e-01	1.473903031905741123e-01	2.000000000000000111e-01	1.199999999999999956e+00	3.777629134753123820e-03
6.600000000000000000e+01	6.869411856862437738e-04	1.532270940585954977e-01	7.988318252218595816e-02	2.000000000000000111e-01	1.199999999999999956e+00	4.153623083227649115e-03
6.700000000000000000e+01	1.530590203607019612e-04	1.029859851506858687e-01	4.527220808281287034e-01	2.000000000000000111e-01	1.199999999999999956e+00	5.646266188342820118e-03
6.800000000000000000e+01	3.616275934705329154e-03	2.768995172223832624e-01	-9.383440919241259337e-02	2.000000000000000111e-01	1.199999999999999956e+00	4.668083494543419192e-03
6.900000000000000000e+01	1.265206819131666144e-04	1.758792344494037319e-01	3.914811241692439658e-01	2.000000000000000111e-01	1.199999999999999956e+00	6.417742570367150796e-03
7.000000000000000000e+01	-6.564945654027809323e-03	4.008714280891658155e-01	-9.856961582531926780e-01	2.000000000000000111e-01	1.199999999999999956e+00	2.339866336336924105e-02
7.100000000000000000e+01	1.438043215947121907e-03	1.253398403732216282e-01	1.813239526661645229e-01	2.000000000000000111e-01	1.199999999999999956e+00	2.843643847479138381e-03
7.200000000000000000e+01	2.005192371086633903e-03	1.298667586681375163e-01	3.561176702029329455e-01	2.000000000000000111e-01	1.199999999999999956e+00	6.115794717895743637e-03
7.300000000000000000e+01	8.023948636793868001e-04	1.783773553591168071e-01	2.152788900709414754e-01	2.000000000000000111e-01	1.199999999999999956e+00	8.408889579443089984e-03
7.400000000000000000e+01	-4.968758786195852113e-04	1.826101397668763171e-01	3.257091476662545837e-01	2.000000000000000111e-01	1.199999999999999956e+00	5.552653005113555688e-03
7.500000000000000000e+01	2.993226211669020725e-03	1.150419369801932573e-01	3.819764755931707167e-01	2.000000000000000111e-01	1.199999999999999956e+00	5.741974289020883131e-03
7.600000000000000000e+01	-2.753517216930151498e-04	4.291054306868850032e-01	-7.320946006728732414e-01	2.000000000000000111e-01	1.199999999999999956e+00	2.910130656486120161e-03
7.700000000000000000e+01	9.133403241194546981e-04	1.820702485151393935e-01	1.701074671701663377e-01	2.000000000000000111e-01	1.199999999999999956e+00	5.296700299586219220e-03
7.800000000000000000e+01	4.564402870996855650e-04	2.277359392951873451e-01	1.260341925961281362e-01	2.000000000000000111e-01	1.199999999999999956e+00	8.762353946885839337e-03
7.900000000000000000e+01	-3.988511025997146416e-03	3.980458408825364724e-01	-3.616670804076598245e-01	2.000000000000000111e-01	1.199999999999999956e+00	8.069107600675242895e-03
8.000000000000000000e+01	1.048789981952640568e-03	1.755602775595938025e-01	2.710358679492563816e-01	2.000000000000000111e-01	1.199999999999999956e+00	6.057885244834956828e-03
8.100000000000000000e+01	-3.661556133319433023e-03	4.606198686904100503e-01	-6.047623104349604262e-01	2.000000000000000111e-01	1.199999999999999956e+00	6.586494058009934559e-03
8.200000000000000000e+01	2.510677611048043115e-03	9.021935041973594416e-02	4.607061685461677492e-01	2.000000000000000111e-01	1.199999999999999956e+00	7.446658917943591895e-03
8.300000000000000000e+01	7.773751447673936735e-04	1.326563241419418671e-01	2.978116534905801416e-01	2.000000000000000111e-01	1.199999999999999956e+00	2.600135652763542384e-03
8.400000000000000000e+01	2.538873034339157470e-03	8.372286727679641161e-02	6.291817147910807595e-01	2.000000000000000111e-01	1.199999999999999956e+00	1.595998089770355247e-02
8.500000000000000000e+01	1.148488870714121273e-03	8.503066921922586285e-02	5.906666254394308258e-01	2.000000000000000111e-01	1.199999999999999956e+00	9.837446856462549877e-03
8.600000000000000000e+01	2.042103688907986186e-03	2.182205875258707573e-01	2.932144411845301057e-01	2.000000000000000111e-01	1.199999999999999956e+00	8.552218439821391432e-03
8.700000000000000000e+01	1.512348198755207119e-03	1.275802073870531683e-01	4.593584939243089416e-01	2.000000000000000111e-01	1.199999999999999956e+00	5.900952126818058766e-03
8.800000000000000000e+01	9.300848999522060402e-04	8.797594274220364718e-02	3.931853961430360478e-01	2.000000000000000111e-01	1.199999999999999956e+00	3.030969331769999171e-03
8.900000000000000000e+01	7.759173930228603416e-04	5.116135927282546708e-02	7.566883769926793235e-01	2.000000000000000111e-01	1.199999999999999956e+00	1.753458133980007397e-02
9.000000000000000000e+01	1.311507307305403514e-03	1.129362104892866620e-01	4.507788758165820475e-01	2.000000000000000111e-01	1.199999999999999956e+00	8.333864240690222816e-03
9.100000000000000000e+01	-1.331805395051649955e-03	2.400094430118794031e-01	6.256993150273792992e-02	2.000000000000000111e-01	1.199999999999999956e+00	4.904948503768045628e-03
9.200000000000000000e+01	-4.108101376454126839e-03	3.662306139305710473e-01	-1.317277536265688553e-01	2.000000000000000111e-01	1.199999999999999956e+00	6.857965149018393700e-03
9.300000000000000000e+01	3.806509594231729707e-04	1.154307153125641860e-01	4.137910223812863997e-01	2.000000000000000111e-01	1.199999999999999956e+00	4.698730662017731353e-03
9.400000000000000000e+01	9.648619678986118621e-04	8.406464206702833619e-02	5.520323647471774287e-01	2.000000000000000111e-01	1.199999999999999956e+00	5.461509156915831699e-03
9.500000000000000000e+01	1.022154367559833426e-03	1.197791700281735372e-01	2.388157409536972864e-01	2.000000000000000111e-01	1.199999999999999956e+00	4.920844395002433279e-03
9.600000000000000000e+01	1.787452047880910529e-03	2.140759873417398540e-01	1.828833863096690493e-02	2.000000000000000111e-01	1.199999999999999956e+00	3.667362950031650103e-03
9.700000000000000000e+01	-2.924770065460651804e-03	4.734792045885993783e-01	-3.870914741308828511e-01	2.000000000000000111e-01	1.199999999999999956e+00	7.227384304779651061e-03
9.800000000000000000e+01	5.480712366641442464e-04	2.000239839464410252e-01	-5.161271606143724711e-02	2.000000000000000111e-01	1.199999999999999956e+00	3.269751314110802033e-03
9.900000000000000000e+01	6.241000116467501245e-04	5.424527070008158813e-02	6.435057425756582905e-01	2.000000000000000111e-01	1.199999999999999956e+00	4.533672470363818083e-03
1.000000000000000000e+02	7.911724183559956051e-04	1.610422675134129955e-01	3.350645702706254170e-01	2.000000000000000111e-01	1.199999999999999956e+00	5.683365719288567194e-03
1.010000000000000000e+02	8.607724583984938506e-04	1.493335024575633829e-01	3.009287374349711719e-01	2.000000000000000111e-01	1.199999999999999956e+00	7.222668942220422141e-03
1.020000000000000000e+02	-3.932525702321980712e-04	1.907108179520907998e-01	2.592854952429366477e-01	2.000000000000000111e-01	1.199999999999999956e+00	9.836772013232823395e-03
1.030000000000000000e+02	2.748404088968222411e-03	8.177017286484997149e-02	5.021792477481790140e-01	2.000000000000000111e-01	1.199999999999999956e+00	3.726598449715649072e-03
1.040000000000000000e+02	6.167847961330464625e-03	3.636150675811880006e-01	-3.446171502120720653e-01	2.000000000000000111e-01	1.199999999999999956e+00	5.995775406760691165e-03
1.050000000000000000e+02	4.215906948373583933e-04	2.221466963640834902e-01	1.708094295137896346e-01	2.000000000000000111e-01	1.199999999999999956e+00	8.424307113654288040e-03
1.060000000000000000e+02	-3.255759312244508024e-03	4.417821381353266297e-01	-4.320966731112338977e-01	2.000000000000000111e-01	1.199999999999999956e+00	9.910208845667827643e-03
1.070000000000000000e+02	-2.878317806577177472e-03	2.912007387671436409e-01	-7.707344623709033726e-02	2.000000000000000111e-01	1.199999999999999956e+00	6.725976039084343230e-03
1.080000000000000000e+02	-5.041918176414173468e-03	3.677083244363489878e-01	-5.209916357276078713e-02	2.000000000000000111e-01	1.199999999999999956e+00	9.957360408835269627e-03
1.090000000000000000e+02	6.238355159733287476e-03	5.988464801569438195e-02	4.858054552178467933e-01	2.000000000000000111e-01	1.199999999999999956e+00	7.483096489968502248e-03
1.100000000000000000e+02	-1.247143841161038429e-03	3.462803069518491372e-01	-4.376469939082223704e-01	2.000000000000000111e-01	1.199999999999999956e+00	7.683894080432358831e-03
1.110000000000000000e+02	4.764883274178732049e-04	2.211576140502869714e-01	2.832550859076565786e-02	2.000000000000000111e-01	1.199999999999999956e+00	3.452169601032071926e-03
1.120000000000000000e+02	-8.891803113281994886e-04	2.998520083600685338e-01	-2.747110983678142659e-01	2.000000000000000111e-01	1.199999999999999956e+00	4.535102506497317235e-03
1.130000000000000000e+02	-6.861635699458077005e-03	4.749016096791722763e-01	-5.091261174163861369e-01	2.000000000000000111e-01	1.199999999999999956e+00	5.565437667497124749e-03
1.140000000000000000e+02	-1.692743599661391532e-03	2.642776063475317239e-01	6.984353572266055465e-02	2.000000000000000111e-01	1.199999999999999956e+00	9.635874186186737037e-03
1.150000000000000000e+02	-2.489103599509537822e-03	3.615867401288555549e-01	-2.372913868447108499e-01	2.000000000000000111e-01	1.199999999999999956e+00	4.713171812410719801e-03
1.160000000000000000e+02	-3.009376934592182529e-03	4.189423891639124653e-01	-4.668426730506940459e-01	2.000000000000000111e-01	1.199999999999999956e+00	8.458227511463575071e-03
1.170000000000000000e+02	-4.416659644145801990e-04	1.794604911640938771e-01	3.421545850087843732e-01	2.000000000000000111e-01	1.199999999999999956e+00	8.070289101413738106e-03
1.180000000000000000e+02	4.381022079657163719e-03	1.353666821791708885e-01	7.372335491327364210e-02	2.000000000000000111e-01	1.199999999999999956e+00	8.930947869025341115e-03
1.190000000000000000e+02	3.111410559349897889e-04	1.308371443078787388e-01	4.057336957773167718e-01	2.000000000000000111e-01	1.199999999999999956e+00	9.512310926589643070e-03
1.200000000000000000e+02	1.928470443468696498e-03	1.235989478866852675e-01	4.756782549147531292e-01	2.000000000000000111e-01	1.199999999999999956e+00	1.184082105880630321e-02
1.210000000000000000e+02	5.027509908129652524e-04	1.459502249829665588e-01	3.929065686854031902e-01	2.000000000000000111e-01	1.199999999999999956e+00	5.470055934936469966e-03
1.220000000000000000e+02	2.679932577192384487e-03	1.642393311256097888e-01	5.625357825671617462e-02	2.000000000000000111e-01	1.199999999999999956e+00	2.216563133292859342e-03
1.230000000000000000e+02	-2.987814143809582827e-04	2.282788817958517069e-01	1.371229613683309090e-01	2.000000000000000111e-01	1.199999999999999956e+00	9.240045745592598628e-03
1.240000000000000000e+02	1.669061722116269453e-03	1.381027016525848139e-01	2.462635837120075166e-01	2.000000000000000111e-01	1.199999999999999956e+00	3.407341371732019227e-03
1.250000000000000000e+02	-3.235093165767342644e-03	3.421713304394922162e-01	-7.306035686566314524e-02	2.000000000000000111e-01	1.199999999999999956e+00	8.209702390821665974e-03
1.260000000000000000e+02	-2.206081129648307642e-03	3.923420009252426843e-01	-4.108248572664061626e-01	2.000000000000000111e-01	1.199999999999999956e+00	1.123416640088906009e-02
1.270000000000000000e+02	1.641747657285645874e-03	2.251489950687209640e-01	1.792425974017692880e-01	2.000000000000000111e-01	1.199999999999999956e+00	6.906952830232868622e-03
1.280000000000000000e+02	3.747060231391758918e-04	8.602539674735237840e-02	5.036133470724997174e-01	2.000000000000000111e-01	1.199999999999999956e+00	6.912592429935983038e-03
1.290000000000000000e+02	2.122900352333109404e-04	9.912958710048452859e-02	3.455749052951881950e-01	2.000000000000000111e-01	1.199999999999999956e+00	3.276081611709104943e-03
1.300000000000000000e+02	2.791659314931871100e-04	2.209713186780951355e-01	8.500943914602521190e-02	2.000000000000000111e-01	1.199999999999999956e+00	4.611867143977781483e-03
1.310000000000000000e+02	-1.963729133597238072e-05	1.680244329082653532e-01	3.525534339044691379e-01	2.000000000000000111e-01	1.199999999999999956e+00	9.133145394798427089e-03
1.320000000000000000e+02	-3.389840577484175364e-03	3.670781093325797273e-01	-2.167835273622387149e-01	2.000000000000000111e-01	1.199999999999999956e+00	6.030430433148025945e-03
1.330000000000000000e+02	-2.325350476658584464e-02	9.845212592607535118e-01	-1.596809650104494160e+00	2.000000000000000111e-01	1.199999999999999956e+00	6.534367690927377070e-03
1.340000000000000000e+02	-2.792731889993292291e-03	4.454078865742757132e-01	-3.928160911452440729e-01	2.000000000000000111e-01	1.199999999999999956e+00	2.106402329382905340e-03
1.350000000000000000e+02	-1.680017116486524431e-03	5.072496303642936022e-01	-8.182681167773768749e-01	2.000000000000000111e-01	1.199999999999999956e+00	8.525623253648901764e-03
1.360000000000000000e+02	2.269123859105901062e-03	1.303094415196673905e-01	3.922483723581717818e-01	2.000000000000000111e-01	1.199999999999999956e+00	6.741387159529853464e-03
1.370000000000000000e+02	-1.180460391484825389e-03	2.109673062820772993e-01	2.957790667878770208e-01	2.000000000000000111e-01	1.199999999999999956e+00	8.813293418173938007e-03
1.380000000000000000e+02	1.055088389222261008e-03	2.909263604085757793e-01	-2.206391071000064485e-01	2.000000000000000111e-01	1.199999999999999956e+00	3.891589404279471431e-03
1.390000000000000000e+02	7.767041893811022944e-04	1.487950586675237941e-01	3.455155119208317416e-01	2.000000000000000111e-01	1.199999999999999956e+00	8.791135123923763880e-03
1.400000000000000000e+02	1.201871563760596555e-03	5.234354518318829613e-02	5.959863726445246979e-01	2.000000000000000111e-01	1.199999999999999956e+00	7.078259894992466363e-03
1.410000000000000000e+02	-9.550258865716331901e-05	3.118523098136040672e-01	-3.923464276462187428e-01	2.000000000000000111e-01	1.199999999999999956e+00	4.194466189863285677e-03
1.420000000000000000e+02	5.179703848528854297e-04	2.000898802040246560e-01	3.053157634465559767e-01	2.000000000000000111e-01	1.199999999999999956e+00	6.404242524383342398e-03
1.430000000000000000e+02	-1.100400208001671779e-02	5.968531694578897984e-01	-9.200993313617518155e-01	2.000000000000000111e-01	1.199999999999999956e+00	4.261616919732472662e-03
1.440000000000000000e+02	9.216459094462428961e-03	2.292627608798641636e-01	-2.295323383232945602e-01	2.000000000000000111e-01	1.199999999999999956e+00	6.865551834359956244e-03
1.450000000000000000e+02	3.823449160357619142e-03	1.001415606187585905e-01	5.568590786532705561e-01	2.000000000000000111e-01	1.199999999999999956e+00	1.676425496048617944e-02
1.460000000000000000e+02	-3.763099139393287496e-04	2.452286496037351105e-01	1.109206103975797220e-01	2.000000000000000111e-01	1.199999999999999956e+00	3.827947448109487831e-03
1.470000000000000000e+02	4.015725734384802906e-04	1.239820315395669115e-01	3.680285014046007497e-01	2.000000000000000111e-01	1.199999999999999956e+00	3.895864845072764988e-03
1.480000000000000000e+02	2.401605606726277091e-03	1.118405188184893040e-01	5.543852158829765120e-01	2.000000000000000111e-01	1.199999999999999956e+00	2.519854195502048075e-02
1.490000000000000000e+02	7.486817112543726720e-03	3.858475124704711101e-01	-8.627450476350815300e-01	2.000000000000000111e-01	1.199999999999999956e+00	1.104828064021290239e-02
1.500000000000000000e+02	2.254698784070881864e-03	1.736309325254645208e-01	2.979052868987404068e-01	2.000000000000000111e-01	1.199999999999999956e+00	9.768129997841738452e-03
1.510000000000000000e+02	-2.595070007017244960e-03	3.182498636130579039e-01	-9.598349795550209507e-02	2.000000000000000111e-01	1.199999999999999956e+00	1.045199371322291619e-02
1.520000000000000000e+02	-1.814795830517786936e-04	2.041525777854168167e-01	2.101793931075643940e-01	2.000000000000000111e-01	1.199999999999999956e+00	1.314261137491886181e-02
1.530000000000000000e+02	-1.603494897411434023e-03	2.427315691659171770e-01	2.362036321770073499e-01	2.000000000000000111e-01	1.199999999999999956e+00	1.277967431520209314e-02
1.540000000000000000e+02	1.070551636682280129e-03	1.697169264887755380e-01	3.777932497906144604e-02	2.000000000000000111e-01	1.199999999999999956e+00	2.584964726610531650e-03
1.550000000000000000e+02	-3.316066775810088373e-03	3.081046380167299925e-01	-1.277861974788052635e-01	2.000000000000000111e-01	1.199999999999999956e+00	7.746426296266977797e-03
1.560000000000000000e+02	1.398421898780172472e-04	2.150572957423604326e-01	1.705724613788315303e-01	2.000000000000000111e-01	1.199999999999999956e+00	5.092166999327727740e-03
1.570000000000000000e+02	-7.493375978872919389e-03	5.528031088843129437e-01	-5.737234608858363671e-01	2.000000000000000111e-01	1.199999999999999956e+00	6.543280516559636488e-03
1.580000000000000000e+02	-2.189099643495013908e-04	1.981267480078802989e-01	-4.284805922402856737e-02	2.000000000000000111e-01	1.199999999999999956e+00	3.413861323384011215e-03
1.590000000000000000e+02	1.609856138749133714e-03	1.416159959153077685e-01	2.781487142077998520e-01	2.000000000000000111e-01	1.199999999999999956e+00	1.006971022783677630e-02
1.600000000000000000e+02	-3.852044676342318411e-04	2.464632264282321794e-01	-2.058588180587959116e-01	2.000000000000000111e-01	1.199999999999999956e+00	4.605790328719793804e-03
1.610000000000000000e+02	4.175753252941763059e-04	1.451981315577653975e-01	3.778900197556347429e-01	2.000000000000000111e-01	1.199999999999999956e+00	6.150773768719206350e-03
1.620000000000000000e+02	-1.868452722772364835e-02	7.949983554060878754e-01	-1.162864771161161492e+00	2.000000000000000111e-01	1.199999999999999956e+00	9.041235831195435294e-03
1.630000000000000000e+02	8.852574737732031920e-03	1.904696474379543036e-01	7.326586704013315909e-03	2.000000000000000111e-01	1.199999999999999956e+00	4.226170576437420813e-03
1.640000000000000000e+02	1.278882683692765011e-03	2.538278680721046121e-01	-2.295841650591059491e-01	2.000000000000000111e-01	1.199999999999999956e+00	2.889413083960676049e-03
1.650000000000000000e+02	5.510546649443573202e-04	2.145459725457196098e-01	2.833197250528938227e-01	2.000000000000000111e-01	1.199999999999999956e+00	3.181872221419309622e-03
1.660000000000000000e+02	-8.325015905337674249e-04	3.749109211135676634e-01	-1.700036150955348546e-01	2.000000000000000111e-01	1.199999999999999956e+00	7.506613691744739268e-03
1.670000000000000000e+02	-1.415176526238385267e-02	6.096706496605522885e-01	-7.299852089253153764e-01	2.000000000000000111e-01	1.199999999999999956e+00	8.158491643582484534e-03
1.680000000000000000e+02	-9.084871329387128039e-04	2.623523523491487208e-01	1.558403601471347599e-02	2.000000000000000111e-01	1.199999999999999956e+00	6.167693763945781768e-03
1.690000000000000000e+02	-1.435711868997328411e-03	1.922352965810643077e-01	3.640206722443002363e-01	2.000000000000000111e-01	1.199999999999999956e+00	5.154921368544639927e-03
1.700000000000000000e+02	-2.484435819118151027e-03	3.308649235485366380e-01	-1.104999156451214049e-02	2.000000000000000111e-01	1.199999999999999956e+00	5.088620299217179975e-03
1.710000000000000000e+02	4.068215943623487534e-03	1.970204858156040517e-01	9.423712306678710959e-02	2.000000000000000111e-01	1.199999999999999956e+00	4.258735530764098075e-03
1.720000000000000000e+02	-3.897116928272148766e-03	3.451658115078132250e-01	-4.481702838563865754e-01	2.000000000000000111e-01	1.199999999999999956e+00	5.638754570820283564e-03
1.730000000000000000e+02	1.783797195448239351e-03	2.615083364128857960e-02	7.750711264038978587e-01	2.000000000000000111e-01	1.199999999999999956e+00	1.028224269852700233e-02
1.740000000000000000e+02	3.716056453321640776e-03	1.929971311729030137e-01	5.960765019754044047e-02	2.000000000000000111e-01	1.199999999999999956e+00	3.514316388797271689e-03
1.750000000000000000e+02	-1.397063085290611633e-03	2.804182876891700982e-01	2.663627278923108577e-03	2.000000000000000111e-01	1.199999999999999956e+00	7.970552388367668425e-03
1.760000000000000000e+02	-3.642243940844644250e-03	3.472437519800719574e-01	-9.792509081945866001e-02	2.000000000000000111e-01	1.199999999999999956e+00	1.282580822780868268e-02
1.770000000000000000e+02	4.875402580567330573e-04	2.412997657841016441e-01	-1.464442794693132655e-02	2.000000000000000111e-01	1.199999999999999956e+00	3.893489242434540736e-03
1.780000000000000000e+02	1.495801950493363215e-03	8.138486493667158872e-02	5.644541483643881197e-01	2.000000000000000111e-01	1.199999999999999956e+00	1.023596551235051062e-02
1.790000000000000000e+02	-7.028195167139535821e-03	6.145726338685643109e-01	-1.210762572019557837e+00	2.000000000000000111e-01	1.199999999999999956e+00	6.265126140590980032e-03
1.800000000000000000e+02	-2.479903867548725882e-03	3.226434440686666849e-01	-2.260547993875192674e-01	2.000000000000000111e-01	1.199999999999999956e+00	6.194739815537663764e-03
1.810000000000000000e+02	-6.029476055879869935e-03	4.162332036937370638e-01	-2.303571827202191002e-01	2.000000000000000111e-01	1.199999999999999956e+00	8.361599701943809443e-03
1.820000000000000000e+02	9.535438348605558513e-04	1.143323022178398124e-01	4.828738406298516139e-01	2.000000000000000111e-01	1.199999999999999956e+00	1.098431096488944499e-02
1.830000000000000000e+02	-1.760630008289089474e-03	2.540683312357133739e-01	-4.477615426264591747e-02	2.000000000000000111e-01	1.199999999999999956e+00	7.371185600081914431e-03
1.840000000000000000e+02	-6.739097249674946616e-04	2.146780034024917128e-01	5.754500133890871894e-02	2.000000000000000111e-01	1.199999999999999956e+00	6.989288438536835069e-03
1.850000000000000000e+02	2.386460086470719010e-04	1.889214441356049934e-01	9.374378813810446687e-02	2.000000000000000111e-01	1.199999999999999956e+00	9.535536864638193347e-03
1.860000000000000000e+02	-5.838352826966526285e-03	4.646850541871235807e-01	-3.559810176218798361e-01	2.000000000000000111e-01	1.199999999999999956e+00	1.661493701550457308e-02
1.870000000000000000e+02	1.081603084827033627e-03	1.064137275640695129e-01	3.839638194962571305e-01	2.000000000000000111e-01	1.199999999999999956e+00	4.552623370867478654e-03
1.880000000000000000e+02	-2.185278777769198517e-04	1.797458790842463572e-01	1.419227731409513638e-01	2.000000000000000111e-01	1.199999999999999956e+00	4.804166122087715277e-03
1.890000000000000000e+02	1.285662531758205527e-03	1.635249631977598872e-01	3.997394758056884712e-01	2.000000000000000111e-01	1.199999999999999956e+00	1.437033702874505707e-02
1.900000000000000000e+02	-2.056708827525515967e-03	2.410963917328679817e-01	1.826093174759915172e-01	2.000000000000000111e-01	1.199999999999999956e+00	1.013868486417565488e-02
1.910000000000000000e+02	-2.347222011033606517e-02	8.994039568314536881e-01	-1.559367880723979027e+00	2.000000000000000111e-01	1.199999999999999956e+00	7.747576450572819448e-03
1.920000000000000000e+02	1.032876609294984321e-03	1.344378723669729658e-01	4.283565186481173015e-01	2.000000000000000111e-01	1.199999999999999956e+00	4.915193034422287929e-03
1.930000000000000000e+02	1.391086515516319882e-03	2.485876800440157686e-01	7.284624386646676442e-03	2.000000000000000111e-01	1.199999999999999956e+00	8.073589925368641895e-03
1.940000000000000000e+02	5.491814570221300869e-05	2.729929640305908678e-01	-6.421178562587837035e-02	2.000000000000000111e-01	1.199999999999999956e+00	9.880748820131674340e-03
1.950000000000000000e+02	6.596976529305674649e-04	1.233505717121135270e-01	3.709517464403169207e-01	2.000000000000000111e-01	1.199999999999999956e+00	3.573237152678201186e-03
1.960000000000000000e+02	3.527723822554831292e-04	1.294066228214691971e-01	3.208730882010248919e-01	2.000000000000000111e-01	1.199999999999999956e+00	3.304156839418370250e-03
1.970000000000000000e+02	-1.382808982031547788e-03	4.379485038478454495e-01	-5.013333902680860987e-01	2.000000000000000111e-01	1.199999999999999956e+00	4.614110714666238774e-03
1.980000000000000000e+02	5.746768451285444966e-03	1.560669649111419144e-01	1.567668680268963222e-01	2.000000000000000111e-01	1.199999999999999956e+00	5.630749565491967486e-03
1.990000000000000000e+02	2.954662402909607197e-04	1.581913970929633151e-01	3.551859590649941723e-01	2.000000000000000111e-01	1.199999999999999956e+00	7.290382950680638144e-03
2.000000000000000000e+02	2.834048419695905669e-03	2.740564415784155772e-01	-3.947338486998708262e-02	2.000000000000000111e-01	1.199999999999999956e+00	3.455670885198845743e-03
2.010000000000000000e+02	7.707235018159710495e-03	2.172802616349410187e-01	3.140176114571824328e-02	2.000000000000000111e-01	1.199999999999999956e+00	3.579327040866625825e-03
2.020000000000000000e+02	1.066134298989381479e-03	1.587761485799630279e-01	3.424371423342273957e-01	2.000000000000000111e-01	1.199999999999999956e+00	3.134674746423429196e-03
2.030000000000000000e+02	2.040118883872336485e-03	8.957853834851499386e-02	4.017897255554065961e-01	2.000000000000000111e-01	1.199999999999999956e+00	2.947032393365499933e-03
2.040000000000000000e+02	7.918362826255317824e-04	1.087486528573674560e-01	4.921924403188064900e-01	2.000000000000000111e-01	1.199999999999999956e+00	3.636854267853957545e-02
2.050000000000000000e+02	1.901470054037079438e-03	4.257837905486075436e-02	5.968745633907589498e-01	2.000000000000000111e-01	1.199999999999999956e+00	4.825113324324299853e-03
2.060000000000000000e+02	1.080940150434464434e-03	8.615812611579834468e-02	4.056963292954516298e-01	2.000000000000000111e-01	1.199999999999999956e+00	4.344707958424572948e-03
2.070000000000000000e+02	-8.912267558109299853e-03	6.932299381899440505e-01	-8.751473093689767779e-01	2.000000000000000111e-01	1.199999999999999956e+00	7.522618569503625695e-03
2.080000000000000000e+02	2.605999291049425348e-04	1.730318398421389903e-01	3.569026367663274968e-01	2.000000000000000111e-01	1.199999999999999956e+00	5.978713251823522187e-03
2.090000000000000000e+02	8.451125436099376316e-04	1.647072962323306022e-01	1.796947023914658992e-01	2.000000000000000111e-01	1.199999999999999956e+00	3.994951975049415398e-03
2.100000000000000000e+02	2.607160250893851127e-03	1.347560995394211925e-01	4.659602565979206190e-01	2.000000000000000111e-01	1.199999999999999956e+00	6.107066806295328651e-03
2.110000000000000000e+02	7.075393383359984082e-04	1.980093926921984160e-01	1.580414269748757761e-01	2.000000000000000111e-01	1.199999999999999956e+00	4.893340284673840419e-03
2.120000000000000000e+02	2.881285395649268045e-03	4.275466834835860430e-01	-6.278689779752291145e-01	2.000000000000000111e-01	1.199999999999999956e+00	3.835455089899360726e-03
2.130000000000000000e+02	1.877643853871076296e-03	6.085817541860380486e-02	6.476283297245575277e-01	2.000000000000000111e-01	1.199999999999999956e+00	7.121182809404381399e-03
2.140000000000000000e+02	5.067683797067348015e-04	1.490171652664687152e-01	2.722735317199260763e-01	2.000000000000000111e-01	1.199999999999999956e+00	4.033340891401636374e-03
2.150000000000000000e+02	1.421633909365165559e-02	4.734691107127910192e-01	-1.115218870170968213e+00	2.000000000000000111e-01	1.199999999999999956e+00	5.281735253773970663e-03
2.160000000000000000e+02	5.446232530490260730e-03	7.673513422572023068e-02	3.593733320520373642e-01	2.000000000000000111e-01	1.199999999999999956e+00	2.792150110653872103e-03
2.170000000000000000e+02	6.630068065267160195e-04	3.815985477546165322e-02	5.987789838114510044e-01	2.000000000000000111e-01	1.199999999999999956e+00	5.413255881608251309e-03
2.180000000000000000e+02	-1.718356586846147942e-03	3.064399271875017927e-01	4.070954185619957144e-02	2.000000000000000111e-01	1.199999999999999956e+00	3.463877687939866720e-03
2.190000000000000000e+02	1.030412392738732459e-03	6.725647452646227320e-02	5.390785159987343533e-01	2.000000000000000111e-01	1.199999999999999956e+00	2.783975104889956694e-03
2.200000000000000000e+02	-6.174484999596093447e-04	2.404466094385460107e-01	1.446429540623572763e-01	2.000000000000000111e-01	1.199999999999999956e+00	7.643857949639639056e-03
2.210000000000000000e+02	-2.333227719657403332e-03	4.057397843253142122e-01	-3.752193125724003764e-01	2.000000000000000111e-01	1.199999999999999956e+00	5.484741689263237206e-03
2.220000000000000000e+02	9.573695100324059728e-04	5.351775466747794169e-02	5.337261964441384343e-01	2.000000000000000111e-01	1.199999999999999956e+00	5.755691348937253503e-03
2.230000000000000000e+02	3.032236097969381958e-03	1.927784504808810750e-01	8.439994048276266980e-02	2.000000000000000111e-01	1.199999999999999956e+00	5.598481510063753157e-03
2.240000000000000000e+02	3.861268417463300097e-04	6.512345903164006022e-02	6.033668118132671232e-01	2.000000000000000111e-01	1.199999999999999956e+00	5.178364346279345012e-03
2.250000000000000000e+02	1.152725123248584359e-03	6.963499085143429190e-02	5.803475003940803401e-01	2.000000000000000111e-01	1.199999999999999956e+00	3.894611348906122390e-03
2.260000000000000000e+02	7.980691711710638601e-04	9.596970916117761319e-02	4.842259088017333291e-01	2.000000000000000111e-01	1.199999999999999956e+00	4.788544659224041287e-03
2.270000000000000000e+02	1.395219214768196559e-03	1.602300499987684423e-01	2.748158722127160836e-01	2.000000000000000111e-01	1.199999999999999956e+00	5.555884654781152558e-03
2.280000000000000000e+02	-1.195359431573614090e-03	2.481023972630288510e-01	1.710471661344312722e-01	2.000000000000000111e-01	1.199999999999999956e+00	3.476509534267444544e-03
2.290000000000000000e+02	-2.480612957506704499e-05	1.196568414678332026e-01	3.278117052871132309e-01	2.000000000000000111e-01	1.199999999999999956e+00	1.502785182871208339e-02
2.300000000000000000e+02	7.322244410271362344e-03	3.317008644280195484e-01	-2.528728090271559203e-01	2.000000000000000111e-01	1.199999999999999956e+00	2.824638476825615425e-03
2.310000000000000000e+02	3.283434844335939278e-03	1.717000696389603953e-01	6.733957577261140415e-02	2.000000000000000111e-01	1.199999999999999956e+00	3.342582615300452274e-03
2.320000000000000000e+02	8.962449779400854990e-04	1.113770550158239975e-01	3.448587873162218820e-01	2.000000000000000111e-01	1.199999999999999956e+00	2.728828035607636180e-03
2.330000000000000000e+02	-1.372569082202113088e-03	2.335444739310551521e-01	2.140477931254505251e-01	2.000000000000000111e-01	1.199999999999999956e+00	8.383084533858050497e-03
2.340000000000000000e+02	7.029676289097214811e-04	1.173541867433650215e-01	4.490582615861713478e-01	2.000000000000000111e-01	1.199999999999999956e+00	5.246364088644113639e-03
2.350000000000000000e+02	-1.432518052718462437e-03	2.724853480664692351e-01	1.439227050565516919e-02	2.000000000000000111e-01	1.199999999999999956e+00	5.595651770669860491e-03
2.360000000000000000e+02	-4.087042638709401272e-03	4.661429037002825515e-01	-5.436821723193263622e-01	2.000000000000000111e-01	1.199999999999999956e+00	7.608601790371058958e-03
2.370000000000000000e+02	1.182552138304938157e-03	2.831834036843532409e-01	-3.166349417997844640e-01	2.000000000000000111e-01	1.199999999999999956e+00	3.211206859853838174e-03
2.380000000000000000e+02	-1.626184301850570717e-03	2.404980108697970798e-01	2.844494384194051761e-01	2.000000000000000111e-01	1.199999999999999956e+00	7.990204500422636372e-03
2.390000000000000000e+02	1.010218818634878212e-03	6.936860057366553423e-02	5.385831840921231350e-01	2.000000000000000111e-01	1.199999999999999956e+00	3.160672368199036152e-03
2.400000000000000000e+02	-2.401083712591498324e-04	2.088946773840670290e-01	1.163693925326372280e-01	2.000000000000000111e-01	1.199999999999999956e+00	3.085345697737183757e-03
2.410000000000000000e+02	-1.702491606109089771e-03	3.790748922227445972e-01	-2.900194166586693711e-01	2.000000000000000111e-01	1.199999999999999956e+00	1.060530875599392971e-02
2.420000000000000000e+02	-6.960996209799518580e-04	2.381878911579205227e-01	7.883293792861056914e-02	2.000000000000000111e-01	1.199999999999999956e+00	3.973933328741789672e-03
2.430000000000000000e+02	8.968470255749285552e-04	1.649270172381165911e-01	3.560059034160749647e-01	2.000000000000000111e-01	1.199999999999999956e+00	9.133613552579701242e-03
2.440000000000000000e+02	6.360675846637895304e-04	7.685615937166355438e-02	4.889958412465125193e-01	2.000000000000000111e-01	1.199999999999999956e+00	3.733830919851890452e-03
2.450000000000000000e+02	3.032318380414919176e-03	1.649287788236814545e-01	3.435641287239796782e-01	2.000000000000000111e-01	1.199999999999999956e+00	1.077616915154669397e-02
2.460000000000000000e+02	-7.489811862515842683e-04	3.045914152916209261e-01	-3.176149077972674206e-01	2.000000000000000111e-01	1.199999999999999956e+00	4.589539995049906305e-03
2.470000000000000000e+02	-2.021890818376715065e-03	2.439118104018444810e-01	6.833525936373252563e-02	2.000000000000000111e-01	1.199999999999999956e+00	5.682096689325723433e-03
2.480000000000000000e+02	-1.087442638353048122e-02	5.889536683212507340e-01	-7.250380288180373611e-01	2.000000000000000111e-01	1.199999999999999956e+00	1.056203222386975678e-02
2.490000000000000000e+02	2.543106654482376878e-04	1.484684258802922430e-01	1.908250382568734693e-01	2.000000000000000111e-01	1.199999999999999956e+00	4.306636670980432645e-03
2.500000000000000000e+02	-1.902130405986338438e-03	2.272533667638833299e-01	3.471798004071322552e-01	2.000000000000000111e-01	1.199999999999999956e+00	1.262673499565090604e-02
2.510000000000000000e+02	2.064392776343882915e-04	1.263831807837301480e-01	4.335121286979286559e-01	2.000000000000000111e-01	1.199999999999999956e+00	8.395321305471539416e-03
2.520000000000000000e+02	2.177566961152633748e-03	1.347575545410679143e-01	3.536708812048057204e-01	2.000000000000000111e-01	1.199999999999999956e+00	5.557896177040652641e-03
2.530000000000000000e+02	7.834252001451431089e-04	1.351784639252616438e-01	3.113103798332903516e-01	2.000000000000000111e-01	1.199999999999999956e+00	5.091576203601525831e-03
2.540000000000000000e+02	9.032041906517026576e-04	1.943509217641804510e-01	3.017661787888981095e-01	2.000000000000000111e-01	1.199999999999999956e+00	8.491397824505309000e-03
2.550000000000000000e+02	5.571526297524485340e-04	3.636911222095537410e-01	-3.735652522884920224e-01	2.000000000000000111e-01	1.199999999999999956e+00	6.306388542011950524e-03
2.560000000000000000e+02	6.105601662536204715e-04	7.681407129662005950e-02	5.535636665349246144e-01	2.000000000000000111e-01	1.199999999999999956e+00	5.296317346240359339e-03
2.570000000000000000e+02	2.855170783388041693e-03	2.308095642654605650e-01	-1.173351844084020712e-01	2.000000000000000111e-01	1.199999999999999956e+00	2.033507842783048580e-03
2.580000000000000000e+02	1.711068315233037424e-03	7.964921488603168842e-02	4.959307493672222567e-01	2.000000000000000111e-01	1.199999999999999956e+00	5.624924636439030713e-03
2.590000000000000000e+02	6.269061690108908638e-03	1.506751293702330297e-01	2.458158681824413883e-01	2.000000000000000111e-01	1.199999999999999956e+00	4.869734884847941141e-03
2.600000000000000000e+02	6.814651050372123485e-04	1.223398804122550615e-01	3.221300090554546358e-01	2.000000000000000111e-01	1.199999999999999956e+00	2.602605911821073530e-03
2.610000000000000000e+02	1.435908347490605580e-03	1.737367428060679064e-01	1.529964669526946430e-01	2.000000000000000111e-01	1.199999999999999956e+00	4.151351110602596699e-03
2.620000000000000000e+02	1.732899467295391602e-03	9.501570696034626617e-02	5.061470592123626933e-01	2.000000000000000111e-01	1.199999999999999956e+00	6.061448636317347434e-03
2.630000000000000000e+02	-9.284050276431890470e-06	1.378699521847875364e-01	4.279993543966269520e-01	2.000000000000000111e-01	1.199999999999999956e+00	6.675484235757029108e-03
2.640000000000000000e+02	6.302232088822512989e-04	7.483572097680347979e-02	5.350580717204564962e-01	2.000000000000000111e-01	1.199999999999999956e+00	5.030200280772224343e-03
2.650000000000000000e+02	-8.410266423527311538e-04	1.991355084506344908e-01	-4.349393570890480731e-02	2.000000000000000111e-01	1.199999999999999956e+00	2.697360588809225111e-03
2.660000000000000000e+02	1.256986599976160906e-04	2.765048126314412213e-01	2.862307938167774068e-03	2.000000000000000111e-01	1.199999999999999956e+00	7.192631028971232209e-03
2.670000000000000000e+02	9.686702947308224645e-04	8.011180385774846480e-02	4.744907918833960458e-01	2.000000000000000111e-01	1.199999999999999956e+00	4.464394516432409858e-03
2.680000000000000000e+02	-3.468406470866788799e-06	1.876494981577754295e-01	2.155810463879710426e-01	2.000000000000000111e-01	1.199999999999999956e+00	4.339771089301849849e-03
2.690000000000000000e+02	-3.727754604736927533e-04	2.951401696049642531e-01	1.541450386079175061e-01	2.000000000000000111e-01	1.199999999999999956e+00	5.612878891905197232e-03
2.700000000000000000e+02	1.533517990554376671e-03	1.219665956679994445e-01	3.121779723415567531e-01	2.000000000000000111e-01	1.199999999999999956e+00	3.542671279590817353e-03
2.710000000000000000e+02	1.579309649880621808e-02	5.615840037789808503e-02	3.997411574832238634e-01	2.000000000000000111e-01	1.199999999999999956e+00	3.182614563378829281e-02
2.720000000000000000e+02	-1.443277143379981687e-03	2.591832733758169249e-01	6.570355704643837669e-02	2.000000000000000111e-01	1.199999999999999956e+00	1.070430648560469732e-02
2.730000000000000000e+02	2.599331351834910028e-03	6.652065068665018177e-02	5.416605700250443078e-01	2.000000000000000111e-01	1.199999999999999956e+00	8.560914334448745805e-03
2.740000000000000000e+02	-6.516546711619997968e-03	4.591765507342386310e-01	-5.372916535112404190e-01	2.000000000000000111e-01	1.199999999999999956e+00	9.153557235020639768e-03
2.750000000000000000e+02	-6.042337598153117153e-04	1.969085752145701695e-01	3.229927494353264095e-01	2.000000000000000111e-01	1.199999999999999956e+00	1.616566887602920513e-02
2.760000000000000000e+02	2.301544845568498018e-03	1.126563469610381424e-01	4.700624607038563774e-01	2.000000000000000111e-01	1.199999999999999956e+00	1.024744224382406928e-02
2.770000000000000000e+02	2.639495215704985506e-03	2.410122087916562184e-01	8.148846326490666314e-02	2.000000000000000111e-01	1.199999999999999956e+00	4.864388121628857899e-03
2.780000000000000000e+02	1.735001511890545643e-04	4.642087924814208844e-02	7.048421195178327103e-01	2.000000000000000111e-01	1.199999999999999956e+00	6.929020313687768613e-03
2.790000000000000000e+02	-7.421827688843489826e-03	5.325828199715493261e-01	-6.091468251594687189e-01	2.000000000000000111e-01	1.199999999999999956e+00	7.190964917817099442e-03
2.800000000000000000e+02	-5.233923295037846285e-04	1.816733138751356891e-01	3.455146105942770163e-01	2.000000000000000111e-01	1.199999999999999956e+00	6.986831232392116606e-03
2.810000000000000000e+02	-3.306256118191728145e-03	4.113376895809296996e-01	-4.991185376643443306e-01	2.000000000000000111e-01	1.199999999999999956e+00	4.253571341286995454e-03
2.820000000000000000e+02	1.858731546653149798e-03	3.222467441006945932e-01	-1.974214181967064441e-01	2.000000000000000111e-01	1.199999999999999956e+00	3.986499733419465903e-03
2.830000000000000000e+02	-1.135960244888039846e-04	1.890565673288177040e-01	3.187710766258247119e-01	2.000000000000000111e-01	1.199999999999999956e+00	7.748922110909246298e-03
2.840000000000000000e+02	1.156213716157514270e-03	1.509078949120266910e-01	2.741903773149063639e-01	2.000000000000000111e-01	1.199999999999999956e+00	7.257342791597830647e-03
2.850000000000000000e+02	2.151500944802744487e-03	9.330318145883624570e-02	5.153383402448044048e-01	2.000000000000000111e-01	1.199999999999999956e+00	8.919322994536446614e-03
2.860000000000000000e+02	1.029010521941322318e-03	7.621396580029841938e-02	6.053928459715742783e-01	2.000000000000000111e-01	1.199999999999999956e+00	5.988241113842163177e-03
2.870000000000000000e+02	7.982567552191711718e-04	2.096099701521728365e-01	4.283539252428969490e-02	2.000000000000000111e-01	1.199999999999999956e+00	3.348848372473187032e-03
2.880000000000000000e+02	-1.260280259402904272e-02	7.710403256903483049e-01	-1.942398185472351990e+00	2.000000000000000111e-01	1.199999999999999956e+00	4.607624497367708918e-03
2.890000000000000000e+02	3.642961000204318449e-03	1.470921331919982922e-01	1.610026907038113464e-01	2.000000000000000111e-01	1.199999999999999956e+00	2.492864846610853054e-03
2.900000000000000000e+02	5.348375927624698890e-04	1.156260995633291433e-01	4.154592162922652321e-01	2.000000000000000111e-01	1.199999999999999956e+00	6.864710343867730727e-03
2.910000000000000000e+02	4.770243167778577347e-04	1.992526193098619891e-01	1.107008886780098678e-01	2.000000000000000111e-01	1.199999999999999956e+00	4.413426249423383664e-03
2.920000000000000000e+02	-1.772896089759623279e-03	2.674666171768284584e-01	1.175225471329390814e-01	2.000000000000000111e-01	1.199999999999999956e+00	7.478984992897811865e-03
2.930000000000000000e+02	1.795780825503257407e-03	1.396499969098369265e-01	2.942532940267952313e-01	2.000000000000000111e-01	1.199999999999999956e+00	4.908203302063397604e-03
2.940000000000000000e+02	-7.724172324075389206e-04	2.604239307243270130e-01	-2.535694258967318149e-01	2.000000000000000111e-01	1.199999999999999956e+00	2.488872014157123697e-02
2.950000000000000000e+02	2.673416039891548905e-03	1.803526222443440630e-01	1.957675795448001743e-01	2.000000000000000111e-01	1.199999999999999956e+00	7.715293107042091141e-03
2.960000000000000000e+02	6.305171903573674906e-04	8.363570576585403760e-02	4.584566918845451866e-01	2.000000000000000111e-01	1.199999999999999956e+00	4.204172346782961665e-03
2.970000000000000000e+02	-5.498996832441638109e-03	5.165504466929565774e-01	-8.333301130565091697e-01	2.000000000000000111e-01	1.199999999999999956e+00	6.440453104799562754e-03
2.980000000000000000e+02	1.548092067306578975e-03	1.461629060039914829e-01	3.587163726988649159e-01	2.000000000000000111e-01	1.199999999999999956e+00	7.736645248300296450e-03
2.990000000000000000e+02	8.406842615546551755e-04	9.849619009853360918e-02	4.269609095801270016e-01	2.000000000000000111e-01	1.199999999999999956e+00	3.895141581538460150e-03
3.000000000000000000e+02	3.887725977173755510e-04	1.235242141481693867e-01	4.612558600259575314e-01	2.000000000000000111e-01	1.199999999999999956e+00	6.426540174356240066e-03
3.010000000000000000e+02	-1.398546021532734711e-04	2.265202866965719264e-01	1.750259248580934290e-01	2.000000000000000111e-01	1.199999999999999956e+00	1.087537935105669339e-02
3.020000000000000000e+02	-3.204540366010269481e-03	4.929846197790845874e-01	-7.146028625285234526e-01	2.000000000000000111e-01	1.199999999999999956e+00	8.330351279328209596e-03
3.030000000000000000e+02	3.307222327168883418e-03	6.203856210946735728e-02	5.286167247777520117e-01	2.000000000000000111e-01	1.199999999999999956e+00	6.459457587411198722e-03
3.040000000000000000e+02	6.878673402910125915e-04	2.163639284867688029e-01	2.510967082003467965e-01	2.000000000000000111e-01	1.199999999999999956e+00	8.605670727028211231e-03
3.050000000000000000e+02	9.906195194857314330e-04	4.979430881316797286e-02	6.147344238788277071e-01	2.000000000000000111e-01	1.199999999999999956e+00	6.998547466642650663e-03
3.060000000000000000e+02	-2.357439225864219490e-03	4.660439652237294839e-01	-6.364073954608802097e-01	2.000000000000000111e-01	1.199999999999999956e+00	5.743271661427361112e-03
3.070000000000000000e+02	1.467280800558758884e-03	2.272917278668693530e-01	1.649430664456867923e-01	2.000000000000000111e-01	1.199999999999999956e+00	3.543802015155247693e-03
3.080000000000000000e+02	9.597215674721141891e-04	1.162756652544982561e-01	4.974468554009301435e-01	2.000000000000000111e-01	1.199999999999999956e+00	1.110210490281862347e-02
3.090000000000000000e+02	-3.104880344556980461e-04	2.049742100118525368e-01	-7.199239041957739005e-02	2.000000000000000111e-01	1.199999999999999956e+00	3.100294894815270024e-03
3.100000000000000000e+02	-2.247401341727661792e-03	3.746379739436487277e-01	-7.190662525117215154e-01	2.000000000000000111e-01	1.199999999999999956e+00	2.136023052927599718e-03
3.110000000000000000e+02	8.843486771197440338e-04	1.181168004152145096e-01	4.649553509052504197e-01	2.000000000000000111e-01	1.199999999999999956e+00	9.461649099931248100e-03
3.120000000000000000e+02	1.465756986725493926e-04	7.075542092720449316e-02	5.024158281850970020e-01	2.000000000000000111e-01	1.199999999999999956e+00	8.330547938066899111e-03
3.130000000000000000e+02	1.849067204525573806e-03	2.385165486031810833e-01	1.492196680647488449e-01	2.000000000000000111e-01	1.199999999999999956e+00	5.633463475614274539e-03
3.140000000000000000e+02	1.163127882593414713e-03	8.322772643236694967e-02	5.276622678560083379e-01	2.000000000000000111e-01	1.199999999999999956e+00	5.968106859756394482e-03
3.150000000000000000e+02	8.802138939203434792e-04	9.987984409075581493e-02	4.507430926220434841e-01	2.000000000000000111e-01	1.199999999999999956e+00	4.460986448026474545e-03
3.160000000000000000e+02	4.504181407247539624e-04	8.753424287795878722e-02	5.300647041791775038e-01	2.000000000000000111e-01	1.199999999999999956e+00	7.921046933698529247e-03
3.170000000000000000e+02	-2.922682767247494068e-03	2.945895569890259469e-01	1.225212783536626659e-01	2.000000000000000111e-01	1.199999999999999956e+00	9.643509451517030123e-03
3.180000000000000000e+02	-7.052616667051013651e-03	5.084044555058789827e-01	-6.879042396260715009e-01	2.000000000000000111e-01	1.199999999999999956e+00	7.741458413499545908e-03
3.190000000000000000e+02	6.419014073997347759e-04	1.172659992958318825e-01	4.842725176274331744e-01	2.000000000000000111e-01	1.199999999999999956e+00	7.825782520716556556e-03
3.200000000000000000e+02	-7.453036712686745462e-04	2.167588240434094038e-01	2.595844084693839093e-01	2.000000000000000111e-01	1.199999999999999956e+00	1.041363380607723994e-02
3.210000000000000000e+02	3.517280099096276339e-04	1.054898725658634101e-01	4.280111885302471109e-01	2.000000000000000111e-01	1.199999999999999956e+00	5.297280263272617813e-03
3.220000000000000000e+02	-1.828521481809879156e-03	2.522007842267114941e-01	4.377123424472095792e-02	2.000000000000000111e-01	1.199999999999999956e+00	5.369007052789832694e-03
3.230000000000000000e+02	5.684398690353358909e-04	7.180426150727109436e-02	5.787746711463421789e-01	2.000000000000000111e-01	1.199999999999999956e+00	9.244475327305082604e-03
3.240000000000000000e+02	-1.165305072137280250e-03	3.045956885619212073e-01	2.230094550161521028e-02	2.000000000000000111e-01	1.199999999999999956e+00	6.413829669864363862e-03
3.250000000000000000e+02	1.685275757474133515e-03	1.543151836654365061e-01	2.387665439742576723e-01	2.000000000000000111e-01	1.199999999999999956e+00	5.260396441277599179e-03
3.260000000000000000e+02	1.325253200904997260e-03	4.940560693333396342e-02	5.719028442507001486e-01	2.000000000000000111e-01	1.199999999999999956e+00	1.256973057165940502e-02
3.270000000000000000e+02	-7.038154824854757872e-03	8.863442924706737003e-01	-2.085583149265277214e+00	2.000000000000000111e-01	1.199999999999999956e+00	6.150045312330899676e-03
3.280000000000000000e+02	1.044206376370777423e-03	9.869255224365106050e-02	4.243187318279564302e-01	2.000000000000000111e-01	1.199999999999999956e+00	2.093445918745049424e-03
3.290000000000000000e+02	9.817481990889156615e-04	1.754561438686066954e-01	1.879194739035545680e-01	2.000000000000000111e-01	1.199999999999999956e+00	3.594537211785831573e-03
3.300000000000000000e+02	3.702904140685765798e-04	6.741279967664046135e-02	6.678142274980274351e-01	2.000000000000000111e-01	1.199999999999999956e+00	8.022263382964160347e-03
3.310000000000000000e+02	-7.466458067993886815e-04	2.052554341997087917e-01	5.335359312431986467e-02	2.000000000000000111e-01	1.199999999999999956e+00	7.184292889347473378e-03
3.320000000000000000e+02	9.098000465958750935e-03	2.083430231556168688e-01	1.191619114206488028e-01	2.000000000000000111e-01	1.199999999999999956e+00	5.326779335716715948e-03
3.330000000000000000e+02	-4.334488526101160414e-04	2.934568346462360089e-01	-6.680516412318793229e-02	2.000000000000000111e-01	1.199999999999999956e+00	5.094488915401550015e-03
3.340000000000000000e+02	-3.571531415606057133e-04	3.335245510500167154e-01	-3.291791105680625940e-01	2.000000000000000111e-01	1.199999999999999956e+00	1.174881323318863191e-02
3.350000000000000000e+02	-6.599610767161145052e-04	2.213242640854168886e-01	7.039668971549062348e-03	2.000000000000000111e-01	1.199999999999999956e+00	4.411089159078613112e-03
3.360000000000000000e+02	6.635910119852843163e-05	1.650143478805672359e-01	3.936125469799289789e-01	2.000000000000000111e-01	1.199999999999999956e+00	8.839474329458410148e-03
3.370000000000000000e+02	1.173807899263873238e-03	1.426984661825015099e-01	4.121987766836054945e-01	2.000000000000000111e-01	1.199999999999999956e+00	8.939206974802401881e-03
3.380000000000000000e+02	-3.033782569181872808e-05	9.911787953894916903e-02	5.072971520921734090e-01	2.000000000000000111e-01	1.199999999999999956e+00	7.475662326200199770e-03
3.390000000000000000e+02	3.745078368828495840e-04	1.620648650049026640e-01	4.362462270920151042e-01	2.000000000000000111e-01	1.199999999999999956e+00	1.338708699411733302e-02
3.400000000000000000e+02	9.452255348178674596e-04	6.137841852198963610e-02	5.947091646952578081e-01	2.000000000000000111e-01	1.199999999999999956e+00	1.112154950394426793e-02
3.410000000000000000e+02	9.613144379467498338e-04	1.078171514386086355e-01	4.805717886070106637e-01	2.000000000000000111e-01	1.199999999999999956e+00	5.830379334580177049e-03
3.420000000000000000e+02	1.152700933250272192e-03	1.964614536104501430e-01	8.672895661616353280e-02	2.000000000000000111e-01	1.199999999999999956e+00	4.125785318938002613e-03
3.430000000000000000e+02	4.698673692581840401e-03	1.391027195810451700e-01	1.811641670661807701e-01	2.000000000000000111e-01	1.199999999999999956e+00	1.214316974694548690e-02
3.440000000000000000e+02	2.038680409154747372e-04	8.922575259183855578e-02	4.993922954023548577e-01	2.000000000000000111e-01	1.199999999999999956e+00	5.410493989472857541e-03
3.450000000000000000e+02	-2.147226233589957442e-02	7.582151343891354589e-01	-1.002662501001671203e+00	2.000000000000000111e-01	1.199999999999999956e+00	1.045806577415001395e-02
3.460000000000000000e+02	8.484405581309073779e-04	1.350412500586655740e-01	3.101606789477502346e-01	2.000000000000000111e-01	1.199999999999999956e+00	3.822204263859720150e-03
3.470000000000000000e+02	4.202688469898966848e-04	1.474752616565647434e-01	2.261492846504049581e-01	2.000000000000000111e-01	1.199999999999999956e+00	5.181291050430288612e-03
3.480000000000000000e+02	1.284370740531014764e-02	2.055205614264231373e-01	5.162730143230076507e-02	2.000000000000000111e-01	1.199999999999999956e+00	7.786582008847663279e-03
3.490000000000000000e+02	7.202510059306325117e-03	2.072990964740162589e-01	1.199064725598555370e-01	2.000000000000000111e-01	1.199999999999999956e+00	1.843781549890038257e-02
3.500000000000000000e+02	1.841373323977391576e-05	1.626821527669359280e-01	3.675640372353696783e-01	2.000000000000000111e-01	1.199999999999999956e+00	5.919362817969591427e-03
3.510000000000000000e+02	2.478689582167207736e-03	1.280693713851124016e-01	3.229797646415528689e-01	2.000000000000000111e-01	1.199999999999999956e+00	2.894890835481751280e-03
3.520000000000000000e+02	-2.322465369620860948e-03	3.239714480303128585e-01	-3.689458438203390145e-01	2.000000000000000111e-01	1.199999999999999956e+00	5.262728523177396742e-03
3.530000000000000000e+02	-5.656767532837077457e-04	2.157268481785874215e-01	1.684182809252110502e-01	2.000000000000000111e-01	1.199999999999999956e+00	5.017514101700205377e-03
3.540000000000000000e+02	-8.902711672437845641e-03	5.725359458970055160e-01	-1.280221445645159939e+00	2.000000000000000111e-01	1.199999999999999956e+00	6.254687353946097352e-03
3.550000000000000000e+02	-4.077376344693437599e-03	4.219261606421187971e-01	-2.513246625666951672e-01	2.000000000000000111e-01	1.199999999999999956e+00	7.487474835153160209e-03
3.560000000000000000e+02	-1.414067465706054421e-03	2.178843267117484550e-01	2.656261323052948597e-01	2.000000000000000111e-01	1.199999999999999956e+00	8.870569865989608171e-03
3.570000000000000000e+02	6.229071193000658294e-04	1.162803080518954035e-01	5.210012972761570715e-01	2.000000000000000111e-01	1.199999999999999956e+00	9.309795293041970080e-03
3.580000000000000000e+02	-8.106438809863596856e-03	5.790324581140233740e-01	-4.020595985071979683e-01	2.000000000000000111e-01	1.199999999999999956e+00	1.100009379632851426e-02
3.590000000000000000e+02	3.890868789726969600e-03	3.023523746571794568e-01	-3.411944846533301323e-01	2.000000000000000111e-01	1.199999999999999956e+00	3.318205131160878452e-03
3.600000000000000000e+02	3.070972451107710152e-03	2.896604781619977476e-01	-6.017112333547491865e-01	2.000000000000000111e-01	1.199999999999999956e+00	3.259910097729418720e-03
3.610000000000000000e+02	1.285362758875661330e-04	2.180263807482746008e-01	9.298782385078085966e-02	2.000000000000000111e-01	1.199999999999999956e+00	4.889134863808259138e-03
3.620000000000000000e+02	-4.236671190278536213e-04	1.469753155012321344e-01	3.659377714514255864e-01	2.000000000000000111e-01	1.199999999999999956e+00	4.943302630735215038e-03
3.630000000000000000e+02	4.585509237831978920e-04	1.595282915734775875e-01	3.623398875451546708e-01	2.000000000000000111e-01	1.199999999999999956e+00	1.037271718119365214e-02
3.640000000000000000e+02	-2.070936219156081521e-03	2.732425864717179520e-01	-9.302359021319883681e-02	2.000000000000000111e-01	1.199999999999999956e+00	5.354318587249102916e-03
3.650000000000000000e+02	8.903781648364812078e-04	1.493072460571687188e-01	1.454652602930868177e-01	2.000000000000000111e-01	1.199999999999999956e+00	3.323770638552463706e-03
3.660000000000000000e+02	-1.705434452123568052e-05	1.267643188954682143e-01	4.514910511546217364e-01	2.000000000000000111e-01	1.199999999999999956e+00	8.710839517800793297e-03
3.670000000000000000e+02	2.591240443414733613e-03	5.015364286412329203e-02	6.287085725701808681e-01	2.000000000000000111e-01	1.199999999999999956e+00	5.465251976782200226e-03
3.680000000000000000e+02	1.234295090912561712e-04	2.053945708600446451e-01	1.772555207717898540e-01	2.000000000000000111e-01	1.199999999999999956e+00	6.837756888633556018e-03
3.690000000000000000e+02	8.339080490867105660e-04	1.055408859721621156e-01	4.984777062663297009e-01	2.000000000000000111e-01	1.199999999999999956e+00	4.748296798291792853e-03
3.700000000000000000e+02	-1.616406838941823266e-03	2.184642760314523258e-01	1.346753304508672144e-01	2.000000000000000111e-01	1.199999999999999956e+00	4.704576238663900518e-03
3.710000000000000000e+02	-4.955364946241906524e-04	1.776644534207791337e-01	3.981555328701702479e-01	2.000000000000000111e-01	1.199999999999999956e+00	1.140219639295165892e-02
3.720000000000000000e+02	1.129274888775642292e-04	2.399506426541519744e-01	1.436703957550511390e-02	2.000000000000000111e-01	1.199999999999999956e+00	5.233415333548145643e-03
3.730000000000000000e+02	1.385971518140437838e-03	1.658673895438949886e-01	1.966052268206195386e-01	2.000000000000000111e-01	1.199999999999999956e+00	5.236804607335087021e-03
3.740000000000000000e+02	2.805004076665868797e-03	5.317789533936931323e-02	6.290208834150051720e-01	2.000000000000000111e-01	1.199999999999999956e+00	7.358758643128853090e-03
3.750000000000000000e+02	-1.002186658157008456e-03	2.522588903450564413e-01	1.344340265875363372e-01	2.000000000000000111e-01	1.199999999999999956e+00	6.313144924108519442e-03
3.760000000000000000e+02	1.606407862553058509e-03	6.337779739837817727e-02	6.554201025173427286e-01	2.000000000000000111e-01	1.199999999999999956e+00	8.615390909496733682e-03
3.770000000000000000e+02	5.090117877384328290e-04	1.163515346176355325e-01	3.758364622509478004e-01	2.000000000000000111e-01	1.199999999999999956e+00	4.572072405120408516e-03
3.780000000000000000e+02	4.165455023626884394e-04	1.999811688052535730e-01	2.988644673362741422e-01	2.000000000000000111e-01	1.199999999999999956e+00	1.062512638851942359e-02
3.790000000000000000e+02	6.493182124908742541e-04	8.797205472647105784e-02	4.672539136242650493e-01	2.000000000000000111e-01	1.199999999999999956e+00	4.171756362555513811e-03
3.800000000000000000e+02	-9.388927117919216095e-04	2.048340437799315850e-01	1.908072207258841857e-01	2.000000000000000111e-01	1.199999999999999956e+00	7.517797018741573072e-03
3.810000000000000000e+02	1.522770026789126803e-03	1.371626278109010222e-01	3.709106262220234207e-01	2.000000000000000111e-01	1.199999999999999956e+00	7.973913055912145581e-03
3.820000000000000000e+02	6.531239005139455583e-04	1.739774668230323340e-01	1.811976579544753996e-01	2.000000000000000111e-01	1.199999999999999956e+00	6.993948080015838405e-03
3.830000000000000000e+02	-5.694373791095063775e-04	2.027603607353422321e-01	7.276724223662700552e-02	2.000000000000000111e-01	1.199999999999999956e+00	5.344172775838114571e-03
