0.000000000000000000e+00	-2.142112473085441837e-02	9.545900806559013407e-01	-1.619519572332757562e+00	2.000000000000000111e-01	1.199999999999999956e+00	1.254892524809711994e-02
1.000000000000000000e+00	7.522073649744986110e-04	3.730366955232825021e-01	-7.535454417253991677e-01	2.000000000000000111e-01	1.199999999999999956e+00	2.721617412282514945e-03
2.000000000000000000e+00	4.472781735519739191e-03	1.000242121511849130e-01	4.300957792117843237e-01	2.000000000000000111e-01	1.199999999999999956e+00	6.039352345823014757e-03
3.000000000000000000e+00	-2.899006371482300195e-03	2.522496177180587051e-01	-3.863739491594330722e-01	2.000000000000000111e-01	1.199999999999999956e+00	2.642216452891354636e-02
4.000000000000000000e+00	5.330647140503045819e-03	2.388953557372561765e-01	-2.193296618123786734e-01	2.000000000000000111e-01	1.199999999999999956e+00	4.106000727996414294e-03
5.000000000000000000e+00	-6.091406134694745539e-03	3.915253626587210656e-01	-7.318408493378677493e-01	2.000000000000000111e-01	1.199999999999999956e+00	3.327006005863144406e-02
6.000000000000000000e+00	-7.649075331654044043e-04	3.010605430846800545e-01	-3.217108288443994435e-01	2.000000000000000111e-01	1.199999999999999956e+00	6.621726444854072503e-03
7.000000000000000000e+00	-9.096030680643353485e-04	2.203727113831743523e-01	-9.995631820220593489e-02	2.000000000000000111e-01	1.199999999999999956e+00	5.174136077491404105e-03
8.000000000000000000e+00	-7.943572882501522686e-03	6.035449257504332810e-01	-1.543808178789068730e+00	2.000000000000000111e-01	1.199999999999999956e+00	9.504352875618843691e-03
9.000000000000000000e+00	5.948577384742137486e-03	2.194823720621522367e-01	-6.109910588344193150e-02	2.000000000000000111e-01	1.199999999999999956e+00	8.226384821900528319e-03
1.000000000000000000e+01	3.480459730313587258e-04	2.884260875410054048e-01	-1.518543834961160743e-01	2.000000000000000111e-01	1.199999999999999956e+00	5.504422134800983878e-03
1.100000000000000000e+01	3.749698808937519928e-03	1.007393150219797195e-01	5.301630275933035819e-01	2.000000000000000111e-01	1.199999999999999956e+00	1.250475382082005295e-02
1.200000000000000000e+01	-7.660182238265637877e-03	4.214473318926083567e-01	-5.637624948598809471e-01	2.000000000000000111e-01	1.199999999999999956e+00	1.427225000917426746e-02
1.300000000000000000e+01	1.302183880364928470e-03	1.847136124917865274e-01	1.041209682061720182e-01	2.000000000000000111e-01	1.199999999999999956e+00	2.948337393745288203e-03
1.400000000000000000e+01	2.483568208608244628e-03	3.248612580593080446e-01	-4.547121585662246279e-02	2.000000000000000111e-01	1.199999999999999956e+00	4.775405952315173695e-03
1.500000000000000000e+01	-1.050078197217380049e-02	6.139832346244497030e-01	-8.141608495536389878e-01	2.000000000000000111e-01	1.199999999999999956e+00	7.418940408448392032e-03
1.600000000000000000e+01	-3.701293289832191264e-03	3.306956371533597006e-01	-5.103545742562023285e-02	2.000000000000000111e-01	1.199999999999999956e+00	7.075195970953363118e-03
1.700000000000000000e+01	-1.322354239182866741e-04	2.834926349258835576e-01	1.408927680824104689e-01	2.000000000000000111e-01	1.199999999999999956e+00	7.120575019121775859e-03
1.800000000000000000e+01	3.451663350450144812e-03	8.681235554873532878e-02	4.721520379922685695e-01	2.000000000000000111e-01	1.199999999999999956e+00	7.001956958014589685e-03
1.900000000000000000e+01	8.228445526179380479e-03	2.945622025683241052e-01	-3.185779636624670452e-01	2.000000000000000111e-01	1.199999999999999956e+00	7.462645451499169170e-03
2.000000000000000000e+01	4.740430097681764057e-03	1.245315347451272092e-01	2.724817246809245197e-01	2.000000000000000111e-01	1.199999999999999956e+00	4.262796935707032810e-03
2.100000000000000000e+01	1.635296914374475934e-03	2.578472741636265164e-01	1.732244633511084708e-02	2.000000000000000111e-01	1.199999999999999956e+00	8.686108175764680264e-03
2.200000000000000000e+01	5.053524773190509224e-03	1.949142855891372872e-01	-1.631036004181490584e-01	2.000000000000000111e-01	1.199999999999999956e+00	3.183743597706809557e-03
2.300000000000000000e+01	-1.871836244183062862e-03	3.023555550712619944e-01	-8.972516455648989198e-02	2.000000000000000111e-01	1.199999999999999956e+00	8.520176320326049504e-03
2.400000000000000000e+01	1.123615096968811136e-03	1.916443844251496942e-01	2.400492963747721809e-01	2.000000000000000111e-01	1.199999999999999956e+00	5.386611438123489227e-03
2.500000000000000000e+01	1.013437348445350977e-03	2.087992958418767309e-01	7.894986342611881591e-02	2.000000000000000111e-01	1.199999999999999956e+00	7.233929565027654059e-03
2.600000000000000000e+01	3.216582535358928144e-03	1.847648475727984019e-01	5.769632547686828761e-02	2.000000000000000111e-01	1.199999999999999956e+00	1.049482846290357603e-02
2.700000000000000000e+01	3.651940418252551303e-03	2.253878926717574338e-01	-5.544885454465740826e-02	2.000000000000000111e-01	1.199999999999999956e+00	3.415152260551667773e-03
2.800000000000000000e+01	2.527309370011223636e-03	5.428378128653424395e-02	6.284940317361258355e-01	2.000000000000000111e-01	1.199999999999999956e+00	5.040584097376878125e-03
2.900000000000000000e+01	1.065490011068233019e-03	3.690621767483950322e-01	-7.046053953764193079e-01	2.000000000000000111e-01	1.199999999999999956e+00	2.826277443566423912e-03
3.000000000000000000e+01	7.881888050853970429e-03	1.386361205630819993e-01	3.093216039444111609e-01	2.000000000000000111e-01	1.199999999999999956e+00	1.810851593592948533e-02
3.100000000000000000e+01	-2.472158952320976325e-03	3.471727374737988980e-01	-5.411638757559367185e-02	2.000000000000000111e-01	1.199999999999999956e+00	8.334421043564023759e-03
3.200000000000000000e+01	4.231970674081516996e-03	1.578056114221712825e-01	1.714858071124987504e-01	2.000000000000000111e-01	1.199999999999999956e+00	1.839032870415648752e-02
3.300000000000000000e+01	-1.563339789707625426e-03	4.172935998653887757e-01	-4.994650484200993112e-01	2.000000000000000111e-01	1.199999999999999956e+00	4.493114185553465263e-03
3.400000000000000000e+01	4.836564210041500479e-03	2.857499268043657281e-01	-1.025750807656113234e-01	2.000000000000000111e-01	1.199999999999999956e+00	8.849984542841313542e-03
3.500000000000000000e+01	6.716560262174765079e-04	1.224322761121985070e-01	4.853187881011509219e-01	2.000000000000000111e-01	1.199999999999999956e+00	1.285502289526316635e-02
3.600000000000000000e+01	1.616301927734765855e-03	2.016741879441320551e-01	2.179072677844609562e-01	2.000000000000000111e-01	1.199999999999999956e+00	6.042907906247843401e-03
3.700000000000000000e+01	9.664322514468552325e-04	1.730692211878279707e-01	3.302519197264078832e-01	2.000000000000000111e-01	1.199999999999999956e+00	5.561069837606100012e-03
3.800000000000000000e+01	7.555113229820128659e-03	5.325232191402836657e-01	-1.142323546897662467e+00	2.000000000000000111e-01	1.199999999999999956e+00	5.831902800833077723e-03
3.900000000000000000e+01	2.735843560029603376e-03	3.113823489960566571e-01	-3.004420603282448865e-01	2.000000000000000111e-01	1.199999999999999956e+00	6.211798843393756021e-03
4.000000000000000000e+01	1.273620109939942397e-03	1.208638632077050357e-01	3.358206107579527755e-01	2.000000000000000111e-01	1.199999999999999956e+00	4.832655460233856171e-03
4.100000000000000000e+01	6.488562893049238311e-04	2.450015039164217534e-01	2.384816598118272638e-02	2.000000000000000111e-01	1.199999999999999956e+00	3.235166134255831102e-03
4.200000000000000000e+01	2.799628890075562052e-03	4.958546041519591024e-02	5.740857950128770426e-01	2.000000000000000111e-01	1.199999999999999956e+00	4.930648857192829020e-03
4.300000000000000000e+01	-2.514319500530972241e-03	3.267828128727898185e-01	-1.736110984429010407e-01	2.000000000000000111e-01	1.199999999999999956e+00	6.057980037627341482e-03
4.400000000000000000e+01	1.163272515052813467e-03	2.862312682665161812e-01	-1.807025563272607604e-01	2.000000000000000111e-01	1.199999999999999956e+00	5.056611704006890896e-03
4.500000000000000000e+01	5.521582366700076260e-03	1.908786138512350572e-01	2.081335576659874564e-01	2.000000000000000111e-01	1.199999999999999956e+00	9.277027163655448758e-03
4.600000000000000000e+01	-8.496138442116007300e-03	6.607809490013450970e-01	-1.314321038293822408e+00	2.000000000000000111e-01	1.199999999999999956e+00	8.118580198347442878e-03
4.700000000000000000e+01	-1.138190549496764141e-03	2.583966854467489305e-01	3.185800625672526032e-02	2.000000000000000111e-01	1.199999999999999956e+00	9.426358029549882639e-03
4.800000000000000000e+01	3.183992522581992075e-03	4.259017084173276624e-01	-1.399901593976180081e+00	2.000000000000000111e-01	1.199999999999999956e+00	4.241938872965545990e-03
4.900000000000000000e+01	1.637060150580220462e-03	1.192796808173207518e-01	3.426881638239615002e-01	2.000000000000000111e-01	1.199999999999999956e+00	4.631112099983440526e-03
5.000000000000000000e+01	-5.707213613645227557e-03	5.593404238637839088e-01	-9.056658479259365180e-01	2.000000000000000111e-01	1.199999999999999956e+00	2.154768541108342643e-03
5.100000000000000000e+01	-1.346024338502712107e-03	1.886531060541787042e-01	1.999697852401494114e-01	2.000000000000000111e-01	1.199999999999999956e+00	7.218962737507506056e-02
5.200000000000000000e+01	3.151853930662644639e-03	2.308720225441411034e-01	-1.469672170134811162e-01	2.000000000000000111e-01	1.199999999999999956e+00	3.159677678236714245e-03
5.300000000000000000e+01	-8.145178401487944767e-03	7.355447732836932762e-01	-1.300752964080579499e+00	2.000000000000000111e-01	1.199999999999999956e+00	1.020973637748164888e-02
5.400000000000000000e+01	3.843734663212443423e-04	3.318940191347267143e-01	3.642634029070783430e-02	2.000000000000000111e-01	1.199999999999999956e+00	8.186271788907699756e-03
5.500000000000000000e+01	-4.634514956266055441e-04	2.706793662022582425e-01	7.240094031515546813e-02	2.000000000000000111e-01	1.199999999999999956e+00	1.475480115672007063e-02
5.600000000000000000e+01	-4.672889829809015287e-03	4.123152800619342973e-01	-4.293981942644146121e-01	2.000000000000000111e-01	1.199999999999999956e+00	7.332453075525018592e-03
5.700000000000000000e+01	7.870861122872332147e-04	4.195750102925140390e-01	-6.193931856756875742e-01	2.000000000000000111e-01	1.199999999999999956e+00	2.179128154122794182e-03
5.800000000000000000e+01	3.242229627165468982e-03	1.685640560487965400e-01	1.560257777171231985e-01	2.000000000000000111e-01	1.199999999999999956e+00	8.575570116858411210e-03
5.900000000000000000e+01	-9.247488314944261878e-02	2.120749226381407393e+00	-4.678583528360953814e+00	2.000000000000000111e-01	1.199999999999999956e+00	4.953675558746559703e-03
6.000000000000000000e+01	2.068525899883612382e-03	1.771975710277370886e-01	2.949110465462242425e-01	2.000000000000000111e-01	1.199999999999999956e+00	6.864927654299196255e-03
6.100000000000000000e+01	-1.968704085519126280e-05	2.764637077718223312e-01	-1.377858767534069495e-01	2.000000000000000111e-01	1.199999999999999956e+00	7.680113161792128870e-03
6.200000000000000000e+01	2.356148180721388992e-03	1.535507079334465785e-01	4.203277481108209090e-01	2.000000000000000111e-01	1.199999999999999956e+00	1.125296625310133469e-02
6.300000000000000000e+01	1.530843173659585024e-03	1.468023058557186844e-01	3.993760414703436123e-01	2.000000000000000111e-01	1.199999999999999956e+00	6.245543691619809268e-03
6.400000000000000000e+01	2.336115091859514506e-03	2.032837603185495556e-01	2.170043425333370024e-01	2.000000000000000111e-01	1.199999999999999956e+00	4.500744040634060451e-03
6.500000000000000000e+01	5.303999125700782896e-04	1.615129857179186945e-01	3.570336017643871984e-01	2.000000000000000111e-01	1.199999999999999956e+00	1.457163758086089597e-02
6.600000000000000000e+01	-1.327333394116538695e-02	6.772421890855236937e-01	-9.242529690988673385e-01	2.000000000000000111e-01	1.199999999999999956e+00	1.212715844439040368e-02
6.700000000000000000e+01	-3.808632763810663319e-03	3.578204381423664149e-01	9.132794963893815787e-02	2.000000000000000111e-01	1.199999999999999956e+00	9.124138356317696222e-03
6.800000000000000000e+01	2.072725758537768276e-03	2.830511801377390557e-01	-3.343499719234859224e-01	2.000000000000000111e-01	1.199999999999999956e+00	6.297372188909781780e-03
6.900000000000000000e+01	3.696755888903520155e-03	2.630056897562759177e-01	6.538065030378617526e-02	2.000000000000000111e-01	1.199999999999999956e+00	1.554104600079402043e-02
7.000000000000000000e+01	5.766286267940535885e-03	1.161336827894083323e-01	2.836134407776551569e-01	2.000000000000000111e-01	1.199999999999999956e+00	7.373597460702513429e-03
7.100000000000000000e+01	-4.612051925164329519e-03	4.081570422391588293e-01	-3.513544345172304739e-01	2.000000000000000111e-01	1.199999999999999956e+00	1.496604977376769958e-02
7.200000000000000000e+01	1.273670946760892091e-03	1.923743347753571198e-01	1.760963147289051067e-01	2.000000000000000111e-01	1.199999999999999956e+00	6.442708336153118477e-03
7.300000000000000000e+01	-1.133080254965151447e-02	5.616439214123992718e-01	-6.560115437595911425e-01	2.000000000000000111e-01	1.199999999999999956e+00	9.363530407241155845e-03
7.400000000000000000e+01	5.922247352259658567e-04	1.904372567693422835e-01	1.093082487514319134e-01	2.000000000000000111e-01	1.199999999999999956e+00	4.701768127674068633e-03
7.500000000000000000e+01	3.355109883918299448e-03	1.512932489574136952e-01	2.697888304567361839e-01	2.000000000000000111e-01	1.199999999999999956e+00	7.741784493996368803e-03
7.600000000000000000e+01	5.610155880278045251e-03	1.088543851796733714e-01	4.582792788106088144e-01	2.000000000000000111e-01	1.199999999999999956e+00	1.478806543976510582e-02
7.700000000000000000e+01	9.681528735345790995e-04	1.941192948456286482e-01	-7.382797484294990886e-02	2.000000000000000111e-01	1.199999999999999956e+00	2.845648468517858291e-03
7.800000000000000000e+01	9.962199850508442894e-05	4.221740525629136820e-01	-7.788902697674334741e-01	2.000000000000000111e-01	1.199999999999999956e+00	3.233632738423367330e-03
7.900000000000000000e+01	-1.534258272346471696e-03	3.510489933653489492e-01	-2.036918766536994219e-01	2.000000000000000111e-01	1.199999999999999956e+00	6.847391086771701350e-03
8.000000000000000000e+01	-4.059891505839198153e-03	4.315329900219558867e-01	-5.631490023407407230e-01	2.000000000000000111e-01	1.199999999999999956e+00	7.631894534220677422e-03
8.100000000000000000e+01	5.016837216564092733e-03	1.434880576560387255e-01	3.721623371280563530e-01	2.000000000000000111e-01	1.199999999999999956e+00	8.005751611534295611e-03
8.200000000000000000e+01	1.199199701288786515e-02	2.662973544928773917e-01	-4.804376520105541615e-01	2.000000000000000111e-01	1.199999999999999956e+00	4.601608131998571015e-03
8.300000000000000000e+01	-8.888189167749331251e-03	4.835457435989114483e-01	-6.034843828643970953e-01	2.000000000000000111e-01	1.199999999999999956e+00	1.335051574559225317e-02
8.400000000000000000e+01	3.287470993816852399e-03	1.926318068973060238e-01	2.208344776537004284e-01	2.000000000000000111e-01	1.199999999999999956e+00	6.999942701377855417e-03
8.500000000000000000e+01	-2.828503322085723550e-04	1.393286572496767184e-01	3.006267258226557604e-01	2.000000000000000111e-01	1.199999999999999956e+00	8.008168705932633066e-03
8.600000000000000000e+01	-4.730525738086426468e-04	2.332806818260248216e-01	1.476480265414543136e-01	2.000000000000000111e-01	1.199999999999999956e+00	6.547913426227532259e-03
8.700000000000000000e+01	-3.003508642067503117e-03	4.335952185729779473e-01	-2.918052562171281616e-01	2.000000000000000111e-01	1.199999999999999956e+00	1.107367257560521248e-02
8.800000000000000000e+01	-2.112740833015895137e-04	1.761813837652143611e-01	1.803859980588890799e-01	2.000000000000000111e-01	1.199999999999999956e+00	6.221250218209175772e-03
8.900000000000000000e+01	-1.044105397287589145e-03	3.230003043105938998e-01	-1.426719964868345125e-01	2.000000000000000111e-01	1.199999999999999956e+00	7.354074167143336872e-03
9.000000000000000000e+01	8.509036798003158332e-04	2.433017097618998814e-01	7.099714093468545428e-02	2.000000000000000111e-01	1.199999999999999956e+00	8.285321638015196236e-03
9.100000000000000000e+01	-3.082526946888906189e-03	2.894093700321697660e-01	1.967847767444897977e-01	2.000000000000000111e-01	1.199999999999999956e+00	1.321504837812311969e-02
9.200000000000000000e+01	1.812806365413733786e-02	3.031007698435733352e-02	5.201655317435902592e-01	2.000000000000000111e-01	1.199999999999999956e+00	9.304492019197722549e-03
9.300000000000000000e+01	-3.756314402766375554e-03	4.334147556996700845e-01	-2.921748098405766436e-01	2.000000000000000111e-01	1.199999999999999956e+00	9.979561763982316286e-03
9.400000000000000000e+01	1.200773660581322313e-03	3.131319767037545887e-01	4.731075845572829675e-02	2.000000000000000111e-01	1.199999999999999956e+00	5.909182354105432279e-03
9.500000000000000000e+01	2.685254277648843786e-03	8.371929405148327563e-02	5.717740077790884889e-01	2.000000000000000111e-01	1.199999999999999956e+00	9.210450965952790212e-03
9.600000000000000000e+01	9.420665948667473078e-04	8.929917288433099343e-02	4.432027638960876481e-01	2.000000000000000111e-01	1.199999999999999956e+00	8.985409420530174676e-03
9.700000000000000000e+01	6.498580826424793511e-04	8.357320885858093851e-02	6.124343913594192390e-01	2.000000000000000111e-01	1.199999999999999956e+00	4.409004958103620447e-02
9.800000000000000000e+01	-1.618573750391747758e-03	2.135007191248947389e-01	9.153974485070487388e-02	2.000000000000000111e-01	1.199999999999999956e+00	2.682638757507624719e-02
9.900000000000000000e+01	-8.026917165450455152e-03	5.617421680953510466e-01	-8.554947843345154235e-01	2.000000000000000111e-01	1.199999999999999956e+00	5.713613060914464643e-03
1.000000000000000000e+02	-1.116991794288906166e-02	7.215137307836384517e-01	-1.104691621972879956e+00	2.000000000000000111e-01	1.199999999999999956e+00	8.202998340125932167e-03
1.010000000000000000e+02	7.927600101784792542e-04	1.275506947157468152e-01	2.483261130763349811e-01	2.000000000000000111e-01	1.199999999999999956e+00	4.525876623795047592e-03
1.020000000000000000e+02	1.812544219747564680e-03	1.801048931554171117e-01	2.572711668494471193e-01	2.000000000000000111e-01	1.199999999999999956e+00	1.220751364109866864e-02
1.030000000000000000e+02	-1.192601267618412404e-02	5.462506316017217145e-01	-8.230972901993246493e-01	2.000000000000000111e-01	1.199999999999999956e+00	4.324512432596548661e-02
1.040000000000000000e+02	3.139508247013706420e-03	2.815237480677852955e-01	-1.711136960812069396e-01	2.000000000000000111e-01	1.199999999999999956e+00	7.288010502581805314e-03
1.050000000000000000e+02	-3.406388374728479794e-03	3.848692865221058912e-01	-3.256008029004071602e-01	2.000000000000000111e-01	1.199999999999999956e+00	1.018458800783159611e-02
1.060000000000000000e+02	-1.122525111043186363e-02	6.533158002195523784e-01	-1.096455898090335390e+00	2.000000000000000111e-01	1.199999999999999956e+00	1.573273317451724662e-02
1.070000000000000000e+02	-1.087511424521371605e-03	2.152251135300889961e-01	2.386137267612503943e-01	2.000000000000000111e-01	1.199999999999999956e+00	5.278768214539727652e-03
1.080000000000000000e+02	1.524673744000418826e-03	1.674429904875276431e-01	3.633573299962939429e-01	2.000000000000000111e-01	1.199999999999999956e+00	1.550066848519777475e-02
1.090000000000000000e+02	8.874646152596065264e-04	1.030982026488311831e-01	5.332102911593324945e-01	2.000000000000000111e-01	1.199999999999999956e+00	1.135271238376541966e-02
1.100000000000000000e+02	2.848321608306249569e-03	5.075645767083001303e-01	-1.332870318859963765e+00	2.000000000000000111e-01	1.199999999999999956e+00	3.151834879765108045e-03
1.110000000000000000e+02	-1.688089651127498312e-03	2.389039524469902254e-01	1.558752814598247105e-01	2.000000000000000111e-01	1.199999999999999956e+00	6.170855065456772211e-03
1.120000000000000000e+02	5.759728279423032872e-03	3.131771920455317382e-01	-3.347075794610380739e-01	2.000000000000000111e-01	1.199999999999999956e+00	6.131247759983782762e-03
1.130000000000000000e+02	-1.537097616843680591e-02	7.630028098839216621e-01	-1.460205881089082558e+00	2.000000000000000111e-01	1.199999999999999956e+00	1.182015646649476823e-02
1.140000000000000000e+02	-1.490218566188366558e-03	3.019099989835564157e-01	1.252521891233498164e-01	2.000000000000000111e-01	1.199999999999999956e+00	7.125752499660580226e-03
1.150000000000000000e+02	1.485294055660624181e-03	3.500331557596339516e-01	-6.385517545922493321e-01	2.000000000000000111e-01	1.199999999999999956e+00	8.273467068896955476e-03
1.160000000000000000e+02	-2.479153403926264939e-04	2.683099320370597174e-01	-1.574496654131763611e-03	2.000000000000000111e-01	1.199999999999999956e+00	6.047809672085647896e-03
1.170000000000000000e+02	1.530624815477503843e-03	2.428931295400342805e-01	-1.030859388472036980e-01	2.000000000000000111e-01	1.199999999999999956e+00	4.836284050598812188e-03
1.180000000000000000e+02	2.966395201556440951e-03	2.456869754420231422e-01	-2.328028866813281195e-01	2.000000000000000111e-01	1.199999999999999956e+00	2.718709152128822269e-03
1.190000000000000000e+02	-7.428309795499748666e-05	3.287523942725656956e-01	-1.213536245733175534e-01	2.000000000000000111e-01	1.199999999999999956e+00	6.888515959026915610e-03
1.200000000000000000e+02	6.363348087956232583e-04	2.371788010014390380e-01	1.237855739782460149e-02	2.000000000000000111e-01	1.199999999999999956e+00	8.168527267493294955e-03
1.210000000000000000e+02	4.519579338222932431e-03	-1.089089462393614052e-02	8.904952695968678666e-01	2.000000000000000111e-01	1.199999999999999956e+00	1.423658101207756974e-02
1.220000000000000000e+02	3.618722467354790282e-03	8.840823648129184087e-02	4.525233163562470962e-01	2.000000000000000111e-01	1.199999999999999956e+00	4.129283657648028134e-03
1.230000000000000000e+02	-9.231494862645340388e-03	4.602027026649989083e-01	-1.414719091971516685e+00	2.000000000000000111e-01	1.199999999999999956e+00	2.733045739824808695e-01
1.240000000000000000e+02	1.632146767007980250e-03	3.988167003237481079e-01	-4.534811971998011226e-01	2.000000000000000111e-01	1.199999999999999956e+00	4.235184998855121355e-03
1.250000000000000000e+02	9.188136448287704985e-05	1.998497865456037859e-01	2.164337535740883667e-01	2.000000000000000111e-01	1.199999999999999956e+00	8.277326393675553742e-03
1.260000000000000000e+02	1.225130362320440806e-02	3.739069857024508448e-01	-7.398924974191602999e-01	2.000000000000000111e-01	1.199999999999999956e+00	4.536746452200287119e-03
1.270000000000000000e+02	1.621606259832539644e-03	2.372042663545228802e-01	-2.876237824953621347e-01	2.000000000000000111e-01	1.199999999999999956e+00	3.929986998737674056e-03
1.280000000000000000e+02	-5.437129183691386501e-03	5.017859169941412123e-01	-6.531477410904437120e-01	2.000000000000000111e-01	1.199999999999999956e+00	3.735785762526640501e-03
1.290000000000000000e+02	-2.088756179836519147e-03	3.506315973386303075e-01	-2.253979219898812891e-01	2.000000000000000111e-01	1.199999999999999956e+00	8.230178861246740044e-03
1.300000000000000000e+02	-3.126582399881737027e-04	2.009883263134904507e-01	1.054999991750546623e-01	2.000000000000000111e-01	1.199999999999999956e+00	2.861659658393458233e-02
1.310000000000000000e+02	1.483337198547134833e-03	2.020762131598811684e-01	8.902367237361509533e-02	2.000000000000000111e-01	1.199999999999999956e+00	4.614293300799499238e-03
1.320000000000000000e+02	3.462503266644590544e-03	1.386913592054827560e-01	3.541517041864641335e-01	2.000000000000000111e-01	1.199999999999999956e+00	9.481263144775002941e-03
1.330000000000000000e+02	-1.325246254219915602e-04	2.819487523992556532e-01	-1.005885718791618977e-01	2.000000000000000111e-01	1.199999999999999956e+00	6.287722287384040973e-03
1.340000000000000000e+02	9.768714182626979468e-04	4.551880211711219482e-01	-5.828707262390517840e-01	2.000000000000000111e-01	1.199999999999999956e+00	7.094313222796998393e-03
1.350000000000000000e+02	-4.355874367570642357e-03	4.170123282124657549e-01	-2.952954020152703807e-01	2.000000000000000111e-01	1.199999999999999956e+00	6.913120113327715296e-03
1.360000000000000000e+02	2.231856713045721804e-03	4.771347263121618609e-01	-8.531489514300351074e-01	2.000000000000000111e-01	1.199999999999999956e+00	3.715282990126481978e-03
1.370000000000000000e+02	1.294488908853160328e-02	-5.667960295041565844e-02	1.031524690856227000e+00	2.000000000000000111e-01	1.199999999999999956e+00	4.347489953183971551e-02
1.380000000000000000e+02	-2.513814555184478317e-03	4.125207845424777586e-01	-8.790134642326440373e-01	2.000000000000000111e-01	1.199999999999999956e+00	6.146646961665626872e-03
1.390000000000000000e+02	2.394736478813056652e-03	8.958233473201475394e-02	4.510940219042163801e-01	2.000000000000000111e-01	1.199999999999999956e+00	4.515694254008378351e-03
1.400000000000000000e+02	1.296282029371180131e-02	2.493505238844508365e-01	1.860760556980198439e-03	2.000000000000000111e-01	1.199999999999999956e+00	1.057019918372457783e-02
1.410000000000000000e+02	-1.997450919998699137e-04	2.117439814272040199e-01	5.354802618631428202e-02	2.000000000000000111e-01	1.199999999999999956e+00	6.145793261732458712e-03
1.420000000000000000e+02	-1.048950359040553464e-03	3.811565365934369565e-01	-4.827051313922274822e-01	2.000000000000000111e-01	1.199999999999999956e+00	4.421479546864086861e-03
1.430000000000000000e+02	1.048536160429881488e-03	1.323067007334655376e-01	3.698476090694055030e-01	2.000000000000000111e-01	1.199999999999999956e+00	2.510362086628550610e-03
1.440000000000000000e+02	1.581452251484133332e-03	2.256609578109596281e-01	1.251178267111301423e-01	2.000000000000000111e-01	1.199999999999999956e+00	1.067721020634472030e-02
1.450000000000000000e+02	-1.384404143404265129e-03	3.184492479717795366e-01	-1.790261704521877162e-01	2.000000000000000111e-01	1.199999999999999956e+00	7.367012137035787271e-03
1.460000000000000000e+02	-1.129359903868334623e-05	1.921438567772420503e-01	1.941007438246384054e-01	2.000000000000000111e-01	1.199999999999999956e+00	3.596160297361263719e-02
1.470000000000000000e+02	1.680715079720438094e-03	7.518734254273140571e-02	7.105224848336525456e-01	2.000000000000000111e-01	1.199999999999999956e+00	5.362277984855301494e-02
1.480000000000000000e+02	2.821994843502422835e-03	3.032013808386762599e-01	-8.030203448701147065e-03	2.000000000000000111e-01	1.199999999999999956e+00	4.492334590791595070e-03
1.490000000000000000e+02	8.064817908241550277e-04	2.356411235985958474e-01	1.020539997627724765e-01	2.000000000000000111e-01	1.199999999999999956e+00	7.497341935727690025e-03
1.500000000000000000e+02	-5.087579721075792831e-05	2.855307119098368096e-01	-5.364441203470465824e-01	2.000000000000000111e-01	1.199999999999999956e+00	7.036154019517200549e-03
1.510000000000000000e+02	-1.340949230396974853e-03	3.169796385174179498e-01	-1.826489707953058428e-01	2.000000000000000111e-01	1.199999999999999956e+00	4.347166928464073384e-03
1.520000000000000000e+02	2.545952966761648797e-03	7.690028480695247637e-02	5.258065013974231316e-01	2.000000000000000111e-01	1.199999999999999956e+00	8.503443992860511974e-03
1.530000000000000000e+02	-3.446075343424593717e-03	4.007581645264152725e-01	-4.692405636109001077e-01	2.000000000000000111e-01	1.199999999999999956e+00	2.947730357909425589e-03
1.540000000000000000e+02	2.718577649795940812e-03	2.851066604448672659e-01	-7.867559949195315760e-02	2.000000000000000111e-01	1.199999999999999956e+00	5.099689988331104588e-03
1.550000000000000000e+02	-1.255378486596557888e-02	5.937161960600612076e-01	-8.855392008155611450e-01	2.000000000000000111e-01	1.199999999999999956e+00	9.834534440948118975e-03
1.560000000000000000e+02	8.471698139774563397e-04	1.600499699882843574e-01	1.933354010244450194e-01	2.000000000000000111e-01	1.199999999999999956e+00	3.643009365723590305e-03
1.570000000000000000e+02	1.841104576885225011e-03	3.374075849756635326e-01	-2.129081893902352307e-01	2.000000000000000111e-01	1.199999999999999956e+00	8.517390547595470388e-03
1.580000000000000000e+02	3.101446640524669653e-03	7.979185361831773182e-01	-2.037452990844156986e+00	2.000000000000000111e-01	1.199999999999999956e+00	2.727300441018373073e-03
1.590000000000000000e+02	-8.099862129865166571e-03	5.844926519438383705e-01	-1.024079263411304286e+00	2.000000000000000111e-01	1.199999999999999956e+00	7.299655558020375946e-03
1.600000000000000000e+02	1.468727063991838618e-02	1.842791197781583068e-01	1.090685411403578137e-01	2.000000000000000111e-01	1.199999999999999956e+00	1.186041011240501764e-02
1.610000000000000000e+02	4.801691971176366290e-04	1.485889073327052723e-01	3.842247251191060475e-01	2.000000000000000111e-01	1.199999999999999956e+00	9.037366907767007199e-03
1.620000000000000000e+02	1.322049444570498741e-03	1.805458834422371539e-01	1.649135311173420271e-01	2.000000000000000111e-01	1.199999999999999956e+00	1.864937936532045596e-03
1.630000000000000000e+02	7.901799274822839114e-04	1.171358180117136605e-01	4.766475032061766037e-01	2.000000000000000111e-01	1.199999999999999956e+00	9.455931045776314048e-03
1.640000000000000000e+02	5.514424116609613867e-03	1.233390918458851099e-01	3.263487124644204318e-01	2.000000000000000111e-01	1.199999999999999956e+00	5.651549533020981154e-03
1.650000000000000000e+02	3.772399544962112394e-03	4.981710191886461886e-02	5.540820814975483399e-01	2.000000000000000111e-01	1.199999999999999956e+00	2.812846853101350336e-03
1.660000000000000000e+02	1.905787698456330682e-03	6.402571928834777104e-02	5.056600041629021325e-01	2.000000000000000111e-01	1.199999999999999956e+00	1.538316951336844013e-03
1.670000000000000000e+02	-3.109616936766949977e-03	3.044655753721551839e-01	-6.416069797040173384e-03	2.000000000000000111e-01	1.199999999999999956e+00	5.434850468378640310e-03
1.680000000000000000e+02	4.289262699766696260e-03	1.431505128737856347e-01	2.421427556150759774e-01	2.000000000000000111e-01	1.199999999999999956e+00	7.090284551663406445e-03
1.690000000000000000e+02	-4.966498117801902527e-03	4.563510621039856274e-01	-3.916314515524979556e-01	2.000000000000000111e-01	1.199999999999999956e+00	8.009958801235698631e-03
1.700000000000000000e+02	2.204395492948795551e-03	2.065223453767872641e-01	2.027217017225624654e-02	2.000000000000000111e-01	1.199999999999999956e+00	3.505675224001557518e-03
1.710000000000000000e+02	1.560254747604032785e-03	1.766678691703719162e-01	3.211992174374805886e-01	2.000000000000000111e-01	1.199999999999999956e+00	6.953440679566018010e-03
1.720000000000000000e+02	-1.638522369388607596e-04	1.792628191316029407e-01	2.115574261486532215e-01	2.000000000000000111e-01	1.199999999999999956e+00	3.822369498595643011e-03
1.730000000000000000e+02	1.651497938889985107e-03	1.675542261148359746e-01	4.044527961564469143e-01	2.000000000000000111e-01	1.199999999999999956e+00	1.771307772529356547e-02
1.740000000000000000e+02	4.438065308097201116e-03	4.423332735624217471e-01	-5.982511925671399888e-01	2.000000000000000111e-01	1.199999999999999956e+00	6.288293722085120351e-03
1.750000000000000000e+02	2.332902040696697293e-03	1.842865697503330291e-01	2.457138983811872901e-01	2.000000000000000111e-01	1.199999999999999956e+00	6.326497777886013786e-03
1.760000000000000000e+02	4.831390302207686470e-04	1.918915739419959354e-01	2.976529644364515614e-01	2.000000000000000111e-01	1.199999999999999956e+00	6.502975137047207164e-03
1.770000000000000000e+02	-1.311632539081361223e-02	8.262873560276298157e-01	-2.109880306998070942e+00	2.000000000000000111e-01	1.199999999999999956e+00	9.404785676197071134e-03
1.780000000000000000e+02	3.360160208421004470e-03	1.904583313853704662e-01	-2.133840359894697558e-01	2.000000000000000111e-01	1.199999999999999956e+00	3.248519188203784214e-03
1.790000000000000000e+02	3.291949045122428974e-03	3.932470142041865624e-01	-6.186134897680456435e-01	2.000000000000000111e-01	1.199999999999999956e+00	6.156924703913839794e-03
1.800000000000000000e+02	1.242257492514679514e-03	2.627973050890256013e-01	4.296175631173650145e-02	2.000000000000000111e-01	1.199999999999999956e+00	8.710431453119943726e-03
1.810000000000000000e+02	-1.006176767682808717e-03	2.992636432776024646e-01	-1.112454167316191123e-01	2.000000000000000111e-01	1.199999999999999956e+00	1.486326722917265426e-02
1.820000000000000000e+02	2.302325566215344607e-03	2.122997134473940950e-01	1.722530410108999988e-01	2.000000000000000111e-01	1.199999999999999956e+00	7.458651189387536205e-03
1.830000000000000000e+02	1.806181958766118600e-03	1.492901947906687399e-01	3.343312168405582208e-01	2.000000000000000111e-01	1.199999999999999956e+00	5.848964322147751950e-03
1.840000000000000000e+02	3.262370751474327757e-03	3.386471326879008509e-02	6.258997668628927258e-01	2.000000000000000111e-01	1.199999999999999956e+00	4.434172107835483712e-03
1.850000000000000000e+02	-3.268302941175520605e-03	4.084617733619599345e-01	-3.571608028868804019e-01	2.000000000000000111e-01	1.199999999999999956e+00	4.674629544298917160e-03
1.860000000000000000e+02	7.761979746814619274e-03	9.963570453481926381e-02	3.233416139518501264e-01	2.000000000000000111e-01	1.199999999999999956e+00	6.516695140242979856e-03
1.870000000000000000e+02	1.166998867594884996e-04	2.425861229804006092e-01	1.920890553139359413e-02	2.000000000000000111e-01	1.199999999999999956e+00	4.991173664528815446e-03
1.880000000000000000e+02	6.429093370965032654e-04	1.747399357046664770e-01	1.819390733606611466e-01	2.000000000000000111e-01	1.199999999999999956e+00	2.671613857390146493e-02
1.890000000000000000e+02	2.749634232043302907e-03	2.841239946769020808e-01	-2.630540699839792884e-01	2.000000000000000111e-01	1.199999999999999956e+00	5.113858204502057421e-03
1.900000000000000000e+02	-1.583032049906998081e-03	3.267873261297774001e-01	-2.701242025606626629e-01	2.000000000000000111e-01	1.199999999999999956e+00	4.275270260103249120e-03
1.910000000000000000e+02	1.425945407628911822e-04	1.792345184548168879e-01	2.145210711014932381e-01	2.000000000000000111e-01	1.199999999999999956e+00	5.593866223639732023e-03
1.920000000000000000e+02	2.888155857611695958e-03	2.620206710005141271e-01	8.569773954574010089e-02	2.000000000000000111e-01	1.199999999999999956e+00	7.753850132465490465e-03
1.930000000000000000e+02	1.166380786624125407e-02	1.006254489384326711e-01	4.810731433636805665e-01	2.000000000000000111e-01	1.199999999999999956e+00	4.590944749169352003e-03
1.940000000000000000e+02	1.975757998784837249e-03	1.766016506564783706e-01	1.338798966353177133e-01	2.000000000000000111e-01	1.199999999999999956e+00	3.563662452376767549e-03
1.950000000000000000e+02	1.731307373096675588e-03	1.480965832336016141e-01	2.014223044320503087e-01	2.000000000000000111e-01	1.199999999999999956e+00	1.387012089304064328e-03
1.960000000000000000e+02	3.313161183601750354e-03	1.389581984987487140e-01	4.636842119674203233e-01	2.000000000000000111e-01	1.199999999999999956e+00	1.243672956958977172e-02
1.970000000000000000e+02	1.732131752959900411e-03	9.647233948630436207e-02	4.811102374728232767e-01	2.000000000000000111e-01	1.199999999999999956e+00	5.804224744539543054e-03
1.980000000000000000e+02	-6.970592940613494493e-03	5.734253588536127877e-01	-8.172138583565095038e-01	2.000000000000000111e-01	1.199999999999999956e+00	7.269752356395604853e-03
1.990000000000000000e+02	-1.630436693409866022e-02	8.749419937636203626e-01	-1.262718608178814206e+00	2.000000000000000111e-01	1.199999999999999956e+00	6.687686543230250691e-03
2.000000000000000000e+02	3.134999590041738417e-03	2.228486253604983758e-01	1.529754126288466742e-01	2.000000000000000111e-01	1.199999999999999956e+00	8.764756281823186598e-03
2.010000000000000000e+02	5.481868178756863462e-03	1.761254665144143250e-01	9.486063727681642854e-02	2.000000000000000111e-01	1.199999999999999956e+00	9.698148278658908633e-03
2.020000000000000000e+02	1.542236619890392053e-03	2.678142738937370759e-01	-2.783520869734185665e-01	2.000000000000000111e-01	1.199999999999999956e+00	3.893336801964109115e-03
2.030000000000000000e+02	2.202307674088959701e-03	1.604443258252269133e-01	4.144042715168942403e-01	2.000000000000000111e-01	1.199999999999999956e+00	3.637035066189097006e-03
2.040000000000000000e+02	6.155457919415562376e-03	1.550171505816392570e-01	1.931466502780596062e-01	2.000000000000000111e-01	1.199999999999999956e+00	9.237316139311864752e-03
2.050000000000000000e+02	5.359115040839213320e-03	2.134292771936955879e-01	1.738274375225635493e-01	2.000000000000000111e-01	1.199999999999999956e+00	1.242852783211045864e-02
2.060000000000000000e+02	2.184438017258376070e-03	9.117671448113622013e-02	4.839095873274559256e-01	2.000000000000000111e-01	1.199999999999999956e+00	4.222469161256172873e-03
2.070000000000000000e+02	4.659192755145789150e-03	1.508171123752346798e-01	1.778348428461467845e-01	2.000000000000000111e-01	1.199999999999999956e+00	3.453883649672592239e-03
2.080000000000000000e+02	3.086779697597587333e-03	9.653806924066644923e-02	3.509824636271029474e-01	2.000000000000000111e-01	1.199999999999999956e+00	4.892311701601619565e-03
2.090000000000000000e+02	1.028413489015371756e-03	1.908257979110906111e-01	2.053785882485453240e-01	2.000000000000000111e-01	1.199999999999999956e+00	6.695077488973186393e-03
2.100000000000000000e+02	-1.065303332807427316e-03	1.338047811670750042e-01	2.945762292483486977e-01	2.322580645161289870e-01	1.199999999999999956e+00	9.985807552336911641e-03
2.110000000000000000e+02	1.508741147308458692e-03	2.040311970308914535e-01	-6.740637140452378218e-02	2.000000000000000111e-01	1.199999999999999956e+00	3.921751752075566984e-03
2.120000000000000000e+02	2.176981202529512617e-04	2.117720277277362340e-01	2.385839938498309776e-01	2.000000000000000111e-01	1.199999999999999956e+00	4.872387420203177534e-03
2.130000000000000000e+02	6.598972991042894275e-03	8.561491156513094392e-02	3.761438429752390067e-01	2.000000000000000111e-01	1.199999999999999956e+00	1.008505259412083820e-02
2.140000000000000000e+02	7.639723710015512270e-04	3.659415247918142433e-01	-2.158030389261096638e-01	2.000000000000000111e-01	1.199999999999999956e+00	5.394964138111266704e-03
2.150000000000000000e+02	-2.483180474997561012e-03	2.317353632181298750e-01	-1.383086282182506566e-01	2.000000000000000111e-01	1.199999999999999956e+00	2.568610442715540954e-02
2.160000000000000000e+02	3.392619078405522347e-04	2.876307829134688854e-01	-9.861090488603327375e-03	2.000000000000000111e-01	1.199999999999999956e+00	7.379119007178815658e-03
2.170000000000000000e+02	6.386441733082360954e-03	7.812859233838566342e-02	5.271408938658922461e-01	2.000000000000000111e-01	1.199999999999999956e+00	1.088015969889623812e-02
2.180000000000000000e+02	4.074804206566585464e-03	1.056815956448814431e-01	5.278669228358799925e-01	2.000000000000000111e-01	1.199999999999999956e+00	9.326513862694273474e-03
2.190000000000000000e+02	-6.108374267953528905e-03	4.847791338740625178e-01	-7.593127193927856622e-01	2.000000000000000111e-01	1.199999999999999956e+00	6.419027449667475890e-03
2.200000000000000000e+02	5.579506179258775060e-03	1.421624347844464564e-01	3.059210914390102509e-01	2.000000000000000111e-01	1.199999999999999956e+00	8.512683889724705424e-03
2.210000000000000000e+02	3.984839032266935220e-03	1.638197344694582169e-01	1.263392652288921059e-01	2.000000000000000111e-01	1.199999999999999956e+00	1.749255353863085876e-03
2.220000000000000000e+02	-6.840597019486646582e-04	2.087965029247639270e-01	2.517155186405757861e-01	2.000000000000000111e-01	1.199999999999999956e+00	1.094577751466786417e-02
2.230000000000000000e+02	-1.308165571194699547e-02	6.982384254104270216e-01	-1.185615600890606913e+00	2.000000000000000111e-01	1.199999999999999956e+00	7.112663075284250160e-03
2.240000000000000000e+02	6.773462180469188264e-03	1.844292607177153986e-01	3.047342926823797590e-03	2.000000000000000111e-01	1.199999999999999956e+00	6.058520654683542152e-03
2.250000000000000000e+02	1.047808805713505188e-02	1.312583170097502694e-01	2.692158101193185549e-01	2.000000000000000111e-01	1.199999999999999956e+00	8.206970720358317331e-03
2.260000000000000000e+02	3.047364506821052029e-03	1.378913791173659587e-01	1.966699102486577921e-01	2.000000000000000111e-01	1.199999999999999956e+00	3.587425041683391103e-03
2.270000000000000000e+02	1.920858375352032339e-03	4.641040958446608355e-01	-3.243671382718500973e-01	2.000000000000000111e-01	1.199999999999999956e+00	7.477402922638281928e-03
2.280000000000000000e+02	1.993617977022156366e-03	2.533718568054353359e-01	4.083541723108288779e-02	2.000000000000000111e-01	1.199999999999999956e+00	7.841384997313417468e-03
2.290000000000000000e+02	5.626094543089593149e-03	1.574020329394967277e-01	2.104983176054657235e-01	2.000000000000000111e-01	1.199999999999999956e+00	3.714873194192401789e-03
2.300000000000000000e+02	-6.529716463596055070e-04	1.903010478849184728e-01	3.056760132447636780e-01	2.000000000000000111e-01	1.199999999999999956e+00	4.941717359408536771e-03
2.310000000000000000e+02	-1.657465845105229180e-03	2.056713066652418043e-01	-5.196968302188599287e-01	2.000000000000000111e-01	1.199999999999999956e+00	7.718793131697324061e-02
2.320000000000000000e+02	5.334992923467098786e-04	1.289171809065089158e-01	3.747211020464900622e-01	2.000000000000000111e-01	1.199999999999999956e+00	4.400094037392035008e-03
2.330000000000000000e+02	2.182175102458754328e-03	8.506525876534530572e-02	4.334684776892620550e-01	2.000000000000000111e-01	1.199999999999999956e+00	3.135739412950391998e-03
2.340000000000000000e+02	-1.707259687600254220e-04	2.379921316716919200e-01	1.837677535139749518e-01	2.000000000000000111e-01	1.199999999999999956e+00	5.723725502965141577e-03
2.350000000000000000e+02	4.135214510334852406e-03	8.575061423074532840e-02	5.628043153168786894e-01	2.000000000000000111e-01	1.199999999999999956e+00	5.906986622932993737e-03
2.360000000000000000e+02	3.764961215139356245e-03	3.257517611255865697e-01	-4.633001105226982608e-01	2.000000000000000111e-01	1.199999999999999956e+00	4.330103712886675116e-03
2.370000000000000000e+02	1.182962612409566190e-02	2.021916691430781787e-01	1.468104931463791174e-01	2.000000000000000111e-01	1.199999999999999956e+00	1.046846057641251729e-02
2.380000000000000000e+02	-2.811779771534212314e-03	3.598458859825604539e-01	-3.309529529121307823e-01	2.000000000000000111e-01	1.199999999999999956e+00	7.566976214367758351e-03
2.390000000000000000e+02	-1.019727795805052068e-03	2.114999390389559197e-01	2.269645211172033605e-01	2.000000000000000111e-01	1.199999999999999956e+00	5.754817004210641129e-03
2.400000000000000000e+02	5.388051938049970638e-04	1.147781949469885848e-01	4.837776662330028343e-01	2.000000000000000111e-01	1.199999999999999956e+00	4.877913038641740195e-03
2.410000000000000000e+02	2.324227066453270294e-03	1.518286380450154516e-01	3.655712935085184689e-01	2.000000000000000111e-01	1.199999999999999956e+00	6.069257696534373359e-03
2.420000000000000000e+02	-7.441025382564517374e-04	2.467030459378966589e-01	-1.085403069631004774e-01	2.000000000000000111e-01	1.199999999999999956e+00	6.216070830688441400e-03
2.430000000000000000e+02	-2.642248433227830165e-03	4.769928776507424972e-01	-4.455720101195400629e-01	2.000000000000000111e-01	1.199999999999999956e+00	8.742054114057113551e-03
2.440000000000000000e+02	-4.529031740460222853e-03	9.917239335340636286e-01	-2.267369720987808090e+00	2.000000000000000111e-01	1.199999999999999956e+00	9.791754261297757472e-03
2.450000000000000000e+02	3.656998767469735179e-03	3.817584391762975926e-01	-3.414953990833288211e-01	2.000000000000000111e-01	1.199999999999999956e+00	9.034587135816344455e-03
2.460000000000000000e+02	-1.012572521173437951e-03	1.579239282096568664e-01	1.598210353303073372e-01	2.000000000000000111e-01	1.199999999999999956e+00	6.079662159551122574e-02
2.470000000000000000e+02	2.375542716769549981e-03	4.404393593896445136e-01	-4.769844019373642441e-01	2.000000000000000111e-01	1.199999999999999956e+00	8.081995439598938652e-03
2.480000000000000000e+02	-2.023789420660393468e-03	2.178154399376819039e-01	-1.832626109643202272e-01	2.000000000000000111e-01	1.199999999999999956e+00	7.488639083222339843e-02
2.490000000000000000e+02	1.605412105148385947e-03	1.332500469534322884e-01	3.269014981259448782e-01	2.000000000000000111e-01	1.199999999999999956e+00	7.110968962540410720e-03
2.500000000000000000e+02	4.025541777316289996e-03	1.572629488310048340e-01	1.592404097877363756e-01	2.000000000000000111e-01	1.199999999999999956e+00	3.419814533393031753e-03
2.510000000000000000e+02	-1.447619936607177568e-02	7.565223050990500520e-01	-1.213435379618780230e+00	2.000000000000000111e-01	1.199999999999999956e+00	1.218463626850357744e-02
2.520000000000000000e+02	5.120979854471446185e-03	1.537672648503969064e-01	2.310185145835582099e-01	2.000000000000000111e-01	1.199999999999999956e+00	5.271055962574509000e-03
2.530000000000000000e+02	1.244503721910037060e-03	6.669144008087728170e-02	4.936152372847790182e-01	2.000000000000000111e-01	1.199999999999999956e+00	3.768440682556954170e-03
2.540000000000000000e+02	-3.124034236542984778e-03	4.460820533482157124e-01	-3.526199598707048244e-01	2.000000000000000111e-01	1.199999999999999956e+00	4.492689291879460936e-03
2.550000000000000000e+02	2.000368736881046831e-03	1.414146217635765534e-01	4.325887226613621128e-01	2.000000000000000111e-01	1.199999999999999956e+00	7.902731736812862104e-03
2.560000000000000000e+02	5.396455692454929856e-03	1.528383566666533244e-01	2.868303397548448985e-01	2.000000000000000111e-01	1.199999999999999956e+00	6.854403792309124790e-03
2.570000000000000000e+02	-3.032920701338893792e-03	3.409379682291426295e-01	-1.295269862751954049e-01	2.000000000000000111e-01	1.199999999999999956e+00	1.325088241471701969e-02
2.580000000000000000e+02	2.387191440349729216e-03	7.440854099139981859e-02	5.153286995518181479e-01	2.000000000000000111e-01	1.199999999999999956e+00	5.051278407889010953e-03
2.590000000000000000e+02	-9.396136995046209736e-03	4.882602327288345090e-01	-1.300140681618616068e+00	2.000000000000000111e-01	1.199999999999999956e+00	1.936934356189768877e-02
2.600000000000000000e+02	-1.565405510814944128e-03	2.610100718347854731e-01	1.397909468474274886e-01	2.000000000000000111e-01	1.199999999999999956e+00	1.679475550324197736e-02
2.610000000000000000e+02	1.213901473617919405e-02	1.326140115276784881e-01	1.100146916606769831e-01	2.000000000000000111e-01	1.199999999999999956e+00	3.554764831547824709e-03
2.620000000000000000e+02	6.574387636274336283e-04	2.057859733016907944e-01	8.407855888254298082e-02	2.000000000000000111e-01	1.199999999999999956e+00	5.733891836932250574e-03
2.630000000000000000e+02	2.121461642372998106e-04	2.551104712706561695e-01	1.748736464635609889e-01	2.000000000000000111e-01	1.199999999999999956e+00	4.896918223362508281e-03
2.640000000000000000e+02	-2.160967683110940132e-02	9.199000318839758439e-01	-1.839867248237479602e+00	2.000000000000000111e-01	1.199999999999999956e+00	4.530153037472049206e-03
2.650000000000000000e+02	1.819164506277908986e-03	2.674125662772737222e-01	-6.279562841156904884e-02	2.000000000000000111e-01	1.199999999999999956e+00	3.613833325873530306e-03
2.660000000000000000e+02	-8.883063985463641532e-04	3.350150538673966616e-01	-1.476284786799873239e-01	2.000000000000000111e-01	1.199999999999999956e+00	6.820916099125771612e-03
2.670000000000000000e+02	1.756010123295808256e-04	3.539206963835014874e-01	-2.844531466876638048e-01	2.000000000000000111e-01	1.199999999999999956e+00	5.740416627009216170e-03
2.680000000000000000e+02	1.668315571943852381e-03	3.350230012923641892e-02	6.777469636664988917e-01	2.000000000000000111e-01	1.199999999999999956e+00	8.839829344413045395e-03
2.690000000000000000e+02	-3.427430895171081071e-02	1.118414117280005282e+00	-2.316467538794903192e+00	2.000000000000000111e-01	1.199999999999999956e+00	5.116107664473209908e-03
2.700000000000000000e+02	-1.794027260431425245e-03	3.675967762320950794e-01	-2.014641953503600036e-01	2.000000000000000111e-01	1.199999999999999956e+00	2.600955279076771522e-03
2.710000000000000000e+02	1.512359601940276282e-03	3.017788880095960691e-01	7.822110262107032433e-03	2.000000000000000111e-01	1.199999999999999956e+00	5.581540504189934013e-03
2.720000000000000000e+02	1.443724258772837755e-03	5.366933528372962448e-01	-6.971166919142313123e-01	2.000000000000000111e-01	1.199999999999999956e+00	1.039051353730952899e-02
2.730000000000000000e+02	7.823971865772661122e-04	1.370596213704831645e-01	3.346339404394718109e-01	2.000000000000000111e-01	1.199999999999999956e+00	5.023207036239907795e-03
2.740000000000000000e+02	2.082308194304463740e-03	9.480287888580958555e-02	3.599041921267222000e-01	2.000000000000000111e-01	1.199999999999999956e+00	6.002107601689980407e-03
2.750000000000000000e+02	-2.213353932273189138e-03	3.106383570708112773e-01	-1.691795725468544509e-01	2.000000000000000111e-01	1.199999999999999956e+00	2.420315159144742663e-03
2.760000000000000000e+02	1.915556842097355722e-03	2.288808872119670879e-01	2.300884027606614757e-01	2.000000000000000111e-01	1.199999999999999956e+00	5.020753336443669126e-03
2.770000000000000000e+02	-5.923969932205046078e-03	5.043097220494543453e-01	-7.944453904580300874e-01	2.000000000000000111e-01	1.199999999999999956e+00	2.398040538849824377e-02
2.780000000000000000e+02	1.854934899395809704e-03	3.113027452261662997e-01	-1.908401070477939998e-01	2.000000000000000111e-01	1.199999999999999956e+00	3.902450900709989682e-03
2.790000000000000000e+02	9.149823756376687049e-04	1.616036413075239153e-01	2.470820892625076592e-01	2.000000000000000111e-01	1.199999999999999956e+00	6.481685077130116580e-03
2.800000000000000000e+02	1.876471329893775815e-04	2.337887697720126556e-01	1.074612138486814028e-01	2.000000000000000111e-01	1.199999999999999956e+00	5.404429087959393765e-03
2.810000000000000000e+02	-7.368520385106692126e-03	5.845855087875375666e-01	-1.355579771128770483e+00	2.000000000000000111e-01	1.199999999999999956e+00	1.397403945714780459e-02
2.820000000000000000e+02	5.418381927671301647e-04	3.229811199579720737e-01	-3.639221187407296054e-01	2.000000000000000111e-01	1.199999999999999956e+00	3.271408962398289488e-03
2.830000000000000000e+02	2.230294641439393966e-04	2.103397404519535274e-01	3.245125285191133302e-02	2.000000000000000111e-01	1.199999999999999956e+00	6.521016693474479368e-03
2.840000000000000000e+02	-2.614487505007693190e-03	2.292321095747973658e-01	-2.445004880995831353e-01	2.000000000000000111e-01	1.199999999999999956e+00	7.224897393869565698e-02
2.850000000000000000e+02	6.447417519616081057e-04	1.777647282331825118e-01	3.082430738789648239e-01	2.000000000000000111e-01	1.199999999999999956e+00	6.453659864144129996e-03
2.860000000000000000e+02	1.623260515066226282e-03	2.151081603615239424e-01	4.097878893906010261e-02	2.000000000000000111e-01	1.199999999999999956e+00	4.241814965817962933e-03
2.870000000000000000e+02	-1.626413791204760944e-03	2.213557478779260845e-01	-6.705425279030285957e-02	2.000000000000000111e-01	1.199999999999999956e+00	2.282233233173519560e-02
2.880000000000000000e+02	1.260193135034587191e-03	1.469693174290747362e-01	3.101914056806580056e-01	2.000000000000000111e-01	1.199999999999999956e+00	6.781363116579744443e-03
2.890000000000000000e+02	1.047000243694196954e-03	1.050096005601190152e-01	4.019643722145712084e-01	2.000000000000000111e-01	1.199999999999999956e+00	4.047491803136070085e-03
2.900000000000000000e+02	8.513432327069463340e-04	2.766498386074516258e-01	-1.755184896873173417e-01	2.000000000000000111e-01	1.199999999999999956e+00	4.197732302066367605e-03
2.910000000000000000e+02	-1.461659549674398581e-03	4.041928563567975807e-01	-6.000326644043127988e-01	2.000000000000000111e-01	1.199999999999999956e+00	6.152125113287929860e-03
2.920000000000000000e+02	-1.902462964047862319e-03	2.254849610562931761e-01	-1.084590158502009571e-01	2.000000000000000111e-01	1.199999999999999956e+00	4.347620526291425674e-02
2.930000000000000000e+02	1.950361719556452248e-03	2.827775993280348676e-01	-8.792526934392547178e-02	2.000000000000000111e-01	1.199999999999999956e+00	6.026162118676440908e-03
2.940000000000000000e+02	7.205720679180070351e-03	1.483915384568127438e-01	1.196767944300159842e-01	2.000000000000000111e-01	1.199999999999999956e+00	5.623169559943392778e-03
2.950000000000000000e+02	1.867819629616217399e-03	3.103842835160354752e-01	-4.599984675765623754e-01	2.000000000000000111e-01	1.199999999999999956e+00	3.842079959781336852e-03
2.960000000000000000e+02	3.575498659760702105e-03	2.422361631139062499e-02	7.440931293207539987e-01	2.000000000000000111e-01	1.199999999999999956e+00	1.179249569295814926e-02
2.970000000000000000e+02	-7.255773451467176227e-03	5.672496203146270011e-01	-9.160400778349957474e-01	2.000000000000000111e-01	1.199999999999999956e+00	4.233423958666868159e-03
2.980000000000000000e+02	3.200232039079878559e-03	2.539076719423405959e-01	6.287419459132669031e-02	2.000000000000000111e-01	1.199999999999999956e+00	1.026580429396369530e-02
2.990000000000000000e+02	6.769066558106109086e-04	2.052590390259441400e-01	2.293939174504067979e-01	2.000000000000000111e-01	1.199999999999999956e+00	6.584516599865387725e-03
3.000000000000000000e+02	8.639438801238344271e-04	2.421838524003102622e-01	-5.980046749737284555e-03	2.000000000000000111e-01	1.199999999999999956e+00	6.477856593952862306e-03
3.010000000000000000e+02	-2.355890127655478443e-03	4.907378150173060116e-01	-9.937840422712966859e-01	2.000000000000000111e-01	1.199999999999999956e+00	4.229265107825621976e-03
3.020000000000000000e+02	4.131041511920549580e-03	1.818588657669355235e-01	1.265125775455724633e-01	2.000000000000000111e-01	1.199999999999999956e+00	8.309649828576369524e-03
3.030000000000000000e+02	-8.690564461917637618e-04	2.298210120169493498e-01	2.324817218564057542e-01	2.000000000000000111e-01	1.199999999999999956e+00	1.175119242504212014e-02
3.040000000000000000e+02	2.986902991717309882e-03	1.519277121333733327e-01	1.560099421495659555e-01	2.000000000000000111e-01	1.199999999999999956e+00	1.357508133067015024e-02
3.050000000000000000e+02	2.159910602675739846e-04	3.350328329008344652e-01	-1.889221782977987540e-01	2.000000000000000111e-01	1.199999999999999956e+00	5.462037942430921812e-03
3.060000000000000000e+02	-1.100409915978739798e-03	1.433510913519911723e-01	3.421900541202142487e-01	2.000000000000000111e-01	1.199999999999999956e+00	4.723370872886573785e-02
3.070000000000000000e+02	-2.802174156901453684e-04	4.512029885049403388e-01	-8.641740204099974676e-01	2.000000000000000111e-01	1.199999999999999956e+00	5.523722162507456283e-03
3.080000000000000000e+02	2.903907231576738097e-03	9.649496718409350526e-02	4.159772702353275453e-01	2.000000000000000111e-01	1.199999999999999956e+00	2.152513448295706542e-03
3.090000000000000000e+02	2.335688076171244919e-03	1.537603306763459521e-01	2.898172615387882844e-01	2.000000000000000111e-01	1.199999999999999956e+00	6.568530701097069664e-03
3.100000000000000000e+02	-3.949861223048591681e-04	1.216141011465498578e-01	2.750301801740955843e-01	2.000000000000000111e-01	1.199999999999999956e+00	7.875460294002357975e-02
3.110000000000000000e+02	-4.141654139537778723e-03	3.382160777033401122e-01	-2.573196820945042873e-01	2.000000000000000111e-01	1.199999999999999956e+00	9.443747612495719673e-03
3.120000000000000000e+02	-2.163313792485525161e-03	3.770387086444899061e-01	-3.374314615442114973e-01	2.000000000000000111e-01	1.199999999999999956e+00	4.097502975585411329e-03
3.130000000000000000e+02	-3.959659883165536176e-04	2.708519263426185097e-01	-4.225700860685019378e-02	2.000000000000000111e-01	1.199999999999999956e+00	9.462533588093449341e-03
3.140000000000000000e+02	1.776099270980113299e-04	1.321290225937658269e-01	3.998982366202049610e-01	2.000000000000000111e-01	1.199999999999999956e+00	6.724482894443097221e-03
3.150000000000000000e+02	3.361049498977292278e-03	2.695421911217812383e-01	-1.563490696675660929e-01	2.000000000000000111e-01	1.199999999999999956e+00	2.747171055204497732e-03
3.160000000000000000e+02	-5.571982790718969097e-03	5.525870424084394772e-01	-6.913144025537194537e-01	2.000000000000000111e-01	1.199999999999999956e+00	9.382947336197159510e-03
3.170000000000000000e+02	2.951849779965372983e-03	2.728824084160287322e-01	-5.959482498447573467e-02	2.000000000000000111e-01	1.199999999999999956e+00	4.092181217648487197e-03
3.180000000000000000e+02	-6.862308595841783805e-04	2.051350885884476727e-01	3.581667325512401523e-01	2.000000000000000111e-01	1.199999999999999956e+00	9.691429354573764116e-03
3.190000000000000000e+02	-8.729822730455655960e-03	5.135835219373183769e-01	-6.449558131540594763e-01	2.000000000000000111e-01	1.199999999999999956e+00	7.856218173034485927e-03
3.200000000000000000e+02	2.509293760864456622e-03	2.201456364988688963e-01	-1.443149529037410228e-01	2.000000000000000111e-01	1.199999999999999956e+00	3.096386185235870062e-03
3.210000000000000000e+02	-1.391790331873495653e-03	3.384920754238701091e-01	-2.142118544029082139e-01	2.000000000000000111e-01	1.199999999999999956e+00	7.689805320385106543e-03
3.220000000000000000e+02	1.453568921648855893e-03	7.448538235153631670e-02	4.933211470050299363e-01	2.000000000000000111e-01	1.199999999999999956e+00	6.219570408155153558e-03
3.230000000000000000e+02	1.706697004282867755e-03	2.608959791075824985e-01	8.410115753788927062e-02	2.000000000000000111e-01	1.199999999999999956e+00	9.336256774405330902e-03
3.240000000000000000e+02	3.021727589761668848e-03	1.134244717971891053e-01	3.650188742505985906e-01	2.000000000000000111e-01	1.199999999999999956e+00	3.613137126691516859e-03
3.250000000000000000e+02	1.319985358180876967e-03	5.573239654703554535e-01	-8.000875140872188984e-01	2.000000000000000111e-01	1.199999999999999956e+00	4.303981178563154840e-03
3.260000000000000000e+02	5.680041675133574519e-04	1.769343645144653143e-01	1.260695566915171761e-01	2.000000000000000111e-01	1.199999999999999956e+00	5.792990069422876767e-03
3.270000000000000000e+02	3.925510364584505058e-04	1.676822087607367229e-01	1.468885069281905265e-01	2.000000000000000111e-01	1.199999999999999956e+00	2.625209487447199234e-03
3.280000000000000000e+02	7.115662777732614883e-04	2.050716920900256535e-01	7.957824165774043945e-02	2.000000000000000111e-01	1.199999999999999956e+00	2.732346328024534698e-03
3.290000000000000000e+02	1.367924566423058810e-03	1.553879175854671335e-01	3.367221074392455771e-01	2.000000000000000111e-01	1.199999999999999956e+00	8.248208115069504201e-03
3.300000000000000000e+02	-1.382454207199268828e-02	5.969095070332391950e-01	-1.336580138738910906e+00	2.000000000000000111e-01	1.199999999999999956e+00	1.752714513738461155e-02
3.310000000000000000e+02	1.616239875198768492e-03	2.642904218922917936e-01	-6.663728053950832009e-02	2.000000000000000111e-01	1.199999999999999956e+00	7.188545820783443126e-03
3.320000000000000000e+02	-8.837500833803458005e-04	2.605776789230220269e-01	-4.290494816170004055e-02	2.000000000000000111e-01	1.199999999999999956e+00	4.584140140429563380e-03
3.330000000000000000e+02	1.877522024237871651e-04	3.332155450087726511e-01	-1.114057891090318858e-01	2.000000000000000111e-01	1.199999999999999956e+00	7.563267510983777246e-03
3.340000000000000000e+02	2.671192040786004532e-03	2.031714677373521183e-01	2.231033059684429942e-01	2.000000000000000111e-01	1.199999999999999956e+00	4.454989532757294354e-03
3.350000000000000000e+02	-5.797051603440976988e-03	4.397502304471360701e-01	-1.911887695692618960e-01	2.000000000000000111e-01	1.199999999999999956e+00	1.812865446457703755e-02
3.360000000000000000e+02	5.422339139141806562e-03	1.518383904461083622e-01	3.592646565323256436e-01	2.000000000000000111e-01	1.199999999999999956e+00	6.631819044964689693e-03
3.370000000000000000e+02	1.111493718335894269e-02	3.589727442548303893e-01	-1.893346002064784095e-01	2.000000000000000111e-01	1.199999999999999956e+00	5.789480932197874075e-03
3.380000000000000000e+02	1.542282593401126661e-05	1.431494535657794609e-01	2.066004451761331850e-01	2.000000000000000111e-01	1.199999999999999956e+00	4.087204426708247393e-03
3.390000000000000000e+02	2.127283544262734052e-03	2.504237312409117733e-01	5.804827545333561545e-03	2.000000000000000111e-01	1.199999999999999956e+00	4.597911610659287558e-03
3.400000000000000000e+02	8.943805019767036516e-04	4.368716766428221848e-02	5.580091725871580977e-01	2.000000000000000111e-01	1.199999999999999956e+00	3.150387261026999213e-03
3.410000000000000000e+02	-1.139958101660802116e-03	1.681864756839341057e-01	7.535453188228427579e-02	2.000000000000000111e-01	1.199999999999999956e+00	5.141031063940423168e-02
3.420000000000000000e+02	2.510186559424849948e-03	4.186842978672958293e-01	-5.939353244877635385e-01	2.000000000000000111e-01	1.199999999999999956e+00	6.876229581826233221e-03
3.430000000000000000e+02	3.288200442132255524e-03	2.371583203484591562e-01	-1.227590439744282308e-01	2.000000000000000111e-01	1.199999999999999956e+00	4.470112149130729511e-03
3.440000000000000000e+02	8.583898337480738196e-04	1.419397330260339096e-01	2.992858933888686290e-01	2.000000000000000111e-01	1.199999999999999956e+00	7.284761600552973511e-03
3.450000000000000000e+02	3.019083146179473136e-03	6.114352395664497675e-02	6.114141019996041093e-01	2.000000000000000111e-01	1.199999999999999956e+00	1.941403593733864036e-02
3.460000000000000000e+02	2.449712338664772164e-03	1.413478839362249662e-01	3.937604429182660071e-01	2.000000000000000111e-01	1.199999999999999956e+00	1.185163937190618182e-02
3.470000000000000000e+02	1.004943203178405202e-03	1.679290498089348049e-01	2.408800902805685595e-01	2.000000000000000111e-01	1.199999999999999956e+00	4.863025689896998890e-03
3.480000000000000000e+02	1.727806334765345135e-03	4.291324450079875286e-02	6.443697891522875976e-01	2.000000000000000111e-01	1.199999999999999956e+00	1.280120609140564421e-02
3.490000000000000000e+02	6.784200265625492518e-04	2.428523348919465197e-01	-1.406831232915853880e-01	2.000000000000000111e-01	1.199999999999999956e+00	7.704058529283852597e-03
3.500000000000000000e+02	2.861589800476576186e-04	1.594803535525988192e-01	3.546321667420275214e-01	2.000000000000000111e-01	1.199999999999999956e+00	8.097171145700058151e-03
3.510000000000000000e+02	-3.469538182933817709e-03	3.496261433919015116e-01	-2.118285880482793093e-01	2.000000000000000111e-01	1.199999999999999956e+00	1.385517690545485028e-02
3.520000000000000000e+02	-7.535892319319864585e-04	4.717001653427798646e-01	-4.270184178321165813e-01	2.000000000000000111e-01	1.199999999999999956e+00	4.904741998219943992e-03
3.530000000000000000e+02	5.846502543387440895e-03	1.393862977737320985e-01	3.473329848294590128e-01	2.000000000000000111e-01	1.199999999999999956e+00	8.884189483654479982e-03
3.540000000000000000e+02	6.213582984495722404e-03	1.106946085789391465e-01	4.674006887878344729e-01	2.000000000000000111e-01	1.199999999999999956e+00	1.220109497564155453e-02
3.550000000000000000e+02	3.374930730727708321e-03	2.592373785964088850e-01	4.124252697120143335e-02	2.000000000000000111e-01	1.199999999999999956e+00	9.202650259329569690e-03
3.560000000000000000e+02	-6.823952892483056741e-04	2.694126128328527270e-01	-1.943017079297187366e-01	2.000000000000000111e-01	1.199999999999999956e+00	5.481786464397038830e-03
3.570000000000000000e+02	-1.242111244694256557e-05	2.544388344841452820e-01	-4.315926111590684400e-02	2.000000000000000111e-01	1.199999999999999956e+00	6.999853117030573058e-03
3.580000000000000000e+02	3.119764167649553225e-03	4.212755095652997994e-01	-5.993352440076885612e-01	2.000000000000000111e-01	1.199999999999999956e+00	6.825002732378758485e-03
3.590000000000000000e+02	2.517540890458378876e-03	2.443558624860348374e-02	6.543747830251641640e-01	2.000000000000000111e-01	1.199999999999999956e+00	4.841942400546463306e-03
3.600000000000000000e+02	1.221052792656637624e-02	-7.503067166887140982e-02	1.047200441383946412e+00	2.000000000000000111e-01	1.199999999999999956e+00	4.385421338341206204e-02
3.610000000000000000e+02	2.022056324452546801e-03	1.991550927408611005e-01	2.153439772213996406e-01	2.000000000000000111e-01	1.199999999999999956e+00	1.224524678880827867e-02
3.620000000000000000e+02	-5.966527367809324129e-04	3.717526111004530454e-01	-4.614381097088997019e-01	2.000000000000000111e-01	1.199999999999999956e+00	6.581414379327640320e-03
3.630000000000000000e+02	-4.580858791404691932e-03	3.207292809763158670e-01	-3.857191678628690834e-01	2.000000000000000111e-01	1.199999999999999956e+00	2.794951549354042844e-02
3.640000000000000000e+02	1.068172793905728746e-03	9.612551435262535471e-02	3.917867741499658774e-01	2.000000000000000111e-01	1.199999999999999956e+00	2.930013289867524490e-03
3.650000000000000000e+02	-2.025298349037343761e-03	3.759392002576414371e-01	-4.315869213229416856e-01	2.000000000000000111e-01	1.199999999999999956e+00	8.525071531071501396e-03
3.660000000000000000e+02	-6.323398940833536768e-04	2.087326322095978681e-01	1.960454529289827885e-01	2.000000000000000111e-01	1.199999999999999956e+00	6.681423004173413054e-03
3.670000000000000000e+02	6.252519918185134480e-03	1.679527710561533882e-01	1.581517465715691906e-01	2.000000000000000111e-01	1.199999999999999956e+00	5.510563955548226055e-03
3.680000000000000000e+02	6.298680189222642840e-03	2.276260233874212169e-01	-1.099230650630100142e-01	2.000000000000000111e-01	1.199999999999999956e+00	3.329832373621989701e-03
3.690000000000000000e+02	-5.369303122825995651e-03	4.133010025004391075e-01	-3.726506007535035359e-01	2.000000000000000111e-01	1.199999999999999956e+00	3.707323787901086170e-03
3.700000000000000000e+02	-2.996728832223616128e-03	2.881593883482924667e-01	3.645619675358816036e-02	2.000000000000000111e-01	1.199999999999999956e+00	8.150307040333508099e-03
3.710000000000000000e+02	-3.537323220721395791e-03	3.635398866252087524e-01	-4.121024498631344346e-01	2.000000000000000111e-01	1.199999999999999956e+00	4.225664161662002864e-03
3.720000000000000000e+02	-1.279848699191449410e-03	3.106790592438368748e-01	-1.380215161295757775e-01	2.000000000000000111e-01	1.199999999999999956e+00	8.640862516823036646e-03
3.730000000000000000e+02	1.276359161892343195e-03	2.143493542052485878e-01	5.138973808789781827e-02	2.000000000000000111e-01	1.199999999999999956e+00	6.112018319381934406e-03
3.740000000000000000e+02	1.051543570143196812e-03	2.380415315684042965e-01	9.150877793547119998e-02	2.000000000000000111e-01	1.199999999999999956e+00	8.416706543055606921e-03
3.750000000000000000e+02	3.921568780415748794e-03	9.830678055067802734e-02	4.822795141334492164e-01	2.000000000000000111e-01	1.199999999999999956e+00	1.010472253341893403e-02
3.760000000000000000e+02	2.538355261885735271e-03	2.050157848716863476e-02	8.145469478892731763e-01	2.000000000000000111e-01	1.199999999999999956e+00	1.714339277060651298e-02
3.770000000000000000e+02	3.136647069797759806e-03	2.414547073345484907e-01	-1.843065221757072547e-01	2.000000000000000111e-01	1.199999999999999956e+00	3.725589839361469723e-03
3.780000000000000000e+02	4.770811166340693625e-03	1.201285346331982251e-01	2.963046139055606210e-01	2.000000000000000111e-01	1.199999999999999956e+00	6.777565680592434992e-03
3.790000000000000000e+02	3.176572822121949847e-03	1.568460325779930387e-01	3.094238880044457574e-01	2.000000000000000111e-01	1.199999999999999956e+00	3.604862178819924490e-03
3.800000000000000000e+02	3.368872463356967998e-03	7.038145200832515713e-02	4.822356921445833389e-01	2.000000000000000111e-01	1.199999999999999956e+00	5.181466065673415514e-03
3.810000000000000000e+02	4.031162929177789858e-03	1.351170832786424414e-01	1.369398054545895027e-01	2.000000000000000111e-01	1.199999999999999956e+00	3.642140505342623090e-03
3.820000000000000000e+02	2.827337509203488048e-03	1.058343759741361134e-01	4.539239855270578161e-01	2.000000000000000111e-01	1.199999999999999956e+00	8.126068296039372016e-03
3.830000000000000000e+02	4.296756961525247109e-03	1.742692213395300449e-01	7.456603734757701052e-02	2.000000000000000111e-01	1.199999999999999956e+00	4.401808191582303083e-03
