# lsbPerExcitatoryMicroSiemens:
1000.0
# lsbPerInhibitoryMicroSiemens:
250.0
# drviout_base:
1.5
# drvifall_base:
1.0
# calibration factors:
1.000000000000000000e+00
1.000000000000000000e+00
1.000000000000000000e+00
1.000000000000000000e+00
1.000000000000000000e+00
1.000000000000000000e+00
1.000000000000000000e+00
1.000000000000000000e+00
1.000000000000000000e+00
1.000000000000000000e+00
1.000000000000000000e+00
1.000000000000000000e+00
1.000000000000000000e+00
1.000000000000000000e+00
1.000000000000000000e+00
1.000000000000000000e+00
1.000000000000000000e+00
1.000000000000000000e+00
1.000000000000000000e+00
1.000000000000000000e+00
1.000000000000000000e+00
1.000000000000000000e+00
1.000000000000000000e+00
1.000000000000000000e+00
1.000000000000000000e+00
1.000000000000000000e+00
1.000000000000000000e+00
1.000000000000000000e+00
1.000000000000000000e+00
1.000000000000000000e+00
1.000000000000000000e+00
1.000000000000000000e+00
1.000000000000000000e+00
1.000000000000000000e+00
1.000000000000000000e+00
1.000000000000000000e+00
1.000000000000000000e+00
1.000000000000000000e+00
1.000000000000000000e+00
1.000000000000000000e+00
1.000000000000000000e+00
1.000000000000000000e+00
1.000000000000000000e+00
1.000000000000000000e+00
1.000000000000000000e+00
1.000000000000000000e+00
1.000000000000000000e+00
1.000000000000000000e+00
1.000000000000000000e+00
1.000000000000000000e+00
1.000000000000000000e+00
1.000000000000000000e+00
1.000000000000000000e+00
1.000000000000000000e+00
1.000000000000000000e+00
1.000000000000000000e+00
1.000000000000000000e+00
1.000000000000000000e+00
1.000000000000000000e+00
1.000000000000000000e+00
1.000000000000000000e+00
1.000000000000000000e+00
1.000000000000000000e+00
1.000000000000000000e+00
1.000000000000000000e+00
1.000000000000000000e+00
1.000000000000000000e+00
1.000000000000000000e+00
1.000000000000000000e+00
1.000000000000000000e+00
1.000000000000000000e+00
1.000000000000000000e+00
1.000000000000000000e+00
1.000000000000000000e+00
1.000000000000000000e+00
1.000000000000000000e+00
1.000000000000000000e+00
1.000000000000000000e+00
1.000000000000000000e+00
1.000000000000000000e+00
1.000000000000000000e+00
1.000000000000000000e+00
1.000000000000000000e+00
1.000000000000000000e+00
1.000000000000000000e+00
1.000000000000000000e+00
1.000000000000000000e+00
1.000000000000000000e+00
1.000000000000000000e+00
1.000000000000000000e+00
1.000000000000000000e+00
1.000000000000000000e+00
1.000000000000000000e+00
1.000000000000000000e+00
1.000000000000000000e+00
1.000000000000000000e+00
1.000000000000000000e+00
1.000000000000000000e+00
1.000000000000000000e+00
1.000000000000000000e+00
1.000000000000000000e+00
1.000000000000000000e+00
1.000000000000000000e+00
1.000000000000000000e+00
1.000000000000000000e+00
1.000000000000000000e+00
1.000000000000000000e+00
1.000000000000000000e+00
1.000000000000000000e+00
1.000000000000000000e+00
1.000000000000000000e+00
1.000000000000000000e+00
1.000000000000000000e+00
1.000000000000000000e+00
1.000000000000000000e+00
1.000000000000000000e+00
1.000000000000000000e+00
1.000000000000000000e+00
1.000000000000000000e+00
1.000000000000000000e+00
1.000000000000000000e+00
1.000000000000000000e+00
1.000000000000000000e+00
1.000000000000000000e+00
1.000000000000000000e+00
1.000000000000000000e+00
1.000000000000000000e+00
1.000000000000000000e+00
1.000000000000000000e+00
1.000000000000000000e+00
1.000000000000000000e+00
1.000000000000000000e+00
1.000000000000000000e+00
1.000000000000000000e+00
1.000000000000000000e+00
1.000000000000000000e+00
1.000000000000000000e+00
1.000000000000000000e+00
1.000000000000000000e+00
1.000000000000000000e+00
1.000000000000000000e+00
1.000000000000000000e+00
1.000000000000000000e+00
1.000000000000000000e+00
1.000000000000000000e+00
1.000000000000000000e+00
1.000000000000000000e+00
1.000000000000000000e+00
1.000000000000000000e+00
1.000000000000000000e+00
1.000000000000000000e+00
1.000000000000000000e+00
1.000000000000000000e+00
1.000000000000000000e+00
1.000000000000000000e+00
1.000000000000000000e+00
1.000000000000000000e+00
1.000000000000000000e+00
1.000000000000000000e+00
1.000000000000000000e+00
1.000000000000000000e+00
1.000000000000000000e+00
1.000000000000000000e+00
1.000000000000000000e+00
1.000000000000000000e+00
1.000000000000000000e+00
1.000000000000000000e+00
1.000000000000000000e+00
1.000000000000000000e+00
1.000000000000000000e+00
1.000000000000000000e+00
1.000000000000000000e+00
1.000000000000000000e+00
1.000000000000000000e+00
1.000000000000000000e+00
1.000000000000000000e+00
1.000000000000000000e+00
1.000000000000000000e+00
1.000000000000000000e+00
1.000000000000000000e+00
1.000000000000000000e+00
1.000000000000000000e+00
1.000000000000000000e+00
1.000000000000000000e+00
1.000000000000000000e+00
1.000000000000000000e+00
1.000000000000000000e+00
1.000000000000000000e+00
1.000000000000000000e+00
1.000000000000000000e+00
1.000000000000000000e+00
1.000000000000000000e+00
1.000000000000000000e+00
1.000000000000000000e+00
1.000000000000000000e+00
1.000000000000000000e+00
1.000000000000000000e+00
1.000000000000000000e+00
1.000000000000000000e+00
1.000000000000000000e+00
1.000000000000000000e+00
1.000000000000000000e+00
1.000000000000000000e+00
1.000000000000000000e+00
1.000000000000000000e+00
1.000000000000000000e+00
1.000000000000000000e+00
1.000000000000000000e+00
1.000000000000000000e+00
1.000000000000000000e+00
1.000000000000000000e+00
1.000000000000000000e+00
1.000000000000000000e+00
1.000000000000000000e+00
1.000000000000000000e+00
1.000000000000000000e+00
1.000000000000000000e+00
1.000000000000000000e+00
1.000000000000000000e+00
1.000000000000000000e+00
1.000000000000000000e+00
1.000000000000000000e+00
1.000000000000000000e+00
1.000000000000000000e+00
1.000000000000000000e+00
1.000000000000000000e+00
1.000000000000000000e+00
1.000000000000000000e+00
1.000000000000000000e+00
1.000000000000000000e+00
1.000000000000000000e+00
1.000000000000000000e+00
1.000000000000000000e+00
1.000000000000000000e+00
1.000000000000000000e+00
1.000000000000000000e+00
1.000000000000000000e+00
1.000000000000000000e+00
1.000000000000000000e+00
1.000000000000000000e+00
1.000000000000000000e+00
1.000000000000000000e+00
1.000000000000000000e+00
1.000000000000000000e+00
1.000000000000000000e+00
1.000000000000000000e+00
1.000000000000000000e+00
1.000000000000000000e+00
1.000000000000000000e+00
1.000000000000000000e+00
1.000000000000000000e+00
1.000000000000000000e+00
1.000000000000000000e+00
1.000000000000000000e+00
1.000000000000000000e+00
1.000000000000000000e+00
5.013020833333333703e-01
9.440104166666666297e-01
3.320312500000000000e-01
6.510416666666666956e-03
3.841145833333333148e-01
6.510416666666666956e-03
6.510416666666666956e-03
3.255208333333333565e-02
6.510416666666666956e-03
1.757812500000000000e-01
3.710937500000000000e-01
7.096354166666666297e-01
6.510416666666666956e-03
2.018229166666666574e-01
1.953125000000000000e-02
6.510416666666666956e-03
2.148437500000000000e-01
8.658854166666666297e-01
1.152343750000000000e+00
6.510416666666666956e-03
3.971354166666666852e-01
6.510416666666666956e-03
9.049479166666666297e-01
6.510416666666666956e-03
9.960937500000000000e-01
3.059895833333333148e-01
6.510416666666666956e-03
6.510416666666666956e-03
3.580729166666666852e-01
6.510416666666666956e-03
3.841145833333333148e-01
8.138020833333333703e-01
6.510416666666666956e-03
1.888020833333333426e-01
6.510416666666666956e-03
6.510416666666666956e-03
4.882812500000000000e-01
8.398437500000000000e-01
6.510416666666666956e-03
6.510416666666666956e-03
6.315104166666666297e-01
3.841145833333333148e-01
6.510416666666666956e-03
2.669270833333333148e-01
2.539062500000000000e-01
6.510416666666666956e-03
8.463541666666667129e-02
1.048177083333333259e+00
6.575520833333333703e-01
9.765625000000000000e-02
1.757812500000000000e-01
4.361979166666666852e-01
6.510416666666666956e-03
6.510416666666666956e-03
6.510416666666666956e-03
6.510416666666666956e-03
8.398437500000000000e-01
6.510416666666666956e-03
1.269531250000000000e+00
6.510416666666666956e-03
5.013020833333333703e-01
6.510416666666666956e-03
6.510416666666666956e-03
6.510416666666666956e-03
6.510416666666666956e-03
9.309895833333333703e-01
5.013020833333333703e-01
1.569010416666666741e+00
9.830729166666666297e-01
1.009114583333333259e+00
2.799479166666666852e-01
1.888020833333333426e-01
5.143229166666666297e-01
9.765625000000000000e-02
1.497395833333333426e-01
6.510416666666666956e-03
6.510416666666666956e-03
3.971354166666666852e-01
5.859375000000000000e-02
1.022135416666666741e+00
7.161458333333332871e-02
2.018229166666666574e-01
5.859375000000000000e-02
3.190104166666666852e-01
6.510416666666666956e-03
2.408854166666666574e-01
6.510416666666666956e-03
2.148437500000000000e-01
6.510416666666666956e-03
6.510416666666666956e-03
6.510416666666666956e-03
1.888020833333333426e-01
6.510416666666666956e-03
3.255208333333333565e-02
6.510416666666666956e-03
3.255208333333333565e-02
2.669270833333333148e-01
1.106770833333333287e-01
6.184895833333333703e-01
2.278645833333333426e-01
5.664062500000000000e-01
1.106770833333333287e-01
2.539062500000000000e-01
6.510416666666666956e-03
8.528645833333333703e-01
6.510416666666666956e-03
1.236979166666666713e-01
2.278645833333333426e-01
2.018229166666666574e-01
1.757812500000000000e-01
1.087239583333333259e+00
1.074218750000000000e+00
3.255208333333333565e-02
1.497395833333333426e-01
6.510416666666666956e-03
3.059895833333333148e-01
8.658854166666666297e-01
9.440104166666666297e-01
5.794270833333333703e-01
9.440104166666666297e-01
6.575520833333333703e-01
1.953125000000000000e-02
6.510416666666666956e-03
5.859375000000000000e-02
6.510416666666666956e-03
3.841145833333333148e-01
4.752604166666666852e-01
6.510416666666666956e-03
3.190104166666666852e-01
6.510416666666666956e-03
6.510416666666666956e-03
6.510416666666666956e-03
4.101562500000000000e-01
6.510416666666666956e-03
6.510416666666666956e-03
6.510416666666666956e-03
2.539062500000000000e-01
6.510416666666666956e-03
1.106770833333333287e-01
1.152343750000000000e+00
6.510416666666666956e-03
7.226562500000000000e-01
6.510416666666666956e-03
6.510416666666666956e-03
6.510416666666666956e-03
6.510416666666666956e-03
6.510416666666666956e-03
3.450520833333333148e-01
6.510416666666666956e-03
1.295572916666666741e+00
8.528645833333333703e-01
5.859375000000000000e-02
2.669270833333333148e-01
1.953125000000000000e-02
7.747395833333333703e-01
6.510416666666666956e-03
1.152343750000000000e+00
3.190104166666666852e-01
6.510416666666666956e-03
6.510416666666666956e-03
6.184895833333333703e-01
4.361979166666666852e-01
6.510416666666666956e-03
6.510416666666666956e-03
3.190104166666666852e-01
1.757812500000000000e-01
6.510416666666666956e-03
6.510416666666666956e-03
6.445312500000000000e-01
6.510416666666666956e-03
6.510416666666666956e-03
3.059895833333333148e-01
1.425781250000000000e+00
6.510416666666666956e-03
6.510416666666666956e-03
1.953125000000000000e-02
5.859375000000000000e-02
6.510416666666666956e-03
6.510416666666666956e-03
2.148437500000000000e-01
5.924479166666666297e-01
6.510416666666666956e-03
1.497395833333333426e-01
6.510416666666666956e-03
6.510416666666666956e-03
6.510416666666666956e-03
6.510416666666666956e-03
6.510416666666666956e-03
6.510416666666666956e-03
6.510416666666666956e-03
6.510416666666666956e-03
6.510416666666666956e-03
1.953125000000000000e-02
3.190104166666666852e-01
8.138020833333333703e-01
6.510416666666666956e-03
2.539062500000000000e-01
1.048177083333333259e+00
7.161458333333332871e-02
6.510416666666666956e-03
6.510416666666666956e-03
6.510416666666666956e-03
6.510416666666666956e-03
6.510416666666666956e-03
6.510416666666666956e-03
6.510416666666666956e-03
4.101562500000000000e-01
1.497395833333333426e-01
5.794270833333333703e-01
6.510416666666666956e-03
5.273437500000000000e-01
1.497395833333333426e-01
6.510416666666666956e-03
6.510416666666666956e-03
6.510416666666666956e-03
6.510416666666666956e-03
6.510416666666666956e-03
6.510416666666666956e-03
6.510416666666666956e-03
6.510416666666666956e-03
6.510416666666666956e-03
1.074218750000000000e+00
6.510416666666666956e-03
6.510416666666666956e-03
6.510416666666666956e-03
6.510416666666666956e-03
6.510416666666666956e-03
6.510416666666666956e-03
6.510416666666666956e-03
6.510416666666666956e-03
6.510416666666666956e-03
6.510416666666666956e-03
6.510416666666666956e-03
6.510416666666666956e-03
6.510416666666666956e-03
6.510416666666666956e-03
6.510416666666666956e-03
6.510416666666666956e-03
6.510416666666666956e-03
6.510416666666666956e-03
6.510416666666666956e-03
6.510416666666666956e-03
6.510416666666666956e-03
6.510416666666666956e-03
6.510416666666666956e-03
6.510416666666666956e-03
3.580729166666666852e-01
6.510416666666666956e-03
6.510416666666666956e-03
6.510416666666666956e-03
6.510416666666666956e-03
6.510416666666666956e-03
6.510416666666666956e-03
6.510416666666666956e-03
6.510416666666666956e-03
1.627604166666666574e-01
1.000000000000000000e+00
1.000000000000000000e+00
1.000000000000000000e+00
1.000000000000000000e+00
1.000000000000000000e+00
1.000000000000000000e+00
1.000000000000000000e+00
1.000000000000000000e+00
1.000000000000000000e+00
1.000000000000000000e+00
1.000000000000000000e+00
1.000000000000000000e+00
1.000000000000000000e+00
1.000000000000000000e+00
1.000000000000000000e+00
1.000000000000000000e+00
1.000000000000000000e+00
1.000000000000000000e+00
1.000000000000000000e+00
1.000000000000000000e+00
1.000000000000000000e+00
1.000000000000000000e+00
1.000000000000000000e+00
1.000000000000000000e+00
1.000000000000000000e+00
1.000000000000000000e+00
1.000000000000000000e+00
1.000000000000000000e+00
1.000000000000000000e+00
1.000000000000000000e+00
1.000000000000000000e+00
1.000000000000000000e+00
1.000000000000000000e+00
1.000000000000000000e+00
1.000000000000000000e+00
1.000000000000000000e+00
1.000000000000000000e+00
1.000000000000000000e+00
1.000000000000000000e+00
1.000000000000000000e+00
1.000000000000000000e+00
1.000000000000000000e+00
1.000000000000000000e+00
1.000000000000000000e+00
1.000000000000000000e+00
1.000000000000000000e+00
1.000000000000000000e+00
1.000000000000000000e+00
1.000000000000000000e+00
1.000000000000000000e+00
1.000000000000000000e+00
1.000000000000000000e+00
1.000000000000000000e+00
1.000000000000000000e+00
1.000000000000000000e+00
1.000000000000000000e+00
1.000000000000000000e+00
1.000000000000000000e+00
1.000000000000000000e+00
1.000000000000000000e+00
1.000000000000000000e+00
1.000000000000000000e+00
1.000000000000000000e+00
1.000000000000000000e+00
1.000000000000000000e+00
1.000000000000000000e+00
1.000000000000000000e+00
1.000000000000000000e+00
1.000000000000000000e+00
1.000000000000000000e+00
1.000000000000000000e+00
1.000000000000000000e+00
1.000000000000000000e+00
1.000000000000000000e+00
1.000000000000000000e+00
1.000000000000000000e+00
1.000000000000000000e+00
1.000000000000000000e+00
1.000000000000000000e+00
1.000000000000000000e+00
1.000000000000000000e+00
1.000000000000000000e+00
1.000000000000000000e+00
1.000000000000000000e+00
1.000000000000000000e+00
1.000000000000000000e+00
1.000000000000000000e+00
1.000000000000000000e+00
1.000000000000000000e+00
1.000000000000000000e+00
1.000000000000000000e+00
1.000000000000000000e+00
1.000000000000000000e+00
1.000000000000000000e+00
1.000000000000000000e+00
1.000000000000000000e+00
1.000000000000000000e+00
1.000000000000000000e+00
1.000000000000000000e+00
1.000000000000000000e+00
1.000000000000000000e+00
1.000000000000000000e+00
1.000000000000000000e+00
1.000000000000000000e+00
1.000000000000000000e+00
1.000000000000000000e+00
1.000000000000000000e+00
1.000000000000000000e+00
1.000000000000000000e+00
1.000000000000000000e+00
1.000000000000000000e+00
1.000000000000000000e+00
1.000000000000000000e+00
1.000000000000000000e+00
1.000000000000000000e+00
1.000000000000000000e+00
1.000000000000000000e+00
1.000000000000000000e+00
1.000000000000000000e+00
1.000000000000000000e+00
1.000000000000000000e+00
1.000000000000000000e+00
1.000000000000000000e+00
1.000000000000000000e+00
1.000000000000000000e+00
1.000000000000000000e+00
1.000000000000000000e+00
1.000000000000000000e+00
1.000000000000000000e+00
1.000000000000000000e+00
1.000000000000000000e+00
1.000000000000000000e+00
1.000000000000000000e+00
1.000000000000000000e+00
1.000000000000000000e+00
1.000000000000000000e+00
1.000000000000000000e+00
1.000000000000000000e+00
1.000000000000000000e+00
1.000000000000000000e+00
1.000000000000000000e+00
1.000000000000000000e+00
1.000000000000000000e+00
1.000000000000000000e+00
1.000000000000000000e+00
1.000000000000000000e+00
1.000000000000000000e+00
1.000000000000000000e+00
1.000000000000000000e+00
1.000000000000000000e+00
1.000000000000000000e+00
1.000000000000000000e+00
1.000000000000000000e+00
1.000000000000000000e+00
1.000000000000000000e+00
1.000000000000000000e+00
1.000000000000000000e+00
1.000000000000000000e+00
1.000000000000000000e+00
1.000000000000000000e+00
1.000000000000000000e+00
1.000000000000000000e+00
1.000000000000000000e+00
1.000000000000000000e+00
1.000000000000000000e+00
1.000000000000000000e+00
1.000000000000000000e+00
1.000000000000000000e+00
1.000000000000000000e+00
1.000000000000000000e+00
1.000000000000000000e+00
1.000000000000000000e+00
1.000000000000000000e+00
1.000000000000000000e+00
1.000000000000000000e+00
1.000000000000000000e+00
1.000000000000000000e+00
1.000000000000000000e+00
1.000000000000000000e+00
1.000000000000000000e+00
1.000000000000000000e+00
1.000000000000000000e+00
1.000000000000000000e+00
1.000000000000000000e+00
1.000000000000000000e+00
1.000000000000000000e+00
1.000000000000000000e+00
1.000000000000000000e+00
1.000000000000000000e+00
1.000000000000000000e+00
1.000000000000000000e+00
1.000000000000000000e+00
1.000000000000000000e+00
1.000000000000000000e+00
1.000000000000000000e+00
1.000000000000000000e+00
1.000000000000000000e+00
1.000000000000000000e+00
1.000000000000000000e+00
1.000000000000000000e+00
1.000000000000000000e+00
1.000000000000000000e+00
1.000000000000000000e+00
1.000000000000000000e+00
1.000000000000000000e+00
1.000000000000000000e+00
1.000000000000000000e+00
1.000000000000000000e+00
1.000000000000000000e+00
1.000000000000000000e+00
1.000000000000000000e+00
1.000000000000000000e+00
1.000000000000000000e+00
1.000000000000000000e+00
1.000000000000000000e+00
1.000000000000000000e+00
1.000000000000000000e+00
1.000000000000000000e+00
1.000000000000000000e+00
1.000000000000000000e+00
1.000000000000000000e+00
1.000000000000000000e+00
1.000000000000000000e+00
1.000000000000000000e+00
1.000000000000000000e+00
1.000000000000000000e+00
1.000000000000000000e+00
1.000000000000000000e+00
1.000000000000000000e+00
1.000000000000000000e+00
1.000000000000000000e+00
1.000000000000000000e+00
1.000000000000000000e+00
1.000000000000000000e+00
1.000000000000000000e+00
1.000000000000000000e+00
1.000000000000000000e+00
1.000000000000000000e+00
1.000000000000000000e+00
1.000000000000000000e+00
1.000000000000000000e+00
1.000000000000000000e+00
1.000000000000000000e+00
1.000000000000000000e+00
1.000000000000000000e+00
1.000000000000000000e+00
1.000000000000000000e+00
1.000000000000000000e+00
1.000000000000000000e+00
1.000000000000000000e+00
1.000000000000000000e+00
1.000000000000000000e+00
1.000000000000000000e+00
1.000000000000000000e+00
1.000000000000000000e+00
1.000000000000000000e+00
1.240234375000000000e+00
2.451171875000000000e+00
1.240234375000000000e+00
2.490234375000000000e+00
1.240234375000000000e+00
1.240234375000000000e+00
1.240234375000000000e+00
1.240234375000000000e+00
2.490234375000000000e+00
1.240234375000000000e+00
1.240234375000000000e+00
1.240234375000000000e+00
2.490234375000000000e+00
1.240234375000000000e+00
2.490234375000000000e+00
1.240234375000000000e+00
1.240234375000000000e+00
1.240234375000000000e+00
6.152343750000000000e-01
1.240234375000000000e+00
1.240234375000000000e+00
1.240234375000000000e+00
2.246093750000000000e-01
1.240234375000000000e+00
7.519531250000000000e-01
1.240234375000000000e+00
2.490234375000000000e+00
2.490234375000000000e+00
1.240234375000000000e+00
1.240234375000000000e+00
1.240234375000000000e+00
6.835937500000000000e-02
1.240234375000000000e+00
1.240234375000000000e+00
1.240234375000000000e+00
1.240234375000000000e+00
1.240234375000000000e+00
1.240234375000000000e+00
1.240234375000000000e+00
1.240234375000000000e+00
1.240234375000000000e+00
1.240234375000000000e+00
1.240234375000000000e+00
1.240234375000000000e+00
1.240234375000000000e+00
2.490234375000000000e+00
1.240234375000000000e+00
1.044921875000000000e+00
1.240234375000000000e+00
1.240234375000000000e+00
1.240234375000000000e+00
1.240234375000000000e+00
1.240234375000000000e+00
1.240234375000000000e+00
1.240234375000000000e+00
1.240234375000000000e+00
1.064453125000000000e+00
1.240234375000000000e+00
9.765625000000000000e-03
1.240234375000000000e+00
1.240234375000000000e+00
2.490234375000000000e+00
1.201171875000000000e+00
1.240234375000000000e+00
1.240234375000000000e+00
6.152343750000000000e-01
1.240234375000000000e+00
9.765625000000000000e-03
1.269531250000000000e-01
1.025390625000000000e+00
1.240234375000000000e+00
1.240234375000000000e+00
2.050781250000000000e-01
1.240234375000000000e+00
2.490234375000000000e+00
2.490234375000000000e+00
1.240234375000000000e+00
1.240234375000000000e+00
1.240234375000000000e+00
9.277343750000000000e-01
1.240234375000000000e+00
1.240234375000000000e+00
1.240234375000000000e+00
1.240234375000000000e+00
1.240234375000000000e+00
1.074218750000000000e-01
1.240234375000000000e+00
2.490234375000000000e+00
1.240234375000000000e+00
1.240234375000000000e+00
1.240234375000000000e+00
1.240234375000000000e+00
2.490234375000000000e+00
1.240234375000000000e+00
1.240234375000000000e+00
1.240234375000000000e+00
1.240234375000000000e+00
1.240234375000000000e+00
1.240234375000000000e+00
1.240234375000000000e+00
1.240234375000000000e+00
1.240234375000000000e+00
1.240234375000000000e+00
1.240234375000000000e+00
1.240234375000000000e+00
1.240234375000000000e+00
1.240234375000000000e+00
2.490234375000000000e+00
1.240234375000000000e+00
1.240234375000000000e+00
7.324218750000000000e-01
1.660156250000000000e-01
1.240234375000000000e+00
1.240234375000000000e+00
1.240234375000000000e+00
1.240234375000000000e+00
1.240234375000000000e+00
3.808593750000000000e-01
1.240234375000000000e+00
1.240234375000000000e+00
1.123046875000000000e+00
1.240234375000000000e+00
1.240234375000000000e+00
1.240234375000000000e+00
2.490234375000000000e+00
1.240234375000000000e+00
1.240234375000000000e+00
1.240234375000000000e+00
1.240234375000000000e+00
2.490234375000000000e+00
1.240234375000000000e+00
2.490234375000000000e+00
1.240234375000000000e+00
1.240234375000000000e+00
1.240234375000000000e+00
1.240234375000000000e+00
1.240234375000000000e+00
2.490234375000000000e+00
1.083984375000000000e+00
1.240234375000000000e+00
2.490234375000000000e+00
1.240234375000000000e+00
1.240234375000000000e+00
2.490234375000000000e+00
1.240234375000000000e+00
1.240234375000000000e+00
1.240234375000000000e+00
1.240234375000000000e+00
1.240234375000000000e+00
2.441406250000000000e-01
5.761718750000000000e-01
1.240234375000000000e+00
1.240234375000000000e+00
1.240234375000000000e+00
5.371093750000000000e-01
2.490234375000000000e+00
6.542968750000000000e-01
1.240234375000000000e+00
1.240234375000000000e+00
2.490234375000000000e+00
1.240234375000000000e+00
1.464843750000000000e-01
1.240234375000000000e+00
2.490234375000000000e+00
1.240234375000000000e+00
1.240234375000000000e+00
1.240234375000000000e+00
6.835937500000000000e-02
1.240234375000000000e+00
1.240234375000000000e+00
2.490234375000000000e+00
1.240234375000000000e+00
2.353515625000000000e+00
2.490234375000000000e+00
2.490234375000000000e+00
1.240234375000000000e+00
1.240234375000000000e+00
1.240234375000000000e+00
1.240234375000000000e+00
1.240234375000000000e+00
1.240234375000000000e+00
2.490234375000000000e+00
1.240234375000000000e+00
1.240234375000000000e+00
1.240234375000000000e+00
1.240234375000000000e+00
1.240234375000000000e+00
1.240234375000000000e+00
1.240234375000000000e+00
1.240234375000000000e+00
1.240234375000000000e+00
2.490234375000000000e+00
1.240234375000000000e+00
1.240234375000000000e+00
1.240234375000000000e+00
2.490234375000000000e+00
1.240234375000000000e+00
7.519531250000000000e-01
1.240234375000000000e+00
1.240234375000000000e+00
1.240234375000000000e+00
1.240234375000000000e+00
1.240234375000000000e+00
1.240234375000000000e+00
1.240234375000000000e+00
1.240234375000000000e+00
1.240234375000000000e+00
1.240234375000000000e+00
1.240234375000000000e+00
2.490234375000000000e+00
9.863281250000000000e-01
1.240234375000000000e+00
2.490234375000000000e+00
1.240234375000000000e+00
1.240234375000000000e+00
1.240234375000000000e+00
1.240234375000000000e+00
1.240234375000000000e+00
1.240234375000000000e+00
1.240234375000000000e+00
1.240234375000000000e+00
2.441406250000000000e-01
1.240234375000000000e+00
1.240234375000000000e+00
1.240234375000000000e+00
1.240234375000000000e+00
1.240234375000000000e+00
1.240234375000000000e+00
1.240234375000000000e+00
1.240234375000000000e+00
1.240234375000000000e+00
1.240234375000000000e+00
2.929687500000000000e-02
1.240234375000000000e+00
1.240234375000000000e+00
1.240234375000000000e+00
1.240234375000000000e+00
1.240234375000000000e+00
1.240234375000000000e+00
1.240234375000000000e+00
1.240234375000000000e+00
2.490234375000000000e+00
2.490234375000000000e+00
1.240234375000000000e+00
1.240234375000000000e+00
1.240234375000000000e+00
1.240234375000000000e+00
1.240234375000000000e+00
1.240234375000000000e+00
1.240234375000000000e+00
1.240234375000000000e+00
1.240234375000000000e+00
1.240234375000000000e+00
1.240234375000000000e+00
2.490234375000000000e+00
1.240234375000000000e+00
