0.000000000000000000e+00	1.289291595692382926e-03	1.916970491141010147e-01	5.878467169692447314e-02	2.000000000000000111e-01	1.199999999999999956e+00	3.002374702680736182e-02
1.000000000000000000e+00	-8.780571732990088366e-04	2.485726720638688769e-01	-5.137961432413096219e-02	2.000000000000000111e-01	1.199999999999999956e+00	4.804485899851830902e-03
2.000000000000000000e+00	2.004908000722452604e-03	2.765192188611912405e-01	-1.460667815012608450e-01	2.000000000000000111e-01	1.199999999999999956e+00	6.972609133060586259e-03
3.000000000000000000e+00	-1.841955216004689333e-03	3.029911385468223584e-01	4.510684987505175769e-02	2.000000000000000111e-01	1.199999999999999956e+00	7.707884576574670736e-03
4.000000000000000000e+00	2.819369885992584809e-03	6.775680378335634246e-02	5.041390843657467258e-01	2.000000000000000111e-01	1.199999999999999956e+00	2.135617185518234699e-03
5.000000000000000000e+00	-9.084598336683520408e-04	1.790758838340114345e-01	2.588439894383283146e-01	2.000000000000000111e-01	1.199999999999999956e+00	8.276406138796014653e-03
6.000000000000000000e+00	1.305436213145216634e-03	1.687689033257091520e-01	3.770882478338979382e-01	2.000000000000000111e-01	1.199999999999999956e+00	1.255898327111018217e-02
7.000000000000000000e+00	8.582052382348706468e-04	4.290440808104623027e-01	-2.910967603901539746e-01	2.000000000000000111e-01	1.199999999999999956e+00	7.983118479247099455e-03
8.000000000000000000e+00	1.154968388500664288e-03	1.819365342368318705e-01	2.580784536709446186e-01	2.000000000000000111e-01	1.199999999999999956e+00	7.701860446975217732e-03
9.000000000000000000e+00	2.053478540213774721e-04	6.738291952745917301e-01	-1.408876949223349051e+00	2.000000000000000111e-01	1.199999999999999956e+00	3.953497493405768760e-03
1.000000000000000000e+01	6.123047410492691602e-05	2.929534384474886122e-01	1.032397821076416200e-01	2.000000000000000111e-01	1.199999999999999956e+00	5.265446465038538075e-03
1.100000000000000000e+01	-1.005775470396060847e-03	2.385267096772059059e-01	1.139650704868264697e-01	2.000000000000000111e-01	1.199999999999999956e+00	5.695603353441098908e-03
1.200000000000000000e+01	4.703357282825711659e-03	1.155527279529689061e-01	4.025602464333106756e-01	2.000000000000000111e-01	1.199999999999999956e+00	1.055094286060512601e-02
1.300000000000000000e+01	9.117854208667721229e-04	1.488126082837035180e-01	3.026096824740673874e-01	2.000000000000000111e-01	1.199999999999999956e+00	4.510843604272404307e-03
1.400000000000000000e+01	-2.152191728596897138e-03	3.444922058030062129e-01	-7.224627655559334727e-02	2.000000000000000111e-01	1.199999999999999956e+00	9.019458027053830693e-03
1.500000000000000000e+01	-1.878066230964394595e-03	2.608214280512944905e-01	1.959836357244926219e-01	2.000000000000000111e-01	1.199999999999999956e+00	5.013650687654423559e-03
1.600000000000000000e+01	5.356813669662884372e-03	3.584974370921160114e-01	-2.130968024575645714e-01	2.000000000000000111e-01	1.199999999999999956e+00	3.541397636570943041e-03
1.700000000000000000e+01	-5.056482484206120676e-03	4.363545870320562625e-01	-3.173354579072880099e-01	2.000000000000000111e-01	1.199999999999999956e+00	7.175955762067726985e-03
1.800000000000000000e+01	5.410255475374993808e-04	1.152677489443578174e-01	4.506804978772045445e-01	2.000000000000000111e-01	1.199999999999999956e+00	3.926805247939050593e-03
1.900000000000000000e+01	1.140111300521714143e-03	1.420271289901150202e-01	3.767908859025173030e-01	2.000000000000000111e-01	1.199999999999999956e+00	5.635960918604534207e-03
2.000000000000000000e+01	2.117073598496371518e-03	1.510641964431254092e-01	4.036556653508540649e-01	2.000000000000000111e-01	1.199999999999999956e+00	8.217738184694805062e-03
2.100000000000000000e+01	5.952380941384360826e-04	2.627140042947486709e-01	2.412847940001490166e-01	2.000000000000000111e-01	1.199999999999999956e+00	7.215296750048830719e-03
2.200000000000000000e+01	-1.405133544734242165e-02	8.255659580918296436e-01	-1.316886819940145337e+00	2.000000000000000111e-01	1.199999999999999956e+00	5.389552276436094212e-03
2.300000000000000000e+01	5.526417086044135190e-04	2.748325266950708556e-01	-2.336145351380602975e-02	2.000000000000000111e-01	1.199999999999999956e+00	2.369818427604540850e-03
2.400000000000000000e+01	-2.951306515568105898e-03	3.548696594004827065e-01	-1.535468758663132149e-01	2.000000000000000111e-01	1.199999999999999956e+00	7.198844931665475920e-03
2.500000000000000000e+01	-2.398207573478811604e-03	4.558697563247246509e-01	-5.028571038182825248e-01	2.000000000000000111e-01	1.199999999999999956e+00	5.867925693005726119e-03
2.600000000000000000e+01	-2.375833047132261194e-04	2.117986143805012933e-01	2.004235077659881625e-01	2.000000000000000111e-01	1.199999999999999956e+00	5.137793017278158812e-03
2.700000000000000000e+01	-4.695253260713550501e-03	3.660450107918579166e-01	-7.916197534418856208e-04	2.000000000000000111e-01	1.199999999999999956e+00	9.878635473561315355e-03
2.800000000000000000e+01	3.224652064559989893e-03	1.306200619689484865e-01	2.383944989186730368e-01	2.000000000000000111e-01	1.199999999999999956e+00	4.280023969240508153e-03
2.900000000000000000e+01	-3.097381958250324321e-03	3.322838792644567385e-01	-3.083049404878792643e-01	2.000000000000000111e-01	1.199999999999999956e+00	9.551782245292706267e-03
3.000000000000000000e+01	-4.039415758563109221e-03	4.436735774787408659e-01	-3.601882658952337835e-01	2.000000000000000111e-01	1.199999999999999956e+00	6.407459491151809225e-03
3.100000000000000000e+01	1.651278357575996104e-03	2.699891565249844527e-01	-9.885029100085107601e-02	2.000000000000000111e-01	1.199999999999999956e+00	5.454390812617552174e-03
3.200000000000000000e+01	2.336899324377872574e-03	2.091160163638082770e-01	1.631656811723707357e-01	2.000000000000000111e-01	1.199999999999999956e+00	7.913238551650159103e-03
3.300000000000000000e+01	3.741756378082339036e-03	1.945927298190764099e-01	7.716422392586830270e-02	2.000000000000000111e-01	1.199999999999999956e+00	4.140988111010170634e-03
3.400000000000000000e+01	5.243432021627730984e-03	4.044306649984548141e-01	-5.633222332684382216e-01	2.000000000000000111e-01	1.199999999999999956e+00	5.971936244128538303e-03
3.500000000000000000e+01	-5.805049310447982051e-03	7.167836257685690216e-01	-9.187130831163692335e-01	2.000000000000000111e-01	1.199999999999999956e+00	7.462068111175235337e-03
3.600000000000000000e+01	-5.405359576427553464e-03	3.632699816613653709e-01	-9.371989182361222248e-01	2.000000000000000111e-01	1.199999999999999956e+00	5.913763476284934067e-02
3.700000000000000000e+01	-9.250004133784439295e-03	6.280357362757551520e-01	-6.971467791809615733e-01	2.000000000000000111e-01	1.199999999999999956e+00	9.590918767559441713e-03
3.800000000000000000e+01	4.173948685057656460e-05	2.113029067278208717e-01	2.917009654494324700e-01	2.000000000000000111e-01	1.199999999999999956e+00	1.214667701544765513e-02
3.900000000000000000e+01	-3.060684331461665554e-03	3.837676677435669093e-01	-3.382737775693556159e-02	2.000000000000000111e-01	1.199999999999999956e+00	1.062737011421946605e-02
4.000000000000000000e+01	2.363397531873097802e-03	1.032368711313896709e-01	4.558438187761026938e-01	2.000000000000000111e-01	1.199999999999999956e+00	4.922516306236700105e-03
4.100000000000000000e+01	-2.360774060727515843e-03	4.021296010869805371e-01	-1.990983724091481832e-01	2.000000000000000111e-01	1.199999999999999956e+00	6.963941211773985902e-03
4.200000000000000000e+01	-1.037719398786304207e-03	3.962679244599481287e-01	-5.530887955397592037e-01	2.000000000000000111e-01	1.199999999999999956e+00	1.307440628263762707e-02
4.300000000000000000e+01	-9.215218043865521305e-03	5.372321980889239734e-01	-1.183185898836128125e+00	2.000000000000000111e-01	1.199999999999999956e+00	7.919459280986864205e-03
4.400000000000000000e+01	8.001579585305890543e-03	2.086185616112667673e-01	3.954120038297981310e-02	2.000000000000000111e-01	1.199999999999999956e+00	7.297495949759722454e-03
4.500000000000000000e+01	3.750704897540641305e-03	4.087982151287554711e-01	-5.284154309066875221e-01	2.000000000000000111e-01	1.199999999999999956e+00	5.219670637391197153e-03
4.600000000000000000e+01	1.414856897933005220e-03	1.945079223766040810e-01	1.120047049187360422e-01	2.000000000000000111e-01	1.199999999999999956e+00	6.585358597568226162e-03
4.700000000000000000e+01	6.255802687184641199e-03	1.736993229156800767e-01	2.075130489035883485e-01	2.000000000000000111e-01	1.199999999999999956e+00	8.125483369422956820e-03
4.800000000000000000e+01	2.090823571116890659e-03	1.213577043961337060e-01	2.927888475406668078e-01	2.000000000000000111e-01	1.199999999999999956e+00	5.262227907981820337e-03
4.900000000000000000e+01	4.122091468149087674e-03	3.010962992396691851e-01	-7.126837522669982050e-02	2.000000000000000111e-01	1.199999999999999956e+00	4.016920501007448414e-03
5.000000000000000000e+01	6.656405058866246950e-04	3.350687290954644237e-01	-1.370052318867132080e-01	2.000000000000000111e-01	1.199999999999999956e+00	5.332850405187270111e-03
5.100000000000000000e+01	-2.862365301955586798e-03	3.692787481304555253e-01	-1.036629139180957893e-01	2.000000000000000111e-01	1.199999999999999956e+00	4.308399089259786277e-03
5.200000000000000000e+01	5.193099771071191988e-04	3.210089010794467401e-01	-3.010857269483042664e-01	2.000000000000000111e-01	1.199999999999999956e+00	6.765804781445774671e-03
5.300000000000000000e+01	1.241070196532161355e-03	8.576948160896030737e-02	5.322667595377956751e-01	2.000000000000000111e-01	1.199999999999999956e+00	4.253893834794898916e-03
5.400000000000000000e+01	3.446270668865644704e-03	1.084619021897782060e-01	4.124201951331583071e-01	2.000000000000000111e-01	1.199999999999999956e+00	8.612169274584380654e-03
5.500000000000000000e+01	-1.177154767241785950e-02	9.854479866728897974e-01	-1.888983733850936986e+00	2.000000000000000111e-01	1.199999999999999956e+00	4.593640348392582541e-03
5.600000000000000000e+01	9.233355440191019651e-04	2.301087670225059612e-01	9.881736852735834020e-02	2.000000000000000111e-01	1.199999999999999956e+00	5.273963547167471490e-03
5.700000000000000000e+01	2.483961426071266618e-03	2.359678896788841573e-01	1.260915665460817792e-01	2.000000000000000111e-01	1.199999999999999956e+00	5.272243469211657617e-03
5.800000000000000000e+01	-1.372726752688087750e-04	2.287162559406287765e-01	1.186469464058590439e-01	2.000000000000000111e-01	1.199999999999999956e+00	5.927194813290618224e-03
5.900000000000000000e+01	-4.635012180088569911e-03	5.285159697019854441e-01	-6.092348955273045874e-01	2.000000000000000111e-01	1.199999999999999956e+00	8.077729070704276274e-03
6.000000000000000000e+01	-1.864037550231454829e-02	7.168109442871007930e-01	-2.326866872117237861e+00	2.000000000000000111e-01	1.199999999999999956e+00	1.858926442520141831e-01
6.100000000000000000e+01	1.994636683162237002e-03	1.415620319166375485e-01	3.202762621260730747e-01	2.000000000000000111e-01	1.199999999999999956e+00	3.364504460890525763e-03
6.200000000000000000e+01	-1.354704381514695681e-03	2.495594247464785753e-01	1.217865555762669416e-01	2.000000000000000111e-01	1.199999999999999956e+00	1.367440390718495206e-02
6.300000000000000000e+01	-5.567623963678949199e-04	2.284227855878434021e-01	1.306157120102811042e-01	2.000000000000000111e-01	1.199999999999999956e+00	6.250849601342022346e-03
6.400000000000000000e+01	-3.206385497936856815e-02	1.018635618867309800e+00	-1.708031544663437984e+00	2.000000000000000111e-01	1.199999999999999956e+00	5.331408626872423916e-03
6.500000000000000000e+01	4.819462453338454935e-04	1.984638623435920624e-01	1.447559225226822122e-01	2.000000000000000111e-01	1.199999999999999956e+00	4.692109199846896707e-03
6.600000000000000000e+01	3.118455560012238417e-03	1.816014633773878617e-01	-8.750772353693347938e-02	2.000000000000000111e-01	1.199999999999999956e+00	3.209029296382783728e-03
6.700000000000000000e+01	-3.697206790925484151e-03	4.243013810304643307e-01	-2.021897317233376512e-01	2.000000000000000111e-01	1.199999999999999956e+00	4.517272890137929639e-03
6.800000000000000000e+01	-1.798546647215920223e-03	2.548297412982580834e-01	1.424862991847142268e-01	2.000000000000000111e-01	1.199999999999999956e+00	3.758826753001967037e-03
6.900000000000000000e+01	1.383817064225562662e-03	1.228156847733150869e-01	3.474207078988205133e-01	2.000000000000000111e-01	1.199999999999999956e+00	1.324431308365504531e-02
7.000000000000000000e+01	-1.189124281097179991e-03	2.124527789068695327e-01	2.999488400570733404e-01	2.000000000000000111e-01	1.199999999999999956e+00	6.878700538457398206e-03
7.100000000000000000e+01	1.347175003232132812e-03	1.278980211697694769e-01	3.451961724211667359e-01	2.000000000000000111e-01	1.199999999999999956e+00	5.209300648290068371e-03
7.200000000000000000e+01	5.240072803297121662e-03	1.361126856078985481e-01	4.066154341243324311e-01	2.000000000000000111e-01	1.199999999999999956e+00	1.038527252678812449e-02
7.300000000000000000e+01	-6.083265004665288148e-03	4.576795187245636387e-01	-6.614013445110487055e-01	2.000000000000000111e-01	1.199999999999999956e+00	2.421437678508971472e-02
7.400000000000000000e+01	2.696478716465519707e-03	1.979573172600939401e-01	7.833786162258471464e-02	2.000000000000000111e-01	1.199999999999999956e+00	2.749947790924600101e-03
7.500000000000000000e+01	-5.666932504793625695e-03	5.033678998122740333e-01	-7.322900799764999746e-01	2.000000000000000111e-01	1.199999999999999956e+00	7.199574714661108321e-03
7.600000000000000000e+01	-8.188359488564752112e-03	6.361546717645552018e-01	-8.545006523950942068e-01	2.000000000000000111e-01	1.199999999999999956e+00	5.207625415838129136e-03
7.700000000000000000e+01	8.617443558424450365e-04	2.300671110443801015e-01	1.484695699828058046e-01	2.000000000000000111e-01	1.199999999999999956e+00	7.141050263958587975e-03
7.800000000000000000e+01	2.722751749978598139e-03	1.494591379517715146e-01	3.292888933515336625e-01	2.000000000000000111e-01	1.199999999999999956e+00	1.675795338316824314e-03
7.900000000000000000e+01	-1.013480688677146149e-02	6.225257319847663506e-01	-6.509865465798680972e-01	2.000000000000000111e-01	1.199999999999999956e+00	7.080488220232193826e-03
8.000000000000000000e+01	1.694214214468351808e-03	2.856851782960856956e-01	-2.325400519015068390e-01	2.000000000000000111e-01	1.199999999999999956e+00	5.711308201695026142e-03
8.100000000000000000e+01	5.286829717210945849e-04	2.063205221251011301e-01	1.986000597428692060e-01	2.000000000000000111e-01	1.199999999999999956e+00	5.672492132184452952e-03
8.200000000000000000e+01	2.023547263165238839e-03	1.447762936073115070e-01	3.583783385641230446e-01	2.000000000000000111e-01	1.199999999999999956e+00	8.319461763706069088e-03
8.300000000000000000e+01	3.851193197841498001e-04	8.477965542592656722e-02	5.746458084804446642e-01	2.000000000000000111e-01	1.199999999999999956e+00	8.502244961708843585e-03
8.400000000000000000e+01	2.279723228656924984e-03	1.689843982060638405e-01	1.656004480571429127e-01	2.000000000000000111e-01	1.199999999999999956e+00	5.175952256455127257e-03
8.500000000000000000e+01	1.309358270315239860e-03	7.904614953863178806e-02	6.614449337084180591e-01	2.000000000000000111e-01	1.199999999999999956e+00	1.515625306916781011e-02
8.600000000000000000e+01	3.816189259666302562e-03	2.717978263403880712e-01	-1.056930088364729237e-01	2.000000000000000111e-01	1.199999999999999956e+00	2.707501970854089141e-03
8.700000000000000000e+01	-6.851490564875926427e-03	5.120497438687043879e-01	-6.741154655333536638e-01	2.000000000000000111e-01	1.199999999999999956e+00	6.962819421851007551e-03
8.800000000000000000e+01	2.295845381019701384e-03	1.864876324197493052e-01	2.628614260682944348e-01	2.000000000000000111e-01	1.199999999999999956e+00	5.857757926034576172e-03
8.900000000000000000e+01	-1.906467952995261755e-02	7.589024258898852127e-01	-1.058119986985239791e+00	2.000000000000000111e-01	1.199999999999999956e+00	8.833954315000449101e-03
9.000000000000000000e+01	-8.778670113778430607e-04	2.773136471899462774e-01	1.461369332284663258e-01	2.000000000000000111e-01	1.199999999999999956e+00	7.642969697637290276e-03
9.100000000000000000e+01	4.488464809412004604e-03	1.383610831364793514e-01	2.689759675900684766e-01	2.000000000000000111e-01	1.199999999999999956e+00	5.798129402970696698e-03
9.200000000000000000e+01	-8.356356053523820906e-04	2.368627758024871299e-01	1.084244957824318512e-01	2.000000000000000111e-01	1.199999999999999956e+00	1.079475700604293556e-02
9.300000000000000000e+01	-1.965354135245329578e-03	3.953182321852004577e-01	-1.887602151392639982e-01	2.000000000000000111e-01	1.199999999999999956e+00	6.762310101955715247e-03
9.400000000000000000e+01	-2.321493520172611142e-03	3.582082188478531992e-01	-1.168687817400169138e-01	2.000000000000000111e-01	1.199999999999999956e+00	8.625497645544167799e-03
9.500000000000000000e+01	-5.078312239916447576e-03	5.732375985499316151e-01	-5.465769133530251622e-01	2.000000000000000111e-01	1.199999999999999956e+00	5.917982709365198976e-03
9.600000000000000000e+01	-1.151369238185850907e-02	5.855648189106464896e-01	-6.828978060428516628e-01	2.000000000000000111e-01	1.199999999999999956e+00	1.023202470624588224e-02
9.700000000000000000e+01	-1.772301581405160342e-03	4.586825065052954065e-01	-4.609337758192726398e-01	2.000000000000000111e-01	1.199999999999999956e+00	8.590830512740092392e-03
9.800000000000000000e+01	7.170638611677764007e-04	1.415489806307394516e-01	4.479185759794099830e-01	2.000000000000000111e-01	1.199999999999999956e+00	9.508378265138669322e-03
9.900000000000000000e+01	1.420579972057943625e-03	5.414710823358750286e-02	6.702031394959950816e-01	2.000000000000000111e-01	1.199999999999999956e+00	1.256691911649474892e-02
1.000000000000000000e+02	-4.378526809938517936e-03	4.498981965131895744e-01	-2.495840082340894384e-01	2.000000000000000111e-01	1.199999999999999956e+00	8.681766308930033080e-03
1.010000000000000000e+02	2.115341029607384002e-03	2.557362575837631713e-01	-6.189261221495634402e-02	2.000000000000000111e-01	1.199999999999999956e+00	5.720847721882369244e-03
1.020000000000000000e+02	2.972797998205024394e-03	2.558492181760788076e-01	1.835170439708297963e-01	2.000000000000000111e-01	1.199999999999999956e+00	5.847139918059607831e-03
1.030000000000000000e+02	-1.043064913105514390e-03	2.559250055964655823e-01	-2.005361289686105053e-01	2.000000000000000111e-01	1.199999999999999956e+00	3.119299318158458203e-03
1.040000000000000000e+02	9.775448532644175677e-04	2.588923628537582178e-01	-1.684352986372208427e-01	2.000000000000000111e-01	1.199999999999999956e+00	3.623796028932653457e-03
1.050000000000000000e+02	-5.651537250036812099e-04	2.234068616517227435e-01	9.477936903357164766e-02	2.000000000000000111e-01	1.199999999999999956e+00	6.810137588633928020e-03
1.060000000000000000e+02	4.409801119446231203e-03	2.380506229284663766e-01	-8.072264203050938391e-02	2.000000000000000111e-01	1.199999999999999956e+00	3.701340597238511696e-03
1.070000000000000000e+02	-2.099637991089955275e-02	8.598104539449313855e-01	-1.132649470692289384e+00	2.000000000000000111e-01	1.199999999999999956e+00	1.074908583166581978e-02
1.080000000000000000e+02	4.347114595622389097e-03	2.569357473385227020e-01	-4.098522561276469744e-01	2.000000000000000111e-01	1.199999999999999956e+00	3.555114232157589437e-03
1.090000000000000000e+02	2.358839471421284549e-03	1.033224164732602091e-01	4.887933185731403452e-01	2.000000000000000111e-01	1.199999999999999956e+00	5.746931273236588998e-03
1.100000000000000000e+02	-2.782871856905978162e-03	3.407801527232668382e-01	-9.476613974869430024e-02	2.000000000000000111e-01	1.199999999999999956e+00	8.867976687340574718e-03
1.110000000000000000e+02	8.160826270046725580e-04	1.121818098779056583e-01	6.073525489383833076e-01	2.000000000000000111e-01	1.199999999999999956e+00	1.835065680144411585e-02
1.120000000000000000e+02	6.742811956701632442e-03	2.703008762514041430e-01	-2.479221222815297665e-02	2.000000000000000111e-01	1.199999999999999956e+00	5.821122979757685327e-03
1.130000000000000000e+02	-7.954950353658538672e-05	1.865918421619549850e-01	2.288856095459488316e-01	2.000000000000000111e-01	1.199999999999999956e+00	7.832172744712076820e-03
1.140000000000000000e+02	3.170764361541272033e-04	1.501889751866650469e-01	4.083680328602001808e-01	2.000000000000000111e-01	1.199999999999999956e+00	8.209369651897651526e-03
1.150000000000000000e+02	1.845008818525571627e-04	1.062625627902500508e-01	4.141351837656142010e-01	2.000000000000000111e-01	1.199999999999999956e+00	3.114213113167956133e-03
1.160000000000000000e+02	1.598059776619650298e-03	2.833640427315607391e-01	-1.808708100334559532e-01	2.000000000000000111e-01	1.199999999999999956e+00	6.603426065249157553e-03
1.170000000000000000e+02	1.602591794985851236e-03	2.405253789919473972e-01	8.211685782639577269e-02	2.000000000000000111e-01	1.199999999999999956e+00	5.186289079666404726e-03
1.180000000000000000e+02	3.122998319902876418e-03	3.972584468528692070e-01	-2.770765958455720934e-01	2.000000000000000111e-01	1.199999999999999956e+00	5.269268658774881563e-03
1.190000000000000000e+02	1.093974400693196883e-03	1.315370393934585935e-01	3.424230462581769885e-01	2.000000000000000111e-01	1.199999999999999956e+00	7.552399633798638143e-03
1.200000000000000000e+02	-6.163068744510734158e-03	4.707869726864181148e-01	-4.714610366081597448e-01	2.000000000000000111e-01	1.199999999999999956e+00	6.098568035022890362e-03
1.210000000000000000e+02	-3.551356460555325084e-02	1.244213350068247292e+00	-3.454876637114971949e+00	2.000000000000000111e-01	1.199999999999999956e+00	4.101840714433930245e-03
1.220000000000000000e+02	4.203048073757973280e-04	1.120697464487605682e-01	4.546746431286554646e-01	2.000000000000000111e-01	1.199999999999999956e+00	5.789670366672917956e-03
1.230000000000000000e+02	-1.619827524237333130e-03	3.350251248072610433e-01	-2.078010386387747488e-01	2.000000000000000111e-01	1.199999999999999956e+00	1.087860235072976925e-02
1.240000000000000000e+02	-2.264598793816984847e-03	2.985989582938247677e-01	-1.085271406750969447e-01	2.000000000000000111e-01	1.199999999999999956e+00	3.921384763126334674e-03
1.250000000000000000e+02	-1.503207293382204058e-03	2.912860103940200784e-01	3.863017901846177438e-03	2.000000000000000111e-01	1.199999999999999956e+00	4.297098404975190598e-03
1.260000000000000000e+02	1.441702403257699369e-03	2.390304987621722776e-01	-2.787873608355795341e-02	2.000000000000000111e-01	1.199999999999999956e+00	3.773660622085023113e-03
1.270000000000000000e+02	-1.975685806359787564e-02	7.842940288845754448e-01	-1.405427284243307540e+00	2.000000000000000111e-01	1.199999999999999956e+00	1.028407600380640274e-02
1.280000000000000000e+02	3.033275699047374881e-03	2.518146419047477269e-01	-1.834291239359715497e-01	2.000000000000000111e-01	1.199999999999999956e+00	2.321846265228807472e-03
1.290000000000000000e+02	5.835749764344887180e-04	2.061613667116325432e-01	1.162271935269729717e-01	2.000000000000000111e-01	1.199999999999999956e+00	9.269185447351382598e-03
1.300000000000000000e+02	-1.237001063924333651e-03	2.681458115365666917e-01	5.008230905972688163e-03	2.000000000000000111e-01	1.199999999999999956e+00	1.007255372835189587e-02
1.310000000000000000e+02	-4.666137481666165175e-03	4.006333904386485956e-01	-1.968519265961132803e-01	2.000000000000000111e-01	1.199999999999999956e+00	4.569906088397664504e-03
1.320000000000000000e+02	6.774179999000881983e-03	7.482144826642872504e-01	-1.251565540679079547e+00	2.000000000000000111e-01	1.199999999999999956e+00	4.639911550984304744e-02
1.330000000000000000e+02	6.663972077011538417e-03	6.276928340227667935e-02	5.805764648520858051e-01	2.000000000000000111e-01	1.199999999999999956e+00	1.419443509407584611e-02
1.340000000000000000e+02	2.026880448953197102e-03	1.666524622384441268e-01	1.880257704177639155e-01	2.000000000000000111e-01	1.199999999999999956e+00	5.228046392008921066e-03
1.350000000000000000e+02	-6.402564826414431590e-04	1.995670379932118488e-01	3.915195985864778905e-01	2.000000000000000111e-01	1.199999999999999956e+00	1.838835075092946567e-02
1.360000000000000000e+02	2.470643111272003995e-03	1.399028314539276507e-01	3.996698548028776443e-01	2.000000000000000111e-01	1.199999999999999956e+00	8.535779876628736898e-03
1.370000000000000000e+02	-9.677263957131920563e-04	2.700685981127082247e-01	5.170904440296775206e-02	2.000000000000000111e-01	1.199999999999999956e+00	9.862028736743296692e-03
1.380000000000000000e+02	6.324814727502179375e-04	1.609954901825366713e-01	4.598428196427648551e-01	2.000000000000000111e-01	1.199999999999999956e+00	1.503718692274074939e-02
1.390000000000000000e+02	8.703866018043957160e-04	1.095114570490450800e-01	4.399261584422564653e-01	2.000000000000000111e-01	1.199999999999999956e+00	5.583721802927450913e-03
1.400000000000000000e+02	-1.453417950943839115e-03	3.857720740782449864e-01	-4.367993355832870961e-01	2.000000000000000111e-01	1.199999999999999956e+00	6.652118447358389315e-03
1.410000000000000000e+02	-8.822731095967751647e-04	2.278367549752158827e-01	1.777942902034870265e-01	2.000000000000000111e-01	1.199999999999999956e+00	5.085392334219911506e-03
1.420000000000000000e+02	1.184256268394052059e-03	2.362248668044174549e-01	1.634837188450335432e-01	2.000000000000000111e-01	1.199999999999999956e+00	6.009694383501934523e-03
1.430000000000000000e+02	-4.819402249804449236e-03	3.424377842536421857e-01	-8.256750875969673942e-01	2.000000000000000111e-01	1.199999999999999956e+00	1.689781182170379259e-01
1.440000000000000000e+02	5.394551949554040465e-03	2.125778435266304778e-01	2.911461191476405475e-02	2.000000000000000111e-01	1.199999999999999956e+00	3.341176549065791486e-03
1.450000000000000000e+02	-3.059717827157406797e-04	5.086577385062865941e-01	-1.008844157355315296e+00	2.000000000000000111e-01	1.199999999999999956e+00	3.814342356666090839e-03
1.460000000000000000e+02	1.339207292961854456e-03	2.239334438428144392e-01	-2.457597701031177806e-02	2.000000000000000111e-01	1.199999999999999956e+00	6.365711107535918997e-03
1.470000000000000000e+02	6.866903793124319415e-03	1.667237542228293123e-01	7.035357727990687593e-02	2.000000000000000111e-01	1.199999999999999956e+00	6.021579492446150692e-03
1.480000000000000000e+02	-1.149148710661906285e-03	2.926555492334135811e-01	-2.810666786981208531e-01	2.000000000000000111e-01	1.199999999999999956e+00	4.336428739595708272e-03
1.490000000000000000e+02	-4.957564181319817041e-04	2.509304562712572628e-01	5.964176330496284706e-02	2.000000000000000111e-01	1.199999999999999956e+00	3.459027510300185290e-03
1.500000000000000000e+02	2.736835603169617080e-03	1.004327372987995765e-01	5.533177348712274846e-01	2.000000000000000111e-01	1.199999999999999956e+00	1.286571376436923542e-02
1.510000000000000000e+02	-2.219987061273801660e-03	3.906074964969183938e-01	-4.661999035778743306e-01	2.000000000000000111e-01	1.199999999999999956e+00	4.751097127732931136e-03
1.520000000000000000e+02	-5.295720648291020981e-03	5.189841965673085422e-01	-1.167395738218683476e+00	2.000000000000000111e-01	1.199999999999999956e+00	8.233409219713263769e-03
1.530000000000000000e+02	-4.925228025103095195e-04	2.024097479333125116e-01	1.094954048698761895e-01	2.000000000000000111e-01	1.199999999999999956e+00	5.916542990196629881e-03
1.540000000000000000e+02	1.356797462693809563e-03	2.856572621851695137e-01	-2.297060651154487765e-01	2.000000000000000111e-01	1.199999999999999956e+00	2.756911251919540694e-03
1.550000000000000000e+02	5.127778888068439470e-04	1.176827906604485940e-01	4.983665129231336088e-01	2.000000000000000111e-01	1.199999999999999956e+00	5.792967978356123974e-03
1.560000000000000000e+02	1.739850542492569563e-03	4.819446899889803793e-02	6.599653198929471554e-01	2.000000000000000111e-01	1.199999999999999956e+00	1.210044110201425639e-02
1.570000000000000000e+02	5.643187564627625934e-03	4.564491539969746381e-02	5.858491437921142797e-01	2.000000000000000111e-01	1.199999999999999956e+00	1.827009024352008182e-02
1.580000000000000000e+02	3.001797828783433976e-04	2.557727710420271139e-01	3.807320091260946171e-02	2.000000000000000111e-01	1.199999999999999956e+00	1.024735610793712018e-02
1.590000000000000000e+02	-8.778127479197510383e-04	2.541123151356536325e-01	1.412806376755901816e-01	2.000000000000000111e-01	1.199999999999999956e+00	8.517747850361573683e-03
1.600000000000000000e+02	1.008809115020313420e-03	5.527738795283986262e-01	-7.243379147025823528e-01	2.000000000000000111e-01	1.199999999999999956e+00	6.425631488973861626e-03
1.610000000000000000e+02	5.501122677545414738e-04	1.792540980363638847e-01	2.231574153437261288e-01	2.000000000000000111e-01	1.199999999999999956e+00	4.666080174115237386e-03
1.620000000000000000e+02	-4.744528669683488811e-03	3.475394652442023169e-01	-8.558917268190668892e-02	2.000000000000000111e-01	1.199999999999999956e+00	1.093183040923092174e-02
1.630000000000000000e+02	-6.785150101171592146e-03	4.424883067046617158e-01	-4.369380826332243117e-01	2.000000000000000111e-01	1.199999999999999956e+00	1.404105484783333899e-02
1.640000000000000000e+02	3.297004197293310675e-03	1.777340107440617545e-01	2.919460626407563986e-01	2.000000000000000111e-01	1.199999999999999956e+00	9.706000471365728785e-03
1.650000000000000000e+02	3.649642916036269225e-03	1.475526036527013696e-01	2.303331184060453118e-01	2.000000000000000111e-01	1.199999999999999956e+00	4.669502077291985166e-03
1.660000000000000000e+02	-3.071278203561054066e-03	4.069739353142676208e-01	-3.413570159769472312e-01	2.000000000000000111e-01	1.199999999999999956e+00	1.664402616095004379e-03
1.670000000000000000e+02	-1.313479321753430315e-03	2.574568485178013733e-01	1.158003993918219621e-01	2.000000000000000111e-01	1.199999999999999956e+00	9.732760947249311997e-03
1.680000000000000000e+02	-3.005205516723357187e-04	2.797887832390843488e-01	-1.024856769323490013e-02	2.000000000000000111e-01	1.199999999999999956e+00	9.306088342527246704e-03
1.690000000000000000e+02	-4.166542947711821855e-03	4.268089230593833383e-01	-3.588032070590472244e-01	2.000000000000000111e-01	1.199999999999999956e+00	6.331175660420219897e-03
1.700000000000000000e+02	8.270127827200076396e-04	5.955459320789290023e-02	5.850267786833298622e-01	2.000000000000000111e-01	1.199999999999999956e+00	6.214865553286708089e-03
1.710000000000000000e+02	2.866605743696291984e-03	1.230127341855984935e-01	3.707498147501611108e-01	2.000000000000000111e-01	1.199999999999999956e+00	1.150053116044865396e-02
1.720000000000000000e+02	8.621874450547657633e-04	4.020050558331455526e-01	-4.824741301559081208e-01	2.000000000000000111e-01	1.199999999999999956e+00	6.724045517001531538e-03
1.730000000000000000e+02	-8.530509605199474224e-03	5.136882187248439369e-01	-7.081592838391257416e-01	2.000000000000000111e-01	1.199999999999999956e+00	4.557123479287382949e-03
1.740000000000000000e+02	-1.374244123486235460e-02	5.739918358388920172e-01	-1.165459783813499683e+00	2.000000000000000111e-01	1.199999999999999956e+00	1.003689128549326709e-01
1.750000000000000000e+02	1.861792203997625784e-03	7.482343880256396573e-02	5.610746966717079509e-01	2.000000000000000111e-01	1.199999999999999956e+00	3.828587141567588864e-03
1.760000000000000000e+02	3.070696524912002682e-03	5.089809000430055574e-01	-1.044736019482020772e+00	2.000000000000000111e-01	1.199999999999999956e+00	4.634521922308774446e-03
1.770000000000000000e+02	-1.259082916744897439e-02	5.767999345457374138e-01	-5.939568479940087187e-01	2.000000000000000111e-01	1.199999999999999956e+00	7.654663403815193876e-03
1.780000000000000000e+02	1.457156052533250135e-03	9.636267182736317494e-02	4.971662775459504413e-01	2.000000000000000111e-01	1.199999999999999956e+00	7.367651046325404685e-03
1.790000000000000000e+02	6.923805657598324642e-04	1.437637481824443064e-01	4.234555146440595053e-01	2.000000000000000111e-01	1.199999999999999956e+00	6.605691254272363921e-03
1.800000000000000000e+02	-2.453117881148167336e-03	2.654861662889780316e-01	1.612086407538120270e-01	2.000000000000000111e-01	1.199999999999999956e+00	6.478901603139664532e-03
1.810000000000000000e+02	1.363291191440782263e-03	1.887426183294503568e-01	2.231768341184534599e-01	2.000000000000000111e-01	1.199999999999999956e+00	5.855295666526451163e-03
1.820000000000000000e+02	-2.437111313818126918e-03	2.481013499998419858e-01	2.001238384594605790e-01	2.000000000000000111e-01	1.199999999999999956e+00	1.640336610393992520e-02
1.830000000000000000e+02	2.718463518759108976e-03	1.785465676320011352e-01	3.377241324538560185e-01	2.000000000000000111e-01	1.199999999999999956e+00	9.465701201786547517e-03
1.840000000000000000e+02	-1.364533397753854560e-04	1.436294564651502403e-01	5.382166508347627776e-01	2.000000000000000111e-01	1.199999999999999956e+00	2.311996963919850726e-02
1.850000000000000000e+02	-4.067521071502756998e-03	3.801429813034423733e-01	-1.636624314606640596e-01	2.000000000000000111e-01	1.199999999999999956e+00	9.908293994020574494e-03
1.860000000000000000e+02	4.758265079287272840e-04	8.643139216769565869e-02	5.575602287197845008e-01	2.000000000000000111e-01	1.199999999999999956e+00	5.250751574307295846e-03
1.870000000000000000e+02	-4.879200193727972344e-04	2.363402333912968389e-01	-2.019762485715688172e-01	2.000000000000000111e-01	1.199999999999999956e+00	2.623727974955881396e-03
1.880000000000000000e+02	4.278699329673747893e-03	1.857469748043051871e-01	1.595945133880167788e-01	2.000000000000000111e-01	1.199999999999999956e+00	4.342126470717935956e-03
1.890000000000000000e+02	-5.814799951888081214e-03	4.476306864640393623e-01	-8.430048877176199440e-01	2.000000000000000111e-01	1.199999999999999956e+00	2.524703401078303485e-03
1.900000000000000000e+02	-5.380708452127196464e-03	3.808331618312144617e-01	-3.427688577963374783e-01	2.000000000000000111e-01	1.199999999999999956e+00	4.439529065605152605e-03
1.910000000000000000e+02	-1.325789581577006306e-02	6.098384507601757321e-01	-1.057044333018995808e+00	2.000000000000000111e-01	1.199999999999999956e+00	1.222993508760357971e-02
1.920000000000000000e+02	-3.365462666167092897e-03	4.587081277641015808e-01	-4.056098914818120349e-01	2.000000000000000111e-01	1.199999999999999956e+00	8.659304869982030473e-03
1.930000000000000000e+02	2.125714815251840764e-03	8.356945954717784342e-02	4.685748041321564639e-01	2.000000000000000111e-01	1.199999999999999956e+00	5.333847617013188873e-03
1.940000000000000000e+02	-2.155547546618914474e-03	4.004344825308338018e-01	-3.439680560597757619e-01	2.000000000000000111e-01	1.199999999999999956e+00	1.000027013682469774e-02
1.950000000000000000e+02	-5.024660634903785165e-03	4.080856533388522722e-01	-2.796293754179055568e-01	2.000000000000000111e-01	1.199999999999999956e+00	6.528923503340723980e-03
1.960000000000000000e+02	3.853675010614160032e-04	1.577508922015030679e-01	3.593755943421981236e-01	2.000000000000000111e-01	1.199999999999999956e+00	6.878434507425542667e-03
1.970000000000000000e+02	3.077470381429700443e-03	2.847728821213498795e-01	-7.253177193125948108e-02	2.000000000000000111e-01	1.199999999999999956e+00	6.547679189998258271e-03
1.980000000000000000e+02	1.145819729123514173e-02	6.017989823044369579e-01	-1.337065005093236891e+00	2.000000000000000111e-01	1.199999999999999956e+00	7.322200935996485242e-03
1.990000000000000000e+02	3.809970302516079224e-03	2.888420263943823341e-01	-1.111166412932185210e-02	2.000000000000000111e-01	1.199999999999999956e+00	8.575304258387622669e-03
2.000000000000000000e+02	-5.049251033369697890e-03	5.025902302114547693e-01	-5.312336504555599248e-01	2.000000000000000111e-01	1.199999999999999956e+00	5.979723756943518438e-03
2.010000000000000000e+02	-6.860724055387917028e-04	3.660882027278545836e-01	-4.698146771878404238e-01	2.000000000000000111e-01	1.199999999999999956e+00	4.902740396860132480e-03
2.020000000000000000e+02	7.071218407834488936e-05	2.345016377293164811e-01	2.549084835664023885e-01	2.000000000000000111e-01	1.199999999999999956e+00	1.066595738914121426e-02
2.030000000000000000e+02	6.754458148628677151e-04	8.794611038710725692e-02	5.648110688326677398e-01	2.000000000000000111e-01	1.199999999999999956e+00	6.253411046752132933e-03
2.040000000000000000e+02	1.497404235398689396e-03	5.318188811061196064e-02	6.078154003039448749e-01	2.000000000000000111e-01	1.199999999999999956e+00	6.033641295524782774e-03
2.050000000000000000e+02	2.626049298885710544e-03	4.946688120298207980e-02	5.415427129651870786e-01	2.000000000000000111e-01	1.199999999999999956e+00	3.489752798610100404e-03
2.060000000000000000e+02	-3.515921970374734102e-03	3.776194691077184862e-01	-3.364300015275967226e-01	2.000000000000000111e-01	1.199999999999999956e+00	1.184217225547644706e-02
2.070000000000000000e+02	2.733810673394903787e-04	1.514484726758461852e-01	3.224239677186520048e-01	2.000000000000000111e-01	1.199999999999999956e+00	4.980851771754596542e-03
2.080000000000000000e+02	-8.727626629718793216e-03	5.140947380301270631e-01	-5.755426656253268547e-01	2.000000000000000111e-01	1.199999999999999956e+00	7.111946884650262833e-03
2.090000000000000000e+02	-7.886790135237822102e-03	5.811731611328724290e-01	-6.437191864471332181e-01	2.000000000000000111e-01	1.199999999999999956e+00	9.466571104689533098e-03
2.100000000000000000e+02	1.213974331450780276e-03	1.194144083106868925e-01	3.468316754695091042e-01	2.000000000000000111e-01	1.199999999999999956e+00	3.716912750576274911e-03
2.110000000000000000e+02	4.738326303196182740e-03	1.964491435477666581e-01	-1.895245798915201618e-03	2.000000000000000111e-01	1.199999999999999956e+00	7.709432881423220439e-03
2.120000000000000000e+02	1.101476453109755333e-03	1.132980652382082898e-01	4.671900908263086905e-01	2.000000000000000111e-01	1.199999999999999956e+00	5.118097598133272350e-03
2.130000000000000000e+02	-2.176701253223911961e-03	3.549435494778754308e-01	-1.511109155061438614e-01	2.000000000000000111e-01	1.199999999999999956e+00	6.017756001407246688e-03
2.140000000000000000e+02	-1.709271123699175263e-02	7.407264718971707795e-01	-1.562289633216676243e+00	2.000000000000000111e-01	1.199999999999999956e+00	2.428397949737234711e-03
2.150000000000000000e+02	-4.832588467185606898e-04	1.186670614638368482e-01	2.104130209627026460e-01	2.000000000000000111e-01	1.199999999999999956e+00	2.854395478929794977e-02
2.160000000000000000e+02	-9.305531661443504268e-04	2.017314554977774621e-01	1.576535820713198532e-01	2.000000000000000111e-01	1.199999999999999956e+00	2.297157405321217320e-03
2.170000000000000000e+02	-1.218509004762319270e-02	5.640816450246050051e-01	-3.228243967285964189e-01	2.000000000000000111e-01	1.199999999999999956e+00	1.121356555409997423e-02
2.180000000000000000e+02	-5.664020808687367584e-04	2.438907958841863843e-01	2.183327422174623500e-01	2.000000000000000111e-01	1.199999999999999956e+00	5.371442711199205140e-03
2.190000000000000000e+02	1.835532632284211495e-03	1.092146024081525196e-01	3.651589586647854269e-01	2.000000000000000111e-01	1.199999999999999956e+00	2.379858518263844921e-03
2.200000000000000000e+02	-1.000682890071834648e-04	1.441867426830944765e-01	3.352850383294105896e-01	2.000000000000000111e-01	1.199999999999999956e+00	4.935862736093138761e-03
2.210000000000000000e+02	-4.246046223699010552e-03	5.460982621413286164e-01	-6.124645229166230109e-01	2.000000000000000111e-01	1.199999999999999956e+00	3.641798937933613933e-03
2.220000000000000000e+02	1.452580076817443439e-03	2.453130374678026693e-01	-3.948154774276835255e-02	2.000000000000000111e-01	1.199999999999999956e+00	8.191802520198205456e-03
2.230000000000000000e+02	1.801242873652258167e-03	8.637068020201600638e-02	4.219780121751244284e-01	2.000000000000000111e-01	1.199999999999999956e+00	3.379431785571105577e-03
2.240000000000000000e+02	7.363741686124938152e-03	5.362606343118301311e-01	-7.112870457909012956e-01	2.000000000000000111e-01	1.199999999999999956e+00	9.934669835403487845e-03
2.250000000000000000e+02	1.870522861572894305e-03	9.326206858928770549e-02	4.530538454621739763e-01	2.000000000000000111e-01	1.199999999999999956e+00	3.053590423724167856e-03
2.260000000000000000e+02	2.545114169667019380e-03	1.819038281988386574e-01	6.197486864740264778e-02	2.000000000000000111e-01	1.199999999999999956e+00	6.028517882630776356e-03
2.270000000000000000e+02	4.842376637986965139e-03	1.999003165422822137e-01	1.481875683303801594e-01	2.000000000000000111e-01	1.199999999999999956e+00	2.697852964035549021e-03
2.280000000000000000e+02	1.141485212844901235e-03	8.573431611340480429e-02	4.925075604197171053e-01	2.000000000000000111e-01	1.199999999999999956e+00	4.737005617765832274e-03
2.290000000000000000e+02	-1.295268278322846568e-03	2.467790407196903957e-01	-1.447830606251008234e-01	2.000000000000000111e-01	1.199999999999999956e+00	5.199745339235510751e-03
2.300000000000000000e+02	-5.023591117247461733e-04	1.796225501578785910e-01	2.059816830862959414e-01	2.000000000000000111e-01	1.199999999999999956e+00	5.044700944540701781e-03
2.310000000000000000e+02	5.384843102105453701e-03	1.272665880307527475e-01	3.961696875769213921e-01	2.000000000000000111e-01	1.199999999999999956e+00	8.649048362297729470e-03
2.320000000000000000e+02	-3.734189211504143364e-04	2.414604088235374757e-01	2.384478952537349983e-04	2.000000000000000111e-01	1.199999999999999956e+00	6.907582648360023440e-03
2.330000000000000000e+02	-3.167005113209081513e-03	4.112652121986530296e-01	-5.234178719100217592e-01	2.000000000000000111e-01	1.199999999999999956e+00	3.294484519762404858e-03
2.340000000000000000e+02	-2.728789422636296313e-03	2.481997281182755366e-01	-5.267687133101235375e-01	2.000000000000000111e-01	1.199999999999999956e+00	2.201430551211891115e-02
2.350000000000000000e+02	2.599169585727771972e-03	7.595318207835831392e-02	4.981184811444558935e-01	2.000000000000000111e-01	1.199999999999999956e+00	6.198261630858084570e-03
2.360000000000000000e+02	2.474649142446575141e-03	1.237556130868353033e-01	3.919644352881745952e-01	2.000000000000000111e-01	1.199999999999999956e+00	5.758480791978894640e-03
2.370000000000000000e+02	1.152187278380742143e-04	2.795792380734430926e-01	-3.583610695592431838e-02	2.000000000000000111e-01	1.199999999999999956e+00	3.424541098146393053e-03
2.380000000000000000e+02	-4.643468228958031775e-03	4.976348472685956370e-01	-3.206093083492280726e-01	2.000000000000000111e-01	1.199999999999999956e+00	1.431107043637155907e-02
2.390000000000000000e+02	1.354978163514213192e-03	1.901414854452935232e-01	2.235935977814942355e-01	2.000000000000000111e-01	1.199999999999999956e+00	6.196238895813581046e-03
2.400000000000000000e+02	1.786350782929810310e-03	1.052194500252488923e-01	5.488932883026225173e-01	2.000000000000000111e-01	1.199999999999999956e+00	7.839112478214000160e-03
2.410000000000000000e+02	-5.866763996743264847e-03	4.719694456531877691e-01	-5.916991469306163154e-01	2.000000000000000111e-01	1.199999999999999956e+00	1.521746559317188607e-02
2.420000000000000000e+02	-2.609436521309014319e-03	3.278398231345228120e-01	-6.194493949171508973e-02	2.000000000000000111e-01	1.199999999999999956e+00	7.102458608111567040e-03
2.430000000000000000e+02	9.043221764562022359e-04	2.062588776075325314e-01	1.559155775008247424e-01	2.000000000000000111e-01	1.199999999999999956e+00	2.676787805668636323e-03
2.440000000000000000e+02	4.817697838837574939e-04	1.329531396870015370e-01	4.421437982490634688e-01	2.000000000000000111e-01	1.199999999999999956e+00	1.040786630986433904e-02
2.450000000000000000e+02	3.793995687200836043e-04	8.795199744824613863e-02	5.787012322704527811e-01	2.000000000000000111e-01	1.199999999999999956e+00	6.766262902805962251e-03
2.460000000000000000e+02	-1.030263646868716070e-02	7.316870545692013561e-01	-1.051185576365520902e+00	2.000000000000000111e-01	1.199999999999999956e+00	4.726575597408217734e-03
2.470000000000000000e+02	6.005914777374608479e-04	1.464260497671089067e-01	4.718222458468055436e-01	2.000000000000000111e-01	1.199999999999999956e+00	9.394786554010662455e-03
2.480000000000000000e+02	-3.190679046297082572e-03	4.283792199259284228e-01	-6.269869387277573480e-01	2.000000000000000111e-01	1.199999999999999956e+00	6.036118127264912189e-03
2.490000000000000000e+02	1.105777598797391941e-03	1.585898347797342067e-01	3.665691708813443306e-01	2.000000000000000111e-01	1.199999999999999956e+00	7.903735759712775602e-03
2.500000000000000000e+02	-4.484919933242468844e-04	2.102050028582611862e-01	1.979554967706445012e-01	2.000000000000000111e-01	1.199999999999999956e+00	1.018082182374414717e-02
2.510000000000000000e+02	-4.265619811302727264e-03	7.217785052048598660e-01	-1.162727131062772479e+00	2.000000000000000111e-01	1.199999999999999956e+00	3.440877646405740304e-03
2.520000000000000000e+02	-3.913985090716447408e-03	4.713748893943765506e-01	-4.611154440425675460e-01	2.000000000000000111e-01	1.199999999999999956e+00	7.536522433735000533e-03
2.530000000000000000e+02	8.546030051545764217e-04	2.546527503023464090e-01	1.245264192637036693e-01	2.000000000000000111e-01	1.199999999999999956e+00	1.063224464773152370e-02
2.540000000000000000e+02	-1.040214990073774510e-03	2.409955836353739889e-01	1.923250529699256361e-01	2.000000000000000111e-01	1.199999999999999956e+00	5.871267377784322380e-03
2.550000000000000000e+02	4.711993402394205671e-04	1.144400231894762421e-01	4.466295573729337498e-01	2.000000000000000111e-01	1.199999999999999956e+00	3.990956235128648687e-03
2.560000000000000000e+02	-2.540108345187168902e-03	3.168682750705497653e-01	-8.046744795727533983e-02	2.000000000000000111e-01	1.199999999999999956e+00	8.673336133499185904e-03
2.570000000000000000e+02	4.683382311148899220e-04	1.891965578674434656e-01	1.347156002827123444e-01	2.000000000000000111e-01	1.199999999999999956e+00	3.292093017069469812e-03
2.580000000000000000e+02	2.685238619223376515e-03	1.380573232396459793e-01	4.157790622159001082e-01	2.000000000000000111e-01	1.199999999999999956e+00	1.777501826173506425e-02
2.590000000000000000e+02	5.702078821965780343e-04	2.038792494147301515e-01	8.581536397748390499e-02	2.000000000000000111e-01	1.199999999999999956e+00	6.536520557083646231e-03
2.600000000000000000e+02	1.935753136238110763e-03	2.981106543028000377e-01	-2.049912047976336638e-01	2.000000000000000111e-01	1.199999999999999956e+00	5.881292836391964138e-03
2.610000000000000000e+02	1.683477267813587343e-04	3.448953698793641442e-01	-4.864545032332445729e-02	2.000000000000000111e-01	1.199999999999999956e+00	6.733452903791218094e-03
2.620000000000000000e+02	-8.491060253967020735e-04	2.135325021541904789e-01	2.382142695679707600e-01	2.000000000000000111e-01	1.199999999999999956e+00	5.355629879367806642e-03
2.630000000000000000e+02	2.033007985891732271e-03	2.000692737415810663e-01	1.361441889997871968e-02	2.000000000000000111e-01	1.199999999999999956e+00	3.497920710697390977e-03
2.640000000000000000e+02	-7.812442844418392531e-05	2.225652050099239665e-01	1.501160329458230969e-01	2.000000000000000111e-01	1.199999999999999956e+00	6.018733040579564951e-03
2.650000000000000000e+02	8.355258247218321291e-03	2.177184905700714768e-01	-6.481666305962630048e-02	2.000000000000000111e-01	1.199999999999999956e+00	2.489091690489972190e-03
2.660000000000000000e+02	-3.748621402405065889e-05	2.236309541766462738e-01	1.674387029289738926e-01	2.000000000000000111e-01	1.199999999999999956e+00	4.129656527311654189e-03
2.670000000000000000e+02	-3.689507008689359635e-04	2.508608702376246002e-01	5.694780034682445091e-02	2.000000000000000111e-01	1.199999999999999956e+00	6.948277284678794526e-03
2.680000000000000000e+02	1.042467979998316398e-02	1.772698841109116019e-01	1.895171309523953074e-01	2.000000000000000111e-01	1.199999999999999956e+00	7.512845160349648256e-03
2.690000000000000000e+02	-5.900225504653635114e-03	7.895414408561226560e-01	-1.410074828625733190e+00	2.000000000000000111e-01	1.199999999999999956e+00	7.439625739625080857e-03
2.700000000000000000e+02	-2.567395270110539064e-03	3.280852365795888792e-01	-8.126024325000091864e-02	2.000000000000000111e-01	1.199999999999999956e+00	3.269870478806254869e-03
2.710000000000000000e+02	1.349666048496167981e-04	1.695249574229836520e-01	1.356305565218489662e-01	2.000000000000000111e-01	1.199999999999999956e+00	5.999099178964428271e-03
2.720000000000000000e+02	1.113470624894944902e-03	1.859062111514730720e-01	2.619384970555747039e-01	2.000000000000000111e-01	1.199999999999999956e+00	9.391693892342234395e-03
2.730000000000000000e+02	-8.549972519288337458e-03	5.498825448462906218e-01	-4.975031331121488876e-01	2.000000000000000111e-01	1.199999999999999956e+00	7.835789391587829125e-03
2.740000000000000000e+02	-8.084728218842819527e-04	2.154786395799304644e-01	3.383586867288159716e-01	2.000000000000000111e-01	1.199999999999999956e+00	1.097196572255814372e-02
2.750000000000000000e+02	7.613682097404639347e-04	1.401911066424944285e-01	3.990711455360407278e-01	2.000000000000000111e-01	1.199999999999999956e+00	3.720935501010620011e-03
2.760000000000000000e+02	4.268892090339800570e-03	1.156061305617315516e-01	5.021747689315778640e-01	2.000000000000000111e-01	1.199999999999999956e+00	4.613693816827455808e-03
2.770000000000000000e+02	2.040305595198062347e-03	1.708464168151102025e-01	3.488978778456313101e-01	2.000000000000000111e-01	1.199999999999999956e+00	1.005144186238083812e-02
2.780000000000000000e+02	4.945628313455172065e-04	2.310409916924538176e-01	5.169730219938983851e-02	2.000000000000000111e-01	1.199999999999999956e+00	4.152516978519762807e-03
2.790000000000000000e+02	1.344445468333045190e-03	2.872857740443302554e-01	-1.816096875191766102e-01	2.000000000000000111e-01	1.199999999999999956e+00	5.286882655965887204e-03
2.800000000000000000e+02	7.691076613877565133e-04	4.392204599222094413e-02	6.953987219570108014e-01	2.000000000000000111e-01	1.199999999999999956e+00	6.230510969898122621e-03
2.810000000000000000e+02	3.827728721421850069e-03	2.384182881309618585e-01	-9.146907671775172943e-02	2.000000000000000111e-01	1.199999999999999956e+00	5.583265227715646269e-03
2.820000000000000000e+02	-3.722335096775371364e-03	4.606437084558409611e-01	-6.066562398993164962e-01	2.000000000000000111e-01	1.199999999999999956e+00	5.438854874180237657e-03
2.830000000000000000e+02	1.511081634817056617e-03	5.045615064399426586e-02	6.396856523605809475e-01	2.000000000000000111e-01	1.199999999999999956e+00	9.057936698131707765e-03
2.840000000000000000e+02	-1.047259045943640639e-03	2.470546281745330808e-01	1.549165194157167136e-01	2.000000000000000111e-01	1.199999999999999956e+00	4.627860841210814681e-03
2.850000000000000000e+02	2.423414536029482014e-04	1.256487416107541499e-01	2.306247188997110342e-01	2.000000000000000111e-01	1.199999999999999956e+00	1.348470431017385722e-02
2.860000000000000000e+02	-2.245713356630505385e-04	2.688002627799518929e-01	-8.838881162582801210e-02	2.000000000000000111e-01	1.199999999999999956e+00	3.071520530472954952e-03
2.870000000000000000e+02	2.804448915636080161e-04	2.289953374114685192e-01	1.180542580262575747e-01	2.000000000000000111e-01	1.199999999999999956e+00	7.477539181372704243e-03
2.880000000000000000e+02	-4.611078391939883768e-04	2.509243865988909916e-01	1.190206219232865514e-01	2.000000000000000111e-01	1.199999999999999956e+00	1.092008799848793663e-02
2.890000000000000000e+02	4.405244358818739153e-04	2.535842510399273775e-01	-2.748005555148491652e-02	2.000000000000000111e-01	1.199999999999999956e+00	5.798705949964923050e-03
2.900000000000000000e+02	1.233539878946271744e-03	1.247779804360141936e-01	2.805736594928385230e-01	2.000000000000000111e-01	1.199999999999999956e+00	6.402018475156227503e-03
2.910000000000000000e+02	1.585042702481324678e-03	1.741535047285396876e-01	2.525460316333023592e-01	2.000000000000000111e-01	1.199999999999999956e+00	7.441295254381671657e-03
2.920000000000000000e+02	3.913198495930588806e-03	4.455652992824730291e-02	6.792139540592934122e-01	2.000000000000000111e-01	1.199999999999999956e+00	8.497161203279082406e-03
2.930000000000000000e+02	-7.563065547941220067e-03	5.133402802109304774e-01	-5.331042021859095925e-01	2.000000000000000111e-01	1.199999999999999956e+00	7.490330138353804013e-03
2.940000000000000000e+02	1.455219473671089765e-03	6.638773102755063382e-02	5.619316270615133391e-01	2.000000000000000111e-01	1.199999999999999956e+00	7.205821733532289872e-03
2.950000000000000000e+02	1.410599581285236319e-03	2.917664952338582807e-01	-1.142401881228236604e-01	2.000000000000000111e-01	1.199999999999999956e+00	2.514369543092097575e-03
2.960000000000000000e+02	-1.290350903414870260e-03	3.990743415239254577e-01	-2.280383376950432250e-01	2.000000000000000111e-01	1.199999999999999956e+00	1.071421115364671640e-02
2.970000000000000000e+02	4.547427963449024273e-03	2.464599671123596514e-01	2.339083692424859251e-02	2.000000000000000111e-01	1.199999999999999956e+00	4.903882226131288206e-03
2.980000000000000000e+02	-4.677587344023820503e-05	2.470700186868425297e-01	1.323248430447110380e-01	2.000000000000000111e-01	1.199999999999999956e+00	6.791598145812470858e-03
2.990000000000000000e+02	5.798125048196053595e-04	1.286028146598400812e-01	5.228945412882470833e-01	2.000000000000000111e-01	1.199999999999999956e+00	1.850005910523650279e-02
3.000000000000000000e+02	-5.339975805825987378e-04	2.556457965233537299e-01	2.466299379759862020e-02	2.000000000000000111e-01	1.199999999999999956e+00	5.059491897995955535e-03
3.010000000000000000e+02	-3.777297714065449121e-04	1.643449762703563244e-01	4.019417291203088993e-01	2.000000000000000111e-01	1.199999999999999956e+00	1.101869322441807568e-02
3.020000000000000000e+02	2.119422035696742583e-03	1.162383862333449397e-01	4.791600207146844426e-01	2.000000000000000111e-01	1.199999999999999956e+00	5.704339224626707103e-03
3.030000000000000000e+02	9.587391015686584422e-04	5.013991012304293282e-02	7.304486958574130107e-01	2.000000000000000111e-01	1.199999999999999956e+00	7.658477018415494296e-03
3.040000000000000000e+02	-2.779500829331447119e-03	3.767070436113614806e-01	-1.658157834099132089e-01	2.000000000000000111e-01	1.199999999999999956e+00	8.969169843364621988e-03
3.050000000000000000e+02	1.286972090705115182e-04	1.082556073517902534e-01	4.246909520422104123e-01	2.000000000000000111e-01	1.199999999999999956e+00	1.173934831255153341e-02
3.060000000000000000e+02	-1.339979488243202418e-03	3.095332169429811375e-01	-3.294547686820514798e-02	2.000000000000000111e-01	1.199999999999999956e+00	7.211759099728159636e-03
3.070000000000000000e+02	-3.679591772641800109e-04	2.648657070617653209e-01	1.372624073021349034e-01	2.000000000000000111e-01	1.199999999999999956e+00	4.440405817435621495e-03
3.080000000000000000e+02	5.618761254634905070e-03	1.354322685703508444e-01	4.008468813173551304e-01	2.000000000000000111e-01	1.199999999999999956e+00	1.414193782450420996e-02
3.090000000000000000e+02	2.794278778609770707e-03	1.148368956691889209e-01	3.468328491824390625e-01	2.000000000000000111e-01	1.199999999999999956e+00	4.469205370086179116e-03
3.100000000000000000e+02	-8.202372688412480108e-04	2.091622358160151185e-01	1.591283066766626675e-01	2.000000000000000111e-01	1.199999999999999956e+00	3.237868618485927920e-03
3.110000000000000000e+02	-1.691647165314482055e-03	3.027733701878054240e-01	-1.641185591539517930e-02	2.000000000000000111e-01	1.199999999999999956e+00	6.641416230200474814e-03
3.120000000000000000e+02	1.411225632929961156e-03	1.021363340879128667e-01	5.092861318683357119e-01	2.000000000000000111e-01	1.199999999999999956e+00	3.671539571438141303e-03
3.130000000000000000e+02	2.122559517952803034e-03	8.770510381108069520e-02	5.607822935147288579e-01	2.000000000000000111e-01	1.199999999999999956e+00	6.881796859007784962e-03
3.140000000000000000e+02	-2.064890481264417422e-03	2.843245875785895271e-01	2.055350396819006775e-01	2.000000000000000111e-01	1.199999999999999956e+00	1.365256145693318976e-02
3.150000000000000000e+02	2.679114546571822759e-03	7.548217180118627079e-02	6.170677775734814130e-01	2.000000000000000111e-01	1.199999999999999956e+00	2.696087622769410136e-02
3.160000000000000000e+02	-9.627411410343581595e-04	1.929018316380768649e-01	2.784572189975875744e-01	2.000000000000000111e-01	1.199999999999999956e+00	1.132784222751017332e-02
3.170000000000000000e+02	-4.091889930395068526e-04	1.990648046535641313e-01	2.320526674557097380e-01	2.000000000000000111e-01	1.199999999999999956e+00	6.954941312406530407e-03
3.180000000000000000e+02	5.295469348489404348e-04	2.544734993279297863e-01	-1.159365574064485926e-02	2.000000000000000111e-01	1.199999999999999956e+00	7.785653900691805011e-03
3.190000000000000000e+02	5.109529444071899719e-03	2.020327693719894124e-01	1.425453039881809936e-01	2.000000000000000111e-01	1.199999999999999956e+00	4.756474236446201279e-03
3.200000000000000000e+02	1.503218889719734478e-03	1.587423435133968885e-01	2.419742322192410811e-01	2.000000000000000111e-01	1.199999999999999956e+00	5.449411620414378217e-03
3.210000000000000000e+02	4.134968824853799997e-03	3.838632024820065602e-01	-3.812191138601974671e-01	2.000000000000000111e-01	1.199999999999999956e+00	5.691804907143208601e-03
3.220000000000000000e+02	-4.647616058543977205e-03	5.397520290017666644e-01	-6.563527149850729714e-01	2.000000000000000111e-01	1.199999999999999956e+00	1.107560644477821078e-02
3.230000000000000000e+02	-5.810509301257090614e-03	4.198890701109295742e-01	-2.312437250097669761e-01	2.000000000000000111e-01	1.199999999999999956e+00	2.132474866530770577e-02
3.240000000000000000e+02	1.930702447407240015e-03	9.087188972023865774e-02	5.045187472173324750e-01	2.000000000000000111e-01	1.199999999999999956e+00	7.274143774233412900e-03
3.250000000000000000e+02	1.640923893220826591e-03	2.011593087317855577e-01	1.407695100016694845e-01	2.000000000000000111e-01	1.199999999999999956e+00	5.611968678260606698e-03
3.260000000000000000e+02	1.374426636991286856e-04	2.298575227513041663e-01	1.609305712668538391e-01	2.000000000000000111e-01	1.199999999999999956e+00	1.559813933436138798e-02
3.270000000000000000e+02	-5.969379331664822694e-03	4.731979200594876867e-01	-4.842256800453839105e-01	2.000000000000000111e-01	1.199999999999999956e+00	8.063288816705652812e-03
3.280000000000000000e+02	1.270365786005863556e-04	1.215380924926939415e-01	3.178729413954877181e-01	2.000000000000000111e-01	1.199999999999999956e+00	6.165964329128920639e-03
3.290000000000000000e+02	2.439687504160811414e-04	1.124227633757652473e-01	4.400030795635045955e-01	2.000000000000000111e-01	1.199999999999999956e+00	4.239481466164565955e-03
3.300000000000000000e+02	-2.011685274914928878e-02	8.307715740140438898e-01	-1.418255695027794694e+00	2.000000000000000111e-01	1.199999999999999956e+00	9.333216232732342160e-03
3.310000000000000000e+02	3.117156804211508852e-03	1.582184807687466443e-01	3.025783552999947723e-01	2.000000000000000111e-01	1.199999999999999956e+00	9.911713057151921163e-03
3.320000000000000000e+02	5.160409511184508701e-04	1.104130216783484469e-01	5.031441626071617712e-01	2.000000000000000111e-01	1.199999999999999956e+00	7.508488687975799387e-03
3.330000000000000000e+02	2.629147809768783359e-03	1.052757555359528086e-01	4.171186813605962662e-01	2.000000000000000111e-01	1.199999999999999956e+00	5.553703687894891335e-03
3.340000000000000000e+02	-1.105366392626371853e-02	5.697847926867245505e-01	-8.251325866432699385e-01	2.000000000000000111e-01	1.199999999999999956e+00	5.844618744327081949e-03
3.350000000000000000e+02	8.541680820030127632e-05	1.358551810159697171e-01	3.992070325790915142e-01	2.000000000000000111e-01	1.199999999999999956e+00	6.630115108561381899e-03
3.360000000000000000e+02	-4.378947762637867142e-03	4.057427214208284560e-01	-2.798601468587111896e-01	2.000000000000000111e-01	1.199999999999999956e+00	8.717832457431648127e-03
3.370000000000000000e+02	1.876666309870473606e-03	1.081329825479828699e-01	4.754794258541064078e-01	2.000000000000000111e-01	1.199999999999999956e+00	1.207122192252393054e-02
3.380000000000000000e+02	1.058639818060928134e-03	1.654984899966266410e-01	2.917163743054902447e-01	2.000000000000000111e-01	1.199999999999999956e+00	5.727094257013247772e-03
3.390000000000000000e+02	1.323971989623546263e-03	1.259453662192474843e-01	3.997927039263333704e-01	2.000000000000000111e-01	1.199999999999999956e+00	5.538049438664242700e-03
3.400000000000000000e+02	8.528143711946917617e-04	1.538959205930733043e-01	2.204514057405093652e-01	2.000000000000000111e-01	1.199999999999999956e+00	4.686012966760215101e-03
3.410000000000000000e+02	2.008247714621770510e-03	2.324807353812675947e-01	1.609814333742840553e-01	2.000000000000000111e-01	1.199999999999999956e+00	1.814952559960914110e-03
3.420000000000000000e+02	-2.455447511710979504e-03	2.982698541888858523e-01	3.025071329858075586e-02	2.000000000000000111e-01	1.199999999999999956e+00	1.035370229187824835e-02
3.430000000000000000e+02	8.092184679541458356e-03	1.199928696678065343e-01	4.610927506974704659e-01	2.000000000000000111e-01	1.199999999999999956e+00	1.613338260402099461e-02
3.440000000000000000e+02	-1.178962943368489641e-03	3.391197732388760433e-01	-2.969759355857641836e-01	2.000000000000000111e-01	1.199999999999999956e+00	3.261723159395507870e-03
3.450000000000000000e+02	2.609333313766922305e-03	8.283671570694467468e-02	4.232882044773345065e-01	2.000000000000000111e-01	1.199999999999999956e+00	4.229065080981653409e-03
3.460000000000000000e+02	-3.408553029176831888e-03	3.350949204824107963e-01	-7.634290543336685886e-02	2.000000000000000111e-01	1.199999999999999956e+00	7.589676766334047496e-03
3.470000000000000000e+02	5.434020805460828586e-03	2.353110014107926418e-01	-7.942768968537183838e-03	2.000000000000000111e-01	1.199999999999999956e+00	8.807773360709703070e-03
3.480000000000000000e+02	-2.278012209448261605e-02	8.855407692830435940e-01	-1.046294474808846076e+00	2.000000000000000111e-01	1.199999999999999956e+00	1.097544593146967083e-02
3.490000000000000000e+02	1.055678764621006916e-03	4.046916624211173152e-01	-5.961343298344261576e-01	2.000000000000000111e-01	1.199999999999999956e+00	2.965144501575892651e-03
3.500000000000000000e+02	2.766019389503680814e-03	7.933600930329236245e-02	6.046446887502470169e-01	2.000000000000000111e-01	1.199999999999999956e+00	1.467189732595735284e-02
3.510000000000000000e+02	3.285709567228964692e-03	6.399438977288826602e-02	5.774261274413096112e-01	2.000000000000000111e-01	1.199999999999999956e+00	1.113281666354175650e-02
3.520000000000000000e+02	1.538859634039238056e-03	1.881360978994092437e-01	1.901695620379397766e-01	2.000000000000000111e-01	1.199999999999999956e+00	8.666797590300813828e-03
3.530000000000000000e+02	4.259370732481611559e-04	1.712303833110444817e-01	3.107193339439797697e-01	2.000000000000000111e-01	1.199999999999999956e+00	8.815583588481404331e-03
3.540000000000000000e+02	6.400545739318511899e-04	2.355646690423836009e-01	6.445768940414753345e-02	2.000000000000000111e-01	1.199999999999999956e+00	6.906321691119389136e-03
3.550000000000000000e+02	6.353546028815192049e-04	2.070938426311401681e-01	1.316250166718817560e-01	2.000000000000000111e-01	1.199999999999999956e+00	4.456036491586133803e-03
3.560000000000000000e+02	1.506987337486564516e-03	1.247085313254843869e-01	3.403850064732818481e-01	2.000000000000000111e-01	1.199999999999999956e+00	2.958772693183572312e-03
3.570000000000000000e+02	8.358266531440596871e-04	1.757333628397776404e-01	3.273211003614591164e-01	2.000000000000000111e-01	1.199999999999999956e+00	7.446709559949425510e-03
3.580000000000000000e+02	-1.520429132734674605e-03	4.163203184282221470e-01	-3.765734837814473934e-01	2.000000000000000111e-01	1.199999999999999956e+00	1.085842975082939275e-02
3.590000000000000000e+02	-6.835385529374734398e-03	5.067893076005751674e-01	-7.934925798578307266e-01	2.000000000000000111e-01	1.199999999999999956e+00	6.424862701509799837e-03
3.600000000000000000e+02	-1.682408604663210294e-02	7.913800623249493960e-01	-1.486106228827725140e+00	2.000000000000000111e-01	1.199999999999999956e+00	6.681784557747053911e-03
3.610000000000000000e+02	-3.529270319349873952e-03	4.653673062157153151e-01	-3.347790886306079017e-01	2.000000000000000111e-01	1.199999999999999956e+00	4.033933785362856309e-03
3.620000000000000000e+02	-4.413656900087282214e-06	4.631536432132700165e-01	-4.545001857884605201e-01	2.000000000000000111e-01	1.199999999999999956e+00	2.239752733235559744e-03
3.630000000000000000e+02	4.913824301252849719e-03	2.246909344863750047e-01	1.417394929131825521e-01	2.000000000000000111e-01	1.199999999999999956e+00	6.115582180603463223e-03
3.640000000000000000e+02	-4.055847451604996140e-04	1.718839718391974025e-01	4.393772097623638295e-01	2.000000000000000111e-01	1.199999999999999956e+00	9.056512618315104915e-03
3.650000000000000000e+02	-1.192262430528608563e-03	3.017447180295367293e-01	-2.228272472653882730e-01	2.000000000000000111e-01	1.199999999999999956e+00	4.110888021617525520e-03
3.660000000000000000e+02	-1.189494843830185881e-04	3.126553764555085047e-01	-1.172304766601746095e-01	2.000000000000000111e-01	1.199999999999999956e+00	7.756842225915138063e-03
3.670000000000000000e+02	3.304377263292338721e-03	1.275838050262085577e-01	1.746345099692350189e-01	2.000000000000000111e-01	1.199999999999999956e+00	6.506100640295656677e-03
3.680000000000000000e+02	3.945142816168281837e-03	7.533168773707440979e-02	5.802765793220028279e-01	2.000000000000000111e-01	1.199999999999999956e+00	1.032127816271635572e-02
3.690000000000000000e+02	-3.185992694052335039e-04	1.951060835713828712e-01	2.942106168848135361e-01	2.000000000000000111e-01	1.199999999999999956e+00	5.809684317714502132e-03
3.700000000000000000e+02	1.466664607326733727e-03	3.631422418556354281e-01	-5.787867103932153867e-01	2.000000000000000111e-01	1.199999999999999956e+00	3.188296440031969381e-03
3.710000000000000000e+02	-2.836464008500605080e-03	3.778266621005923476e-01	-2.975155455108531299e-01	2.000000000000000111e-01	1.199999999999999956e+00	6.256632527988565881e-03
3.720000000000000000e+02	2.491205966251214049e-04	1.764701693312904773e-01	2.130152502678397397e-01	2.000000000000000111e-01	1.199999999999999956e+00	5.215837357649908031e-03
3.730000000000000000e+02	1.779295964557508483e-03	9.080505733388144485e-02	4.624396145348501630e-01	2.000000000000000111e-01	1.199999999999999956e+00	6.135604523516092687e-03
3.740000000000000000e+02	2.794583061177665154e-03	1.263074446696658137e-01	4.504159884270344527e-01	2.000000000000000111e-01	1.199999999999999956e+00	1.084644723508804490e-02
3.750000000000000000e+02	-6.219629881138711430e-03	4.524110971262199077e-01	-2.939959320631917450e-01	2.000000000000000111e-01	1.199999999999999956e+00	7.560002307921168292e-03
3.760000000000000000e+02	-1.246294178752640081e-03	2.222436997555708171e-01	1.043137212397677871e-01	2.000000000000000111e-01	1.199999999999999956e+00	8.097312462315178067e-03
3.770000000000000000e+02	-4.043333911882421652e-03	3.166209961871595535e-01	2.364631679850681678e-03	2.000000000000000111e-01	1.199999999999999956e+00	9.483755261910515807e-03
3.780000000000000000e+02	5.659970540836042029e-03	2.271025449714831612e-01	4.856890604599639616e-02	2.000000000000000111e-01	1.199999999999999956e+00	3.231290418773777318e-03
3.790000000000000000e+02	-1.197937754159878907e-03	3.364053794613187098e-01	-3.244286625067269725e-01	2.000000000000000111e-01	1.199999999999999956e+00	5.303872437910413067e-03
3.800000000000000000e+02	4.368283415966260283e-03	2.006222241686851926e-01	3.390034425462440382e-01	2.000000000000000111e-01	1.199999999999999956e+00	5.672838879581961445e-03
3.810000000000000000e+02	4.210910320877270935e-03	2.676841909181104096e-01	-2.674032627125915162e-01	2.000000000000000111e-01	1.199999999999999956e+00	6.013613183818275823e-03
3.820000000000000000e+02	1.061764490551539257e-03	1.413006663944523511e-01	4.678444820189846531e-01	2.000000000000000111e-01	1.199999999999999956e+00	1.329437854442445770e-02
3.830000000000000000e+02	4.041885384689131080e-04	2.781744528396909999e-01	1.103340313623903945e-01	2.000000000000000111e-01	1.199999999999999956e+00	7.354235721874278001e-03
