# lsbPerExcitatoryMicroSiemens:
1000.0
# lsbPerInhibitoryMicroSiemens:
250.0
# drviout_base:
1.5
# drvifall_base:
1.0
# calibration factors:
1.000000000000000000e+00
1.000000000000000000e+00
1.000000000000000000e+00
1.000000000000000000e+00
1.000000000000000000e+00
1.000000000000000000e+00
1.000000000000000000e+00
1.000000000000000000e+00
1.000000000000000000e+00
1.000000000000000000e+00
1.000000000000000000e+00
1.000000000000000000e+00
1.000000000000000000e+00
1.000000000000000000e+00
1.000000000000000000e+00
1.000000000000000000e+00
1.000000000000000000e+00
1.000000000000000000e+00
1.000000000000000000e+00
1.000000000000000000e+00
1.000000000000000000e+00
1.000000000000000000e+00
1.000000000000000000e+00
1.000000000000000000e+00
1.000000000000000000e+00
1.000000000000000000e+00
1.000000000000000000e+00
1.000000000000000000e+00
1.000000000000000000e+00
1.000000000000000000e+00
1.000000000000000000e+00
1.000000000000000000e+00
1.000000000000000000e+00
1.000000000000000000e+00
1.000000000000000000e+00
1.000000000000000000e+00
1.000000000000000000e+00
1.000000000000000000e+00
1.000000000000000000e+00
1.000000000000000000e+00
1.000000000000000000e+00
1.000000000000000000e+00
1.000000000000000000e+00
1.000000000000000000e+00
1.000000000000000000e+00
1.000000000000000000e+00
1.000000000000000000e+00
1.000000000000000000e+00
1.000000000000000000e+00
1.000000000000000000e+00
1.000000000000000000e+00
1.000000000000000000e+00
1.000000000000000000e+00
1.000000000000000000e+00
1.000000000000000000e+00
1.000000000000000000e+00
1.000000000000000000e+00
1.000000000000000000e+00
1.000000000000000000e+00
1.000000000000000000e+00
1.000000000000000000e+00
1.000000000000000000e+00
1.000000000000000000e+00
1.000000000000000000e+00
1.000000000000000000e+00
1.000000000000000000e+00
1.000000000000000000e+00
1.000000000000000000e+00
1.000000000000000000e+00
1.000000000000000000e+00
1.000000000000000000e+00
1.000000000000000000e+00
1.000000000000000000e+00
1.000000000000000000e+00
1.000000000000000000e+00
1.000000000000000000e+00
1.000000000000000000e+00
1.000000000000000000e+00
1.000000000000000000e+00
1.000000000000000000e+00
1.000000000000000000e+00
1.000000000000000000e+00
1.000000000000000000e+00
1.000000000000000000e+00
1.000000000000000000e+00
1.000000000000000000e+00
1.000000000000000000e+00
1.000000000000000000e+00
1.000000000000000000e+00
1.000000000000000000e+00
1.000000000000000000e+00
1.000000000000000000e+00
1.000000000000000000e+00
1.000000000000000000e+00
1.000000000000000000e+00
1.000000000000000000e+00
1.000000000000000000e+00
1.000000000000000000e+00
1.000000000000000000e+00
1.000000000000000000e+00
1.000000000000000000e+00
1.000000000000000000e+00
1.000000000000000000e+00
1.000000000000000000e+00
1.000000000000000000e+00
1.000000000000000000e+00
1.000000000000000000e+00
1.000000000000000000e+00
1.000000000000000000e+00
1.000000000000000000e+00
1.000000000000000000e+00
1.000000000000000000e+00
1.000000000000000000e+00
1.000000000000000000e+00
1.000000000000000000e+00
1.000000000000000000e+00
1.000000000000000000e+00
1.000000000000000000e+00
1.000000000000000000e+00
1.000000000000000000e+00
1.000000000000000000e+00
1.000000000000000000e+00
1.000000000000000000e+00
1.000000000000000000e+00
1.000000000000000000e+00
1.000000000000000000e+00
1.000000000000000000e+00
1.000000000000000000e+00
1.000000000000000000e+00
1.000000000000000000e+00
1.000000000000000000e+00
1.000000000000000000e+00
1.000000000000000000e+00
1.000000000000000000e+00
1.000000000000000000e+00
1.000000000000000000e+00
1.000000000000000000e+00
1.000000000000000000e+00
1.000000000000000000e+00
1.000000000000000000e+00
1.000000000000000000e+00
1.000000000000000000e+00
1.000000000000000000e+00
1.000000000000000000e+00
1.000000000000000000e+00
1.000000000000000000e+00
1.000000000000000000e+00
1.000000000000000000e+00
1.000000000000000000e+00
1.000000000000000000e+00
1.000000000000000000e+00
1.000000000000000000e+00
1.000000000000000000e+00
1.000000000000000000e+00
1.000000000000000000e+00
1.000000000000000000e+00
1.000000000000000000e+00
1.000000000000000000e+00
1.000000000000000000e+00
1.000000000000000000e+00
1.000000000000000000e+00
1.000000000000000000e+00
1.000000000000000000e+00
1.000000000000000000e+00
1.000000000000000000e+00
1.000000000000000000e+00
1.000000000000000000e+00
1.000000000000000000e+00
1.000000000000000000e+00
1.000000000000000000e+00
1.000000000000000000e+00
1.000000000000000000e+00
1.000000000000000000e+00
1.000000000000000000e+00
1.000000000000000000e+00
1.000000000000000000e+00
1.000000000000000000e+00
1.000000000000000000e+00
1.000000000000000000e+00
1.000000000000000000e+00
1.000000000000000000e+00
1.000000000000000000e+00
1.000000000000000000e+00
1.000000000000000000e+00
1.000000000000000000e+00
1.000000000000000000e+00
1.000000000000000000e+00
1.000000000000000000e+00
1.000000000000000000e+00
1.000000000000000000e+00
1.000000000000000000e+00
1.000000000000000000e+00
1.000000000000000000e+00
1.000000000000000000e+00
1.000000000000000000e+00
1.000000000000000000e+00
1.000000000000000000e+00
1.000000000000000000e+00
1.000000000000000000e+00
1.000000000000000000e+00
1.000000000000000000e+00
1.000000000000000000e+00
1.000000000000000000e+00
1.000000000000000000e+00
1.000000000000000000e+00
1.000000000000000000e+00
1.000000000000000000e+00
1.000000000000000000e+00
1.000000000000000000e+00
1.000000000000000000e+00
1.000000000000000000e+00
1.000000000000000000e+00
1.000000000000000000e+00
1.000000000000000000e+00
1.000000000000000000e+00
1.000000000000000000e+00
1.000000000000000000e+00
1.000000000000000000e+00
1.000000000000000000e+00
1.000000000000000000e+00
1.000000000000000000e+00
1.000000000000000000e+00
1.000000000000000000e+00
1.000000000000000000e+00
1.000000000000000000e+00
1.000000000000000000e+00
1.000000000000000000e+00
1.000000000000000000e+00
1.000000000000000000e+00
1.000000000000000000e+00
1.000000000000000000e+00
1.000000000000000000e+00
1.000000000000000000e+00
1.000000000000000000e+00
1.000000000000000000e+00
1.000000000000000000e+00
1.000000000000000000e+00
1.000000000000000000e+00
1.000000000000000000e+00
1.000000000000000000e+00
1.000000000000000000e+00
1.000000000000000000e+00
1.000000000000000000e+00
1.000000000000000000e+00
1.000000000000000000e+00
1.000000000000000000e+00
1.000000000000000000e+00
1.000000000000000000e+00
1.000000000000000000e+00
1.000000000000000000e+00
1.000000000000000000e+00
1.000000000000000000e+00
1.000000000000000000e+00
1.000000000000000000e+00
1.000000000000000000e+00
1.000000000000000000e+00
1.139322916666666741e+00
9.960937500000000000e-01
1.048177083333333259e+00
9.830729166666666297e-01
9.700520833333333703e-01
1.035156250000000000e+00
1.035156250000000000e+00
9.960937500000000000e-01
1.048177083333333259e+00
1.009114583333333259e+00
9.960937500000000000e-01
1.022135416666666741e+00
9.830729166666666297e-01
9.830729166666666297e-01
9.960937500000000000e-01
1.022135416666666741e+00
1.022135416666666741e+00
9.830729166666666297e-01
1.334635416666666741e+00
9.960937500000000000e-01
1.048177083333333259e+00
1.569010416666666741e+00
1.022135416666666741e+00
1.035156250000000000e+00
1.048177083333333259e+00
9.700520833333333703e-01
1.165364583333333259e+00
1.569010416666666741e+00
9.960937500000000000e-01
1.009114583333333259e+00
1.022135416666666741e+00
1.022135416666666741e+00
9.830729166666666297e-01
1.022135416666666741e+00
1.464843750000000000e+00
9.700520833333333703e-01
9.960937500000000000e-01
9.960937500000000000e-01
1.477864583333333259e+00
9.440104166666666297e-01
1.282552083333333259e+00
9.830729166666666297e-01
9.830729166666666297e-01
1.048177083333333259e+00
9.700520833333333703e-01
1.243489583333333259e+00
1.022135416666666741e+00
9.830729166666666297e-01
9.960937500000000000e-01
6.966145833333333703e-01
1.009114583333333259e+00
9.960937500000000000e-01
9.960937500000000000e-01
9.830729166666666297e-01
9.960937500000000000e-01
9.960937500000000000e-01
1.009114583333333259e+00
9.960937500000000000e-01
1.048177083333333259e+00
9.440104166666666297e-01
9.570312500000000000e-01
9.700520833333333703e-01
1.243489583333333259e+00
9.960937500000000000e-01
9.960937500000000000e-01
9.960937500000000000e-01
1.035156250000000000e+00
9.960937500000000000e-01
1.022135416666666741e+00
9.960937500000000000e-01
9.960937500000000000e-01
1.009114583333333259e+00
9.960937500000000000e-01
9.960937500000000000e-01
1.009114583333333259e+00
1.022135416666666741e+00
1.009114583333333259e+00
9.570312500000000000e-01
9.960937500000000000e-01
1.009114583333333259e+00
1.009114583333333259e+00
1.009114583333333259e+00
1.373697916666666741e+00
1.009114583333333259e+00
9.960937500000000000e-01
9.570312500000000000e-01
1.022135416666666741e+00
9.700520833333333703e-01
9.960937500000000000e-01
1.347656250000000000e+00
9.830729166666666297e-01
1.503906250000000000e+00
1.048177083333333259e+00
1.399739583333333259e+00
9.570312500000000000e-01
1.022135416666666741e+00
1.022135416666666741e+00
1.660156250000000000e+00
1.022135416666666741e+00
1.035156250000000000e+00
1.035156250000000000e+00
1.009114583333333259e+00
9.830729166666666297e-01
1.035156250000000000e+00
9.960937500000000000e-01
9.700520833333333703e-01
1.022135416666666741e+00
1.608072916666666741e+00
9.830729166666666297e-01
1.048177083333333259e+00
1.647135416666666741e+00
1.139322916666666741e+00
9.830729166666666297e-01
9.830729166666666297e-01
9.960937500000000000e-01
6.575520833333333703e-01
1.009114583333333259e+00
9.960937500000000000e-01
1.035156250000000000e+00
9.830729166666666297e-01
1.009114583333333259e+00
1.022135416666666741e+00
1.022135416666666741e+00
9.960937500000000000e-01
1.022135416666666741e+00
8.007812500000000000e-01
9.830729166666666297e-01
9.830729166666666297e-01
1.022135416666666741e+00
9.960937500000000000e-01
1.009114583333333259e+00
1.009114583333333259e+00
9.830729166666666297e-01
9.830729166666666297e-01
1.022135416666666741e+00
9.830729166666666297e-01
9.960937500000000000e-01
1.009114583333333259e+00
9.700520833333333703e-01
1.022135416666666741e+00
9.960937500000000000e-01
1.035156250000000000e+00
9.960937500000000000e-01
9.960937500000000000e-01
9.960937500000000000e-01
9.960937500000000000e-01
9.570312500000000000e-01
9.960937500000000000e-01
9.570312500000000000e-01
1.009114583333333259e+00
1.022135416666666741e+00
1.048177083333333259e+00
1.009114583333333259e+00
1.503906250000000000e+00
1.009114583333333259e+00
9.830729166666666297e-01
9.830729166666666297e-01
9.960937500000000000e-01
1.048177083333333259e+00
1.022135416666666741e+00
1.009114583333333259e+00
9.960937500000000000e-01
9.700520833333333703e-01
9.830729166666666297e-01
9.830729166666666297e-01
9.960937500000000000e-01
1.048177083333333259e+00
9.700520833333333703e-01
1.009114583333333259e+00
1.048177083333333259e+00
1.035156250000000000e+00
1.022135416666666741e+00
9.700520833333333703e-01
9.570312500000000000e-01
1.048177083333333259e+00
1.035156250000000000e+00
1.022135416666666741e+00
9.700520833333333703e-01
1.022135416666666741e+00
9.830729166666666297e-01
9.700520833333333703e-01
9.960937500000000000e-01
1.660156250000000000e+00
1.061197916666666741e+00
9.960937500000000000e-01
9.830729166666666297e-01
9.440104166666666297e-01
9.830729166666666297e-01
1.451822916666666741e+00
1.009114583333333259e+00
9.960937500000000000e-01
1.139322916666666741e+00
9.570312500000000000e-01
1.048177083333333259e+00
1.022135416666666741e+00
9.830729166666666297e-01
1.022135416666666741e+00
9.960937500000000000e-01
9.570312500000000000e-01
1.048177083333333259e+00
9.830729166666666297e-01
1.022135416666666741e+00
9.960937500000000000e-01
9.960937500000000000e-01
1.022135416666666741e+00
9.570312500000000000e-01
9.830729166666666297e-01
9.570312500000000000e-01
1.660156250000000000e+00
9.830729166666666297e-01
1.009114583333333259e+00
9.960937500000000000e-01
9.830729166666666297e-01
6.966145833333333703e-01
9.700520833333333703e-01
9.960937500000000000e-01
1.022135416666666741e+00
9.700520833333333703e-01
9.700520833333333703e-01
1.035156250000000000e+00
9.960937500000000000e-01
9.960937500000000000e-01
9.830729166666666297e-01
9.960937500000000000e-01
9.960937500000000000e-01
1.035156250000000000e+00
9.960937500000000000e-01
1.204427083333333259e+00
9.960937500000000000e-01
9.960937500000000000e-01
1.009114583333333259e+00
9.570312500000000000e-01
1.035156250000000000e+00
1.035156250000000000e+00
1.022135416666666741e+00
9.960937500000000000e-01
9.960937500000000000e-01
1.022135416666666741e+00
9.830729166666666297e-01
9.830729166666666297e-01
9.830729166666666297e-01
1.660156250000000000e+00
1.009114583333333259e+00
1.438802083333333259e+00
9.960937500000000000e-01
1.022135416666666741e+00
1.022135416666666741e+00
1.048177083333333259e+00
4.361979166666666852e-01
9.960937500000000000e-01
1.660156250000000000e+00
1.022135416666666741e+00
9.960937500000000000e-01
9.309895833333333703e-01
9.960937500000000000e-01
1.009114583333333259e+00
1.000000000000000000e+00
1.000000000000000000e+00
1.000000000000000000e+00
1.000000000000000000e+00
1.000000000000000000e+00
1.000000000000000000e+00
1.000000000000000000e+00
1.000000000000000000e+00
1.000000000000000000e+00
1.000000000000000000e+00
1.000000000000000000e+00
1.000000000000000000e+00
1.000000000000000000e+00
1.000000000000000000e+00
1.000000000000000000e+00
1.000000000000000000e+00
1.000000000000000000e+00
1.000000000000000000e+00
1.000000000000000000e+00
1.000000000000000000e+00
1.000000000000000000e+00
1.000000000000000000e+00
1.000000000000000000e+00
1.000000000000000000e+00
1.000000000000000000e+00
1.000000000000000000e+00
1.000000000000000000e+00
1.000000000000000000e+00
1.000000000000000000e+00
1.000000000000000000e+00
1.000000000000000000e+00
1.000000000000000000e+00
1.000000000000000000e+00
1.000000000000000000e+00
1.000000000000000000e+00
1.000000000000000000e+00
1.000000000000000000e+00
1.000000000000000000e+00
1.000000000000000000e+00
1.000000000000000000e+00
1.000000000000000000e+00
1.000000000000000000e+00
1.000000000000000000e+00
1.000000000000000000e+00
1.000000000000000000e+00
1.000000000000000000e+00
1.000000000000000000e+00
1.000000000000000000e+00
1.000000000000000000e+00
1.000000000000000000e+00
1.000000000000000000e+00
1.000000000000000000e+00
1.000000000000000000e+00
1.000000000000000000e+00
1.000000000000000000e+00
1.000000000000000000e+00
1.000000000000000000e+00
1.000000000000000000e+00
1.000000000000000000e+00
1.000000000000000000e+00
1.000000000000000000e+00
1.000000000000000000e+00
1.000000000000000000e+00
1.000000000000000000e+00
1.000000000000000000e+00
1.000000000000000000e+00
1.000000000000000000e+00
1.000000000000000000e+00
1.000000000000000000e+00
1.000000000000000000e+00
1.000000000000000000e+00
1.000000000000000000e+00
1.000000000000000000e+00
1.000000000000000000e+00
1.000000000000000000e+00
1.000000000000000000e+00
1.000000000000000000e+00
1.000000000000000000e+00
1.000000000000000000e+00
1.000000000000000000e+00
1.000000000000000000e+00
1.000000000000000000e+00
1.000000000000000000e+00
1.000000000000000000e+00
1.000000000000000000e+00
1.000000000000000000e+00
1.000000000000000000e+00
1.000000000000000000e+00
1.000000000000000000e+00
1.000000000000000000e+00
1.000000000000000000e+00
1.000000000000000000e+00
1.000000000000000000e+00
1.000000000000000000e+00
1.000000000000000000e+00
1.000000000000000000e+00
1.000000000000000000e+00
1.000000000000000000e+00
1.000000000000000000e+00
1.000000000000000000e+00
1.000000000000000000e+00
1.000000000000000000e+00
1.000000000000000000e+00
1.000000000000000000e+00
1.000000000000000000e+00
1.000000000000000000e+00
1.000000000000000000e+00
1.000000000000000000e+00
1.000000000000000000e+00
1.000000000000000000e+00
1.000000000000000000e+00
1.000000000000000000e+00
1.000000000000000000e+00
1.000000000000000000e+00
1.000000000000000000e+00
1.000000000000000000e+00
1.000000000000000000e+00
1.000000000000000000e+00
1.000000000000000000e+00
1.000000000000000000e+00
1.000000000000000000e+00
1.000000000000000000e+00
1.000000000000000000e+00
1.000000000000000000e+00
1.000000000000000000e+00
1.000000000000000000e+00
1.000000000000000000e+00
1.000000000000000000e+00
1.000000000000000000e+00
1.000000000000000000e+00
1.000000000000000000e+00
1.000000000000000000e+00
1.000000000000000000e+00
1.000000000000000000e+00
1.000000000000000000e+00
1.000000000000000000e+00
1.000000000000000000e+00
1.000000000000000000e+00
1.000000000000000000e+00
1.000000000000000000e+00
1.000000000000000000e+00
1.000000000000000000e+00
1.000000000000000000e+00
1.000000000000000000e+00
1.000000000000000000e+00
1.000000000000000000e+00
1.000000000000000000e+00
1.000000000000000000e+00
1.000000000000000000e+00
1.000000000000000000e+00
1.000000000000000000e+00
1.000000000000000000e+00
1.000000000000000000e+00
1.000000000000000000e+00
1.000000000000000000e+00
1.000000000000000000e+00
1.000000000000000000e+00
1.000000000000000000e+00
1.000000000000000000e+00
1.000000000000000000e+00
1.000000000000000000e+00
1.000000000000000000e+00
1.000000000000000000e+00
1.000000000000000000e+00
1.000000000000000000e+00
1.000000000000000000e+00
1.000000000000000000e+00
1.000000000000000000e+00
1.000000000000000000e+00
1.000000000000000000e+00
1.000000000000000000e+00
1.000000000000000000e+00
1.000000000000000000e+00
1.000000000000000000e+00
1.000000000000000000e+00
1.000000000000000000e+00
1.000000000000000000e+00
1.000000000000000000e+00
1.000000000000000000e+00
1.000000000000000000e+00
1.000000000000000000e+00
1.000000000000000000e+00
1.000000000000000000e+00
1.000000000000000000e+00
1.000000000000000000e+00
1.000000000000000000e+00
1.000000000000000000e+00
1.000000000000000000e+00
1.000000000000000000e+00
1.000000000000000000e+00
1.000000000000000000e+00
1.000000000000000000e+00
1.000000000000000000e+00
1.000000000000000000e+00
1.000000000000000000e+00
1.000000000000000000e+00
1.000000000000000000e+00
1.000000000000000000e+00
1.000000000000000000e+00
1.000000000000000000e+00
1.000000000000000000e+00
1.000000000000000000e+00
1.000000000000000000e+00
1.000000000000000000e+00
1.000000000000000000e+00
1.000000000000000000e+00
1.000000000000000000e+00
1.000000000000000000e+00
1.000000000000000000e+00
1.000000000000000000e+00
1.000000000000000000e+00
1.000000000000000000e+00
1.000000000000000000e+00
1.000000000000000000e+00
1.000000000000000000e+00
1.000000000000000000e+00
1.000000000000000000e+00
1.000000000000000000e+00
1.000000000000000000e+00
1.000000000000000000e+00
1.000000000000000000e+00
1.000000000000000000e+00
1.000000000000000000e+00
1.000000000000000000e+00
1.000000000000000000e+00
1.000000000000000000e+00
1.000000000000000000e+00
1.000000000000000000e+00
1.000000000000000000e+00
1.000000000000000000e+00
1.000000000000000000e+00
1.000000000000000000e+00
1.000000000000000000e+00
1.000000000000000000e+00
1.000000000000000000e+00
1.000000000000000000e+00
1.000000000000000000e+00
1.000000000000000000e+00
1.000000000000000000e+00
1.000000000000000000e+00
1.000000000000000000e+00
1.000000000000000000e+00
1.000000000000000000e+00
1.000000000000000000e+00
1.000000000000000000e+00
1.000000000000000000e+00
1.000000000000000000e+00
1.000000000000000000e+00
1.000000000000000000e+00
1.000000000000000000e+00
1.000000000000000000e+00
1.000000000000000000e+00
1.000000000000000000e+00
1.000000000000000000e+00
1.000000000000000000e+00
1.000000000000000000e+00
9.765625000000000000e-03
2.832031250000000000e-01
1.298828125000000000e+00
4.199218750000000000e-01
2.929687500000000000e-02
7.128906250000000000e-01
4.394531250000000000e-01
1.464843750000000000e-01
2.929687500000000000e-02
2.636718750000000000e-01
2.832031250000000000e-01
2.636718750000000000e-01
6.835937500000000000e-02
3.027343750000000000e-01
1.074218750000000000e-01
5.761718750000000000e-01
1.464843750000000000e-01
2.929687500000000000e-02
9.765625000000000000e-03
7.714843750000000000e-01
1.660156250000000000e-01
9.765625000000000000e-03
2.929687500000000000e-02
3.613281250000000000e-01
2.929687500000000000e-02
5.566406250000000000e-01
9.765625000000000000e-03
9.765625000000000000e-03
1.464843750000000000e-01
4.394531250000000000e-01
1.660156250000000000e-01
4.003906250000000000e-01
3.027343750000000000e-01
2.636718750000000000e-01
9.765625000000000000e-03
6.835937500000000000e-02
4.199218750000000000e-01
1.162109375000000000e+00
9.765625000000000000e-03
6.347656250000000000e-01
9.765625000000000000e-03
4.394531250000000000e-01
4.980468750000000000e-01
1.074218750000000000e-01
3.808593750000000000e-01
9.765625000000000000e-03
1.660156250000000000e-01
4.199218750000000000e-01
4.785156250000000000e-01
2.929687500000000000e-02
2.246093750000000000e-01
1.464843750000000000e-01
4.003906250000000000e-01
6.347656250000000000e-01
6.933593750000000000e-01
1.855468750000000000e-01
3.027343750000000000e-01
3.027343750000000000e-01
9.765625000000000000e-03
9.765625000000000000e-03
3.222656250000000000e-01
8.789062500000000000e-02
9.765625000000000000e-03
2.929687500000000000e-02
2.441406250000000000e-01
2.929687500000000000e-02
7.128906250000000000e-01
4.882812500000000000e-02
4.882812500000000000e-02
3.027343750000000000e-01
2.050781250000000000e-01
3.027343750000000000e-01
3.027343750000000000e-01
3.417968750000000000e-01
3.222656250000000000e-01
1.220703125000000000e+00
1.269531250000000000e-01
5.566406250000000000e-01
2.636718750000000000e-01
1.298828125000000000e+00
4.980468750000000000e-01
6.835937500000000000e-02
9.765625000000000000e-03
3.222656250000000000e-01
5.371093750000000000e-01
6.835937500000000000e-02
5.175781250000000000e-01
4.003906250000000000e-01
2.636718750000000000e-01
9.765625000000000000e-03
2.832031250000000000e-01
9.765625000000000000e-03
8.789062500000000000e-02
9.765625000000000000e-03
9.765625000000000000e-03
6.152343750000000000e-01
1.269531250000000000e-01
9.765625000000000000e-03
3.808593750000000000e-01
2.246093750000000000e-01
1.074218750000000000e-01
1.269531250000000000e-01
4.199218750000000000e-01
3.808593750000000000e-01
6.835937500000000000e-02
6.835937500000000000e-02
1.074218750000000000e-01
9.765625000000000000e-03
4.589843750000000000e-01
1.269531250000000000e-01
9.765625000000000000e-03
9.765625000000000000e-03
1.464843750000000000e-01
3.417968750000000000e-01
1.074218750000000000e-01
9.765625000000000000e-03
4.980468750000000000e-01
1.142578125000000000e+00
4.882812500000000000e-02
5.371093750000000000e-01
2.246093750000000000e-01
2.246093750000000000e-01
2.255859375000000000e+00
4.882812500000000000e-02
3.027343750000000000e-01
2.929687500000000000e-02
2.441406250000000000e-01
5.761718750000000000e-01
1.074218750000000000e-01
9.863281250000000000e-01
1.074218750000000000e-01
2.246093750000000000e-01
1.855468750000000000e-01
6.152343750000000000e-01
1.269531250000000000e-01
4.589843750000000000e-01
1.464843750000000000e-01
1.269531250000000000e-01
1.464843750000000000e-01
6.933593750000000000e-01
3.808593750000000000e-01
2.246093750000000000e-01
8.789062500000000000e-02
1.660156250000000000e-01
3.808593750000000000e-01
6.152343750000000000e-01
1.123046875000000000e+00
6.835937500000000000e-02
1.083984375000000000e+00
1.464843750000000000e-01
1.074218750000000000e-01
8.886718750000000000e-01
6.835937500000000000e-02
9.765625000000000000e-03
5.957031250000000000e-01
9.765625000000000000e-03
2.929687500000000000e-02
3.613281250000000000e-01
4.589843750000000000e-01
5.957031250000000000e-01
4.394531250000000000e-01
3.613281250000000000e-01
2.050781250000000000e-01
3.027343750000000000e-01
1.855468750000000000e-01
2.050781250000000000e-01
2.636718750000000000e-01
6.152343750000000000e-01
6.835937500000000000e-02
6.738281250000000000e-01
2.246093750000000000e-01
4.199218750000000000e-01
4.785156250000000000e-01
2.441406250000000000e-01
2.636718750000000000e-01
1.005859375000000000e+00
4.003906250000000000e-01
1.269531250000000000e-01
7.910156250000000000e-01
5.957031250000000000e-01
1.660156250000000000e-01
2.050781250000000000e-01
9.765625000000000000e-03
9.765625000000000000e-03
2.246093750000000000e-01
9.082031250000000000e-01
1.376953125000000000e+00
3.613281250000000000e-01
9.765625000000000000e-03
2.246093750000000000e-01
4.003906250000000000e-01
9.765625000000000000e-03
2.832031250000000000e-01
4.882812500000000000e-02
8.789062500000000000e-02
1.660156250000000000e-01
2.636718750000000000e-01
4.980468750000000000e-01
5.371093750000000000e-01
3.027343750000000000e-01
2.246093750000000000e-01
7.910156250000000000e-01
2.050781250000000000e-01
4.589843750000000000e-01
1.074218750000000000e-01
6.542968750000000000e-01
2.832031250000000000e-01
9.765625000000000000e-03
9.765625000000000000e-03
2.929687500000000000e-02
1.074218750000000000e-01
1.660156250000000000e-01
1.855468750000000000e-01
2.490234375000000000e+00
4.882812500000000000e-02
1.464843750000000000e-01
9.863281250000000000e-01
4.003906250000000000e-01
2.050781250000000000e-01
6.835937500000000000e-02
1.142578125000000000e+00
8.789062500000000000e-02
2.636718750000000000e-01
5.175781250000000000e-01
5.761718750000000000e-01
1.044921875000000000e+00
8.886718750000000000e-01
9.765625000000000000e-03
6.347656250000000000e-01
8.496093750000000000e-01
8.789062500000000000e-02
4.785156250000000000e-01
9.765625000000000000e-03
5.175781250000000000e-01
4.003906250000000000e-01
4.785156250000000000e-01
2.246093750000000000e-01
5.371093750000000000e-01
4.882812500000000000e-02
2.636718750000000000e-01
3.222656250000000000e-01
9.765625000000000000e-03
8.691406250000000000e-01
9.765625000000000000e-03
1.269531250000000000e-01
7.128906250000000000e-01
3.613281250000000000e-01
1.269531250000000000e-01
2.490234375000000000e+00
4.882812500000000000e-02
9.765625000000000000e-03
4.003906250000000000e-01
1.074218750000000000e-01
1.855468750000000000e-01
2.441406250000000000e-01
3.417968750000000000e-01
