0.000000000000000000e+00	3.296909947001526453e-03	7.439463372705210076e-02	5.934153529142893735e-01	2.000000000000000111e-01	1.199999999999999956e+00	2.066176497670950060e-02
1.000000000000000000e+00	8.982652616734197824e-04	8.182868825642536370e-02	5.275263146161246475e-01	2.000000000000000111e-01	1.199999999999999956e+00	6.132650457737547425e-03
2.000000000000000000e+00	3.961406281689698258e-03	2.169113560722668310e-01	5.542028741785687274e-02	2.000000000000000111e-01	1.199999999999999956e+00	7.307055164249472330e-03
3.000000000000000000e+00	3.038377787000223762e-03	7.646921156404826170e-02	4.660436535336642816e-01	2.000000000000000111e-01	1.199999999999999956e+00	9.014087539681692185e-03
4.000000000000000000e+00	1.194573221392189943e-03	8.865107446864914365e-02	5.535985717392668537e-01	2.000000000000000111e-01	1.199999999999999956e+00	6.008226246138055442e-03
5.000000000000000000e+00	-1.452637641604825804e-04	2.558087745791423062e-01	2.823249711787445548e-02	2.000000000000000111e-01	1.199999999999999956e+00	1.119122968786313496e-02
6.000000000000000000e+00	3.934322719335710760e-04	3.252703761513731640e-01	-9.000565055134268633e-02	2.000000000000000111e-01	1.199999999999999956e+00	1.101991755267613289e-02
7.000000000000000000e+00	1.488915447632132693e-03	9.303749010498207905e-02	4.957653043087566491e-01	2.000000000000000111e-01	1.199999999999999956e+00	6.883057197383695043e-03
8.000000000000000000e+00	4.384162845570747577e-03	1.842525199233250588e-01	1.528529024625275845e-01	2.000000000000000111e-01	1.199999999999999956e+00	3.689498838694725471e-03
9.000000000000000000e+00	1.221520016662162996e-03	1.111574306072609375e-01	4.524911479384479129e-01	2.000000000000000111e-01	1.199999999999999956e+00	3.142801593799849323e-03
1.000000000000000000e+01	2.562216575015607151e-03	1.405295818577265710e-01	2.635669207966047090e-01	2.000000000000000111e-01	1.199999999999999956e+00	2.276020077123659148e-03
1.100000000000000000e+01	2.151324834772682867e-03	9.565104039582161821e-02	4.308803964157508215e-01	2.000000000000000111e-01	1.199999999999999956e+00	4.815870962996987581e-03
1.200000000000000000e+01	-4.166964615497362927e-04	2.428256276433034266e-01	1.669108215123107364e-01	2.000000000000000111e-01	1.199999999999999956e+00	2.421239725080041091e-03
1.300000000000000000e+01	1.304566360123633664e-03	2.246363053861087922e-01	1.057712168722022561e-01	2.000000000000000111e-01	1.199999999999999956e+00	1.788743747742413967e-03
1.400000000000000000e+01	3.718434513710343857e-03	1.519874790387518715e-01	3.427892556291296522e-01	2.000000000000000111e-01	1.199999999999999956e+00	4.040341400084540395e-03
1.500000000000000000e+01	1.589836389113628541e-03	1.683546504736938842e-01	3.124268102981297979e-01	2.000000000000000111e-01	1.199999999999999956e+00	5.219235178471078214e-03
1.600000000000000000e+01	2.621424100332930569e-03	6.525078789696614479e-02	4.860704365894215062e-01	2.000000000000000111e-01	1.199999999999999956e+00	3.017504333780955412e-03
1.700000000000000000e+01	4.939890384189049230e-03	1.064968288278575065e-01	4.384311533922899962e-01	2.000000000000000111e-01	1.199999999999999956e+00	3.420302742574884893e-03
1.800000000000000000e+01	1.134871378760538962e-03	2.989795939928891477e-01	-1.530410612330079800e-02	2.000000000000000111e-01	1.199999999999999956e+00	8.398851130559334757e-03
1.900000000000000000e+01	1.876369252950181544e-03	1.455204583241267724e-01	3.780108095867760198e-01	2.000000000000000111e-01	1.199999999999999956e+00	5.564878517890537411e-03
2.000000000000000000e+01	3.412352738248822649e-04	1.433603884760379921e-01	3.821577374891584888e-01	2.000000000000000111e-01	1.199999999999999956e+00	6.507541447312496438e-03
2.100000000000000000e+01	1.860051132978773978e-03	1.089639309060454753e-01	2.298614473982909523e-01	2.000000000000000111e-01	1.199999999999999956e+00	1.909114371555854393e-03
2.200000000000000000e+01	2.683241741884989044e-03	1.875917787244666957e-01	3.103958303561427101e-02	2.000000000000000111e-01	1.199999999999999956e+00	3.626159829666548030e-03
2.300000000000000000e+01	3.692702158947996655e-03	1.141222483879478777e-01	4.767643545488138290e-01	2.000000000000000111e-01	1.199999999999999956e+00	7.513174628156251908e-03
2.400000000000000000e+01	-2.545484207728862091e-04	2.876145883961672700e-01	-1.803261862690241912e-01	2.000000000000000111e-01	1.199999999999999956e+00	4.832726886533638029e-03
2.500000000000000000e+01	7.135016694040063586e-04	1.658801286008965425e-01	3.033554540408638367e-01	2.000000000000000111e-01	1.199999999999999956e+00	3.802230607514670273e-03
2.600000000000000000e+01	-2.986300642658064677e-03	2.769971457475800536e-01	-6.299357918743417883e-01	2.000000000000000111e-01	1.199999999999999956e+00	6.018044366661395861e-02
2.700000000000000000e+01	5.183339770249906957e-04	1.464537522829982286e-01	2.094774316328713581e-01	2.000000000000000111e-01	1.199999999999999956e+00	3.066358210749469022e-03
2.800000000000000000e+01	2.579917733986219174e-03	2.236673739318399967e-01	6.220672502755419941e-02	2.000000000000000111e-01	1.199999999999999956e+00	8.067314406061371068e-03
2.900000000000000000e+01	-2.211060181847599251e-04	2.197559920348945151e-01	1.673597363771208713e-01	2.000000000000000111e-01	1.199999999999999956e+00	8.796422305936456645e-03
3.000000000000000000e+01	1.271688230810221398e-03	1.152178751292050052e-01	4.241486579566671189e-01	2.000000000000000111e-01	1.199999999999999956e+00	3.383176102617332492e-03
3.100000000000000000e+01	9.492027805246893791e-04	9.204053939651644922e-02	4.560011236449370564e-01	2.000000000000000111e-01	1.199999999999999956e+00	5.630269704225686692e-03
3.200000000000000000e+01	1.631571833422285674e-03	9.610420856837868786e-02	4.646905416806459410e-01	2.000000000000000111e-01	1.199999999999999956e+00	4.271603454220523725e-03
3.300000000000000000e+01	7.384994471362663722e-04	1.405852401786769068e-01	2.321581433038066855e-01	2.000000000000000111e-01	1.199999999999999956e+00	4.336685465122496787e-03
3.400000000000000000e+01	-2.058204316547023512e-03	2.657724414910053179e-01	1.332013467105799265e-01	2.000000000000000111e-01	1.199999999999999956e+00	3.832908983627823177e-03
3.500000000000000000e+01	9.925240345172586798e-04	1.516251122132171447e-01	3.969510138192227089e-01	2.000000000000000111e-01	1.199999999999999956e+00	5.940240040907092227e-03
3.600000000000000000e+01	1.735700800002697294e-03	1.057221033529255616e-01	3.476350535855821100e-01	2.000000000000000111e-01	1.199999999999999956e+00	1.946913264017419241e-03
3.700000000000000000e+01	2.274989340837271865e-03	1.584605382237925797e-01	3.140206487371570709e-01	2.000000000000000111e-01	1.199999999999999956e+00	2.270926416812681092e-03
3.800000000000000000e+01	2.871270877965861456e-03	9.842481257222562840e-02	4.806102648651764397e-01	2.000000000000000111e-01	1.199999999999999956e+00	2.372925090391229605e-02
3.900000000000000000e+01	5.892578636980254662e-04	1.250660124668467044e-01	5.033535806096782750e-01	2.000000000000000111e-01	1.199999999999999956e+00	7.872618167275777928e-03
4.000000000000000000e+01	1.541619636031084503e-03	2.482771188625314540e-01	-2.109918212069716859e-02	2.000000000000000111e-01	1.199999999999999956e+00	3.172586060057699942e-03
4.100000000000000000e+01	3.650340626918542001e-03	1.653162052459025977e-01	2.928566866980264471e-01	2.000000000000000111e-01	1.199999999999999956e+00	4.494757334743896930e-03
4.200000000000000000e+01	1.820337142977247876e-03	2.744851548502170724e-01	1.229878141488782717e-04	2.000000000000000111e-01	1.199999999999999956e+00	4.704313509609483850e-03
4.300000000000000000e+01	6.995906643990891516e-03	2.843935705915687784e-01	-6.518585589442063011e-01	2.000000000000000111e-01	1.199999999999999956e+00	5.400897997759500010e-03
4.400000000000000000e+01	-8.609136512226336956e-04	3.680541004031602226e-01	-9.635138886480643095e-02	2.000000000000000111e-01	1.199999999999999956e+00	5.144806796458492072e-03
4.500000000000000000e+01	1.518981481104778389e-03	1.267291164404749926e-01	5.229922141847449524e-01	2.000000000000000111e-01	1.199999999999999956e+00	1.157168764657510486e-02
4.600000000000000000e+01	4.866804158831810299e-03	1.523376791220648341e-01	2.951812101141730871e-01	2.000000000000000111e-01	1.199999999999999956e+00	5.877575855988879938e-03
4.700000000000000000e+01	9.367017869475566683e-04	8.376675843371764185e-02	5.276878807891507428e-01	2.000000000000000111e-01	1.199999999999999956e+00	6.584064273863302411e-03
4.800000000000000000e+01	6.746475828875053704e-03	1.183783427799276339e-01	2.657956462443837875e-01	2.000000000000000111e-01	1.199999999999999956e+00	1.215583551011898723e-02
4.900000000000000000e+01	1.352493149216518233e-03	1.717090990778754322e-01	2.929498696065087060e-01	2.000000000000000111e-01	1.199999999999999956e+00	8.648641335187345208e-03
5.000000000000000000e+01	1.355552102052285561e-03	4.577463792873970316e-02	5.352497874219763752e-01	2.000000000000000111e-01	1.199999999999999956e+00	2.393996915766017069e-03
5.100000000000000000e+01	-2.533116657666421509e-03	3.308456056331081085e-01	-8.529048519168114240e-02	2.000000000000000111e-01	1.199999999999999956e+00	1.175054491729524662e-02
5.200000000000000000e+01	2.445844875626162693e-03	3.946643779386991430e-02	5.652844919145892932e-01	2.000000000000000111e-01	1.199999999999999956e+00	4.287137138839458052e-03
5.300000000000000000e+01	2.457614376003141058e-04	8.850668268557394802e-02	4.533343250789454437e-01	2.000000000000000111e-01	1.199999999999999956e+00	7.200935052111089203e-03
5.400000000000000000e+01	2.320156298236735089e-03	1.511249266030367522e-01	3.789928839242309166e-01	2.000000000000000111e-01	1.199999999999999956e+00	6.833140860282968694e-03
5.500000000000000000e+01	-4.829689604539806960e-03	3.753946476121283182e-01	-5.632084682731370862e-01	2.000000000000000111e-01	1.199999999999999956e+00	3.808598735993466017e-02
5.600000000000000000e+01	6.444233033918030876e-04	1.229277508267414831e-01	1.019415452502170361e-01	2.000000000000000111e-01	1.199999999999999956e+00	2.385023280833179632e-03
5.700000000000000000e+01	1.964115218339918412e-03	1.712714698210693609e-01	2.764961123929974285e-01	2.000000000000000111e-01	1.199999999999999956e+00	1.518325377220472797e-03
5.800000000000000000e+01	2.484804155355138005e-04	2.269424386898490353e-01	1.637528209021876791e-01	2.000000000000000111e-01	1.199999999999999956e+00	1.240838398646181874e-02
5.900000000000000000e+01	2.146625274176230860e-03	5.983465235602233867e-02	5.289583919206544138e-01	2.000000000000000111e-01	1.199999999999999956e+00	4.902652304972782669e-03
6.000000000000000000e+01	6.226945030845364029e-04	2.116295560234262296e-01	6.879981997233519664e-02	2.000000000000000111e-01	1.199999999999999956e+00	3.175743948706796251e-03
6.100000000000000000e+01	1.729666047321975477e-03	2.450258951447877032e-01	9.379457531991031161e-02	2.000000000000000111e-01	1.199999999999999956e+00	1.054821742115989724e-02
6.200000000000000000e+01	-4.057524295554874698e-03	4.777468973494528592e-01	-4.575043010291892642e-01	2.000000000000000111e-01	1.199999999999999956e+00	6.733355434086427289e-03
6.300000000000000000e+01	6.671017557687505014e-05	1.787268486495494635e-01	2.324436181634443876e-01	2.000000000000000111e-01	1.199999999999999956e+00	5.732552336708213528e-03
6.400000000000000000e+01	1.609885275673425629e-03	1.255356149773984298e-01	2.280867404322477476e-01	2.000000000000000111e-01	1.199999999999999956e+00	8.432757472879052682e-03
6.500000000000000000e+01	7.329336859831041533e-04	1.537337792816919346e-01	3.739477084512961014e-01	2.000000000000000111e-01	1.199999999999999956e+00	6.780377037316424015e-03
6.600000000000000000e+01	4.437612294490166261e-03	2.218220194700020742e-01	-1.965233921151390284e-01	2.000000000000000111e-01	1.199999999999999956e+00	2.907944169344962079e-03
6.700000000000000000e+01	-2.243735679164029877e-03	2.122113309370594059e-01	-1.155597057595070254e-02	2.000000000000000111e-01	1.199999999999999956e+00	1.814580883355871796e-02
6.800000000000000000e+01	1.340323112471793416e-03	8.531143426625917292e-02	5.815510809200081788e-01	2.000000000000000111e-01	1.199999999999999956e+00	6.735881948996332892e-03
6.900000000000000000e+01	-4.873149206856471093e-04	2.459979027804928831e-01	2.826445834363191523e-01	2.000000000000000111e-01	1.199999999999999956e+00	9.309171226178386549e-03
7.000000000000000000e+01	7.848693352491430044e-04	2.585181451497199911e-01	-8.426569671651273907e-02	2.000000000000000111e-01	1.199999999999999956e+00	6.159424796135120651e-03
7.100000000000000000e+01	1.029025181487414975e-03	9.248016224387747841e-02	4.463217524281479776e-01	2.000000000000000111e-01	1.199999999999999956e+00	6.655134042042880511e-03
7.200000000000000000e+01	2.059521358053571522e-03	1.019295396098072737e-01	4.643256815155414330e-01	2.000000000000000111e-01	1.199999999999999956e+00	3.777934379710471118e-03
7.300000000000000000e+01	-3.179509839636805030e-03	4.118388250760835478e-01	-2.884108492120658340e-01	2.000000000000000111e-01	1.199999999999999956e+00	5.632259947961115558e-03
7.400000000000000000e+01	1.472776936654354198e-03	1.890795279364848869e-01	1.245027600939545565e-01	2.000000000000000111e-01	1.199999999999999956e+00	3.225807304841852522e-03
7.500000000000000000e+01	2.076977985869553345e-03	3.707429971357779075e-01	-1.337307702928538511e-01	2.000000000000000111e-01	1.199999999999999956e+00	6.573828548348726111e-03
7.600000000000000000e+01	6.235406917715040223e-04	1.133576475175961801e-01	3.699350600212443219e-01	2.000000000000000111e-01	1.199999999999999956e+00	2.786467905670913202e-03
7.700000000000000000e+01	1.652841387864969688e-03	1.030183904796640876e-01	5.613710370632440938e-01	2.000000000000000111e-01	1.199999999999999956e+00	1.308203743965226894e-02
7.800000000000000000e+01	5.620434467002715252e-04	7.369567161455316262e-02	5.268901048608483073e-01	2.000000000000000111e-01	1.199999999999999956e+00	2.721547342397274104e-03
7.900000000000000000e+01	2.042978127265574796e-03	8.057158770822198113e-02	4.394147001395667385e-01	2.000000000000000111e-01	1.199999999999999956e+00	1.361459901830752717e-02
8.000000000000000000e+01	1.294179422545640307e-03	1.356323687856609839e-01	1.729478942890225746e-01	2.000000000000000111e-01	1.199999999999999956e+00	2.092102255773891414e-03
8.100000000000000000e+01	6.063552651242201490e-03	1.487750711140969073e-01	3.908496901221982789e-01	2.000000000000000111e-01	1.199999999999999956e+00	1.054655832432672795e-02
8.200000000000000000e+01	1.662895022298091280e-03	9.367238665725639846e-02	4.925989050413817072e-01	2.000000000000000111e-01	1.199999999999999956e+00	4.525778119816382776e-03
8.300000000000000000e+01	2.121113335565616084e-03	7.363850449687846245e-02	3.281011329214438277e-01	2.000000000000000111e-01	1.199999999999999956e+00	7.438103912310750979e-03
8.400000000000000000e+01	1.381998088074163581e-03	1.352947769783416909e-01	3.946580389030187597e-01	2.000000000000000111e-01	1.199999999999999956e+00	4.742370497630457767e-03
8.500000000000000000e+01	1.588421008111684084e-03	1.248560095930518060e-01	3.510391799091228116e-01	2.000000000000000111e-01	1.199999999999999956e+00	2.370080392727499062e-03
8.600000000000000000e+01	1.862937217223071835e-03	5.992532559441922368e-02	5.202983610908114009e-01	2.000000000000000111e-01	1.199999999999999956e+00	4.753120461616764346e-03
8.700000000000000000e+01	1.259898593825481156e-03	1.055047779735220209e-01	3.669807739851176365e-01	2.000000000000000111e-01	1.199999999999999956e+00	5.237636447013657368e-03
8.800000000000000000e+01	1.630375914772806212e-03	2.044020971757576355e-01	4.237682418568189391e-02	2.000000000000000111e-01	1.199999999999999956e+00	3.770535770565281494e-03
8.900000000000000000e+01	2.972173257887642493e-03	9.249546269480217464e-02	5.054017111963748921e-01	2.000000000000000111e-01	1.199999999999999956e+00	1.187285505562342934e-02
9.000000000000000000e+01	3.336952953708516040e-03	1.503601741183203389e-01	3.300871623757992701e-01	2.000000000000000111e-01	1.199999999999999956e+00	8.588100855792630758e-03
9.100000000000000000e+01	2.166458014795197631e-03	1.247234428032343856e-01	4.447378557690107037e-01	2.000000000000000111e-01	1.199999999999999956e+00	9.683588637477692079e-03
9.200000000000000000e+01	1.631398853684933774e-03	1.760529054777768276e-01	1.999767742205329490e-01	2.000000000000000111e-01	1.199999999999999956e+00	3.846106239463866448e-03
9.300000000000000000e+01	-6.072421694939136123e-04	1.944909103347671198e-01	2.652705556473464732e-01	2.000000000000000111e-01	1.199999999999999956e+00	4.154671656450417867e-03
9.400000000000000000e+01	-3.061173080727746577e-04	2.366391459929086116e-01	-1.300852744967135877e-01	2.000000000000000111e-01	1.199999999999999956e+00	3.913562297353693521e-03
9.500000000000000000e+01	-1.569339806533779150e-02	6.291105196928618026e-01	-1.250102206556784168e+00	2.000000000000000111e-01	1.199999999999999956e+00	2.193474954052200901e-02
9.600000000000000000e+01	-6.770218935657275339e-03	4.355156810343644991e-01	-3.310298244933038703e-01	2.000000000000000111e-01	1.199999999999999956e+00	6.230724545303789087e-03
9.700000000000000000e+01	1.688800372419201230e-03	1.524461173067089559e-01	2.060182906552601168e-01	2.000000000000000111e-01	1.199999999999999956e+00	4.071244688720494602e-03
9.800000000000000000e+01	8.723734101386942377e-04	1.249173295417998347e-01	3.527236487567200207e-01	2.000000000000000111e-01	1.199999999999999956e+00	4.545498380529749451e-03
9.900000000000000000e+01	-3.552992539668248934e-04	3.353626499412765138e-01	-4.058743884992752626e-01	2.000000000000000111e-01	1.199999999999999956e+00	7.496628172872497539e-03
1.000000000000000000e+02	1.024166649470168800e-03	1.355428524333784357e-01	4.576723903493986612e-01	2.000000000000000111e-01	1.199999999999999956e+00	6.665805396605522203e-03
1.010000000000000000e+02	1.806836637863183312e-03	5.807710420584644845e-02	6.614589829735117998e-01	2.000000000000000111e-01	1.199999999999999956e+00	9.784795426989857312e-03
1.020000000000000000e+02	2.070568891349473025e-03	3.938495333524512088e-01	-3.299328348234618069e-01	2.000000000000000111e-01	1.199999999999999956e+00	7.968019903324394249e-03
1.030000000000000000e+02	-2.821200465608094538e-02	8.853117788685297418e-01	-1.891969245461437410e+00	2.000000000000000111e-01	1.199999999999999956e+00	1.775614789260644352e-02
1.040000000000000000e+02	8.274517238507894321e-03	3.544315137395023796e-02	5.302896131241355837e-01	2.000000000000000111e-01	1.199999999999999956e+00	1.054164674382921871e-02
1.050000000000000000e+02	1.231654914563731816e-03	1.578670812957786995e-01	3.493385386773999457e-01	2.000000000000000111e-01	1.199999999999999956e+00	5.781726993516865185e-03
1.060000000000000000e+02	2.518066042772011421e-03	9.940201751456628765e-02	3.560059514408113746e-01	2.000000000000000111e-01	1.199999999999999956e+00	3.787917035534640355e-03
1.070000000000000000e+02	1.220969047382684716e-03	2.430845153456812624e-01	1.847790611958419760e-01	2.000000000000000111e-01	1.199999999999999956e+00	5.516254737936320506e-03
1.080000000000000000e+02	8.514772241800858512e-04	1.399364570752154591e-01	3.045816962219687341e-01	2.000000000000000111e-01	1.199999999999999956e+00	3.563389272617051469e-03
1.090000000000000000e+02	1.032146084521460422e-03	2.618488532011970515e-01	1.177213757515449544e-01	2.000000000000000111e-01	1.199999999999999956e+00	5.311754047482132937e-03
1.100000000000000000e+02	1.339074939765678681e-03	1.726537971273876260e-01	3.590463232945508842e-01	2.000000000000000111e-01	1.199999999999999956e+00	1.398798030749784718e-02
1.110000000000000000e+02	-9.363434445239762934e-04	3.949510191121016756e-01	-7.704364118057389632e-01	2.000000000000000111e-01	1.199999999999999956e+00	2.676934698858858108e-03
1.120000000000000000e+02	-3.790043991081511014e-04	8.987915943618209058e-02	3.570607651970494345e-01	2.000000000000000111e-01	1.199999999999999956e+00	2.640567169286941671e-02
1.130000000000000000e+02	6.396268511257585838e-03	8.020662203758896491e-02	5.029176048864320014e-01	2.000000000000000111e-01	1.199999999999999956e+00	6.685446071281392517e-03
1.140000000000000000e+02	1.691737726694292213e-03	8.584801354464266510e-02	5.193758637488361529e-01	2.000000000000000111e-01	1.199999999999999956e+00	6.014107978807682782e-03
1.150000000000000000e+02	-2.699989287549339236e-03	3.342413183414884581e-01	-1.013621277595841974e-01	2.000000000000000111e-01	1.199999999999999956e+00	7.503733227253068204e-03
1.160000000000000000e+02	1.453802374937716640e-03	9.858264448147224801e-02	3.236878074272744321e-01	2.000000000000000111e-01	1.199999999999999956e+00	5.355758062220774933e-03
1.170000000000000000e+02	4.955539504266771693e-04	6.362070255936357055e-02	5.632135221401828318e-01	2.000000000000000111e-01	1.199999999999999956e+00	3.720516239020973687e-03
1.180000000000000000e+02	1.818493627862187770e-04	2.032799195502916212e-01	3.310598743605552841e-02	2.000000000000000111e-01	1.199999999999999956e+00	4.639264180430036945e-03
1.190000000000000000e+02	1.309571857528035168e-03	1.054206677492446897e-01	3.932815464360546187e-01	2.000000000000000111e-01	1.199999999999999956e+00	1.772149753688469914e-03
1.200000000000000000e+02	1.348475710232765632e-03	1.751397187075909023e-01	1.280283975476632641e-01	2.000000000000000111e-01	1.199999999999999956e+00	4.794726706014108310e-03
1.210000000000000000e+02	2.223214855315886525e-03	1.279799125293459849e-01	4.423332760423699384e-01	2.000000000000000111e-01	1.199999999999999956e+00	6.582227802363410478e-03
1.220000000000000000e+02	-1.998827523664643228e-03	2.041002695350652707e-01	1.779399361125424406e-01	2.000000000000000111e-01	1.199999999999999956e+00	3.390922607799903843e-02
1.230000000000000000e+02	-5.572638383597023487e-03	4.825215247989383949e-01	-2.428220996450658475e-01	2.000000000000000111e-01	1.199999999999999956e+00	8.842326939246242593e-03
1.240000000000000000e+02	7.058940630498784839e-05	3.106836208354103457e-01	8.154155542800456402e-02	2.000000000000000111e-01	1.199999999999999956e+00	9.600638971261076654e-03
1.250000000000000000e+02	7.725315878773663823e-04	8.692342324945608045e-02	3.404681700079446038e-01	2.000000000000000111e-01	1.199999999999999956e+00	2.878874596972395578e-03
1.260000000000000000e+02	4.835210681411536296e-04	1.366049087452128608e-01	3.056625591081476578e-01	2.000000000000000111e-01	1.199999999999999956e+00	4.851025966943471601e-03
1.270000000000000000e+02	7.926888525821256101e-04	1.193436564864665261e-01	4.496951108545981235e-01	2.000000000000000111e-01	1.199999999999999956e+00	7.122950287830326702e-03
1.280000000000000000e+02	4.962108000035395962e-03	2.861352336760973891e-01	2.777957079639037374e-02	2.000000000000000111e-01	1.199999999999999956e+00	1.628443644176824287e-02
1.290000000000000000e+02	-4.315885971858822792e-03	3.151890775406743228e-01	-4.971341879195811941e-01	2.000000000000000111e-01	1.199999999999999956e+00	6.201559273496034530e-01
1.300000000000000000e+02	-5.516299924444557044e-03	3.337555070276957414e-01	-2.517080003361833462e-01	2.000000000000000111e-01	1.199999999999999956e+00	5.331638035400595305e-02
1.310000000000000000e+02	1.546026916554421593e-03	2.690280160990700664e-01	-3.211285280596287706e-02	2.000000000000000111e-01	1.199999999999999956e+00	3.982239485666489928e-03
1.320000000000000000e+02	2.235707765201319706e-04	1.246486027625191007e-01	4.043149598036408499e-01	2.322580645161289870e-01	1.199999999999999956e+00	4.879369242457071501e-03
1.330000000000000000e+02	-1.872065577834772191e-05	2.390402637329014368e-01	7.922782221397239866e-02	2.000000000000000111e-01	1.199999999999999956e+00	5.252280053315593056e-03
1.340000000000000000e+02	-2.682263017950832062e-03	2.266364612580115123e-01	-4.341880238023776428e-01	2.322580645161289870e-01	1.199999999999999956e+00	7.575141227280023440e-03
1.350000000000000000e+02	7.448490594883336487e-04	1.785466461758390133e-01	3.263800612917293620e-01	2.000000000000000111e-01	1.199999999999999956e+00	5.860019356505063483e-03
1.360000000000000000e+02	-5.255049163836260015e-03	3.211638838314921918e-01	-1.980835466790535904e-01	2.000000000000000111e-01	1.199999999999999956e+00	4.893736046855393790e-02
1.370000000000000000e+02	-2.017570126519678195e-03	1.420954704715713945e-01	8.172534011978225266e-01	2.000000000000000111e-01	1.199999999999999956e+00	1.479471249890067952e+00
1.380000000000000000e+02	1.933425813227060679e-03	2.142920476688597864e-01	6.793496751672867262e-02	2.322580645161289870e-01	1.199999999999999956e+00	4.943203393660279034e-03
1.390000000000000000e+02	-2.665236230044469232e-03	2.274631367185399045e-01	1.787897639794362448e-01	2.000000000000000111e-01	1.199999999999999956e+00	1.197316834521900547e-02
1.400000000000000000e+02	-1.151098618604237634e-03	1.997109220237935079e-01	4.326843951079695216e-02	2.769230769230768829e-01	1.199999999999999956e+00	1.802708666562793331e-03
1.410000000000000000e+02	-6.866651154348260393e-03	4.693340950557100544e-01	-4.414578090677334643e-01	2.000000000000000111e-01	1.199999999999999956e+00	1.168621501162146400e-02
1.420000000000000000e+02	2.425290285129660852e-03	3.866566432536146930e-02	7.017116340151878795e-01	2.000000000000000111e-01	1.199999999999999956e+00	1.579996656471414213e-02
1.430000000000000000e+02	-4.030090453517774719e-04	2.342188727882729693e-01	1.485495481343952484e-01	2.000000000000000111e-01	1.199999999999999956e+00	8.687035966413457141e-03
1.440000000000000000e+02	-9.319835665196235172e-03	4.151803394543445158e-01	-6.953527248707138675e-01	3.428571428571428048e-01	1.199999999999999956e+00	6.071849920890870760e-04
1.450000000000000000e+02	4.743540977989772691e-04	8.964559112591795331e-02	3.788846714592188913e-01	2.769230769230768829e-01	1.199999999999999956e+00	9.736215536194313663e-04
1.460000000000000000e+02	-1.185441536154328585e-03	2.157901136937497022e-01	1.953458044942166794e-01	2.000000000000000111e-01	1.199999999999999956e+00	2.727192738012555826e-03
1.470000000000000000e+02	-2.301096776787873424e-04	1.281734459382957436e-01	2.742338644926971547e-01	2.322580645161289870e-01	1.199999999999999956e+00	1.916695362925193531e-03
1.480000000000000000e+02	-4.033156456035522910e-04	1.342624145216041454e-01	5.955594471944238855e-01	2.000000000000000111e-01	1.199999999999999956e+00	6.293362586950235205e-02
1.490000000000000000e+02	-1.343670787820822618e-03	2.585301826183885598e-01	-3.772153087630814028e-02	2.322580645161289870e-01	1.199999999999999956e+00	5.819308842054463082e-03
1.500000000000000000e+02	-8.394169404666139075e-03	5.832143505453891708e-01	-8.596399727982975136e-01	2.000000000000000111e-01	1.199999999999999956e+00	8.626107620854207500e-03
1.510000000000000000e+02	6.776447560518120312e-03	2.210178213536194980e-01	1.384232737177386596e-01	2.000000000000000111e-01	1.199999999999999956e+00	1.079101112743584279e-02
1.520000000000000000e+02	7.282158772003177044e-03	-6.544226808325566414e-02	1.172097065299677610e+00	2.000000000000000111e-01	1.199999999999999956e+00	1.318233326550545814e-01
1.530000000000000000e+02	-2.145982143346914037e-03	3.168783652533181949e-01	1.008081036788865958e-01	2.000000000000000111e-01	1.199999999999999956e+00	8.041478979587242393e-03
1.540000000000000000e+02	-3.592526650116367390e-03	2.345135802083523624e-01	-4.577903119256747644e-01	2.000000000000000111e-01	1.199999999999999956e+00	9.563770586192213985e-01
1.550000000000000000e+02	4.917689990973881341e-03	6.052143706680473967e-01	-1.027415965524086872e+00	2.000000000000000111e-01	1.199999999999999956e+00	4.080088038774029070e-03
1.560000000000000000e+02	5.122633782431412330e-04	1.001498906520599391e-01	6.399672741238369156e-01	2.000000000000000111e-01	1.199999999999999956e+00	2.540615572256247900e-01
1.570000000000000000e+02	2.057403973460797397e-03	2.299030303703748779e-02	9.994231327311411395e-01	2.000000000000000111e-01	1.199999999999999956e+00	1.948878616394880137e-01
1.580000000000000000e+02	2.648122154161707854e-03	2.201194232247509208e-01	1.191414143397366843e-01	2.000000000000000111e-01	1.199999999999999956e+00	9.195732001945193870e-03
1.590000000000000000e+02	1.806906134019649161e-03	1.664924433132941861e-01	3.197735157375243276e-01	2.000000000000000111e-01	1.199999999999999956e+00	2.557589827660460870e-03
1.600000000000000000e+02	1.341251332907006768e-03	1.781478007170726185e-01	1.274606337695289859e-01	2.769230769230768829e-01	1.199999999999999956e+00	2.482455429166473791e-03
1.610000000000000000e+02	-2.295967507594073864e-03	2.124249418278068569e-01	-6.536101651006012148e-01	2.000000000000000111e-01	1.199999999999999956e+00	3.532502139253999029e-01
1.620000000000000000e+02	-7.146000673926919270e-04	5.648335055015887285e-01	-8.275126393807230585e-01	2.000000000000000111e-01	1.199999999999999956e+00	2.319164327350431345e-03
1.630000000000000000e+02	2.948002648652155774e-03	-4.093894837531826536e-02	1.268327529455131497e+00	2.000000000000000111e-01	1.199999999999999956e+00	8.054263730488299411e-02
1.640000000000000000e+02	-1.065362513492936142e-03	1.508391211795871989e-01	2.283582618776769380e-01	2.322580645161289870e-01	1.199999999999999956e+00	3.628085771528167386e-02
1.650000000000000000e+02	-4.830572548024571894e-03	3.256255322355737225e-01	-4.075307441933153640e-01	2.000000000000000111e-01	1.199999999999999956e+00	3.851582076812944447e-04
1.660000000000000000e+02	1.090296158784789500e-03	4.213998406799048663e-02	5.890782782266723583e-01	2.000000000000000111e-01	1.199999999999999956e+00	9.974026832509555462e-02
1.670000000000000000e+02	-8.119048195758053451e-04	1.216267607519594535e-01	4.763036968258838044e-02	2.322580645161289870e-01	1.199999999999999956e+00	5.447790125042992204e-02
1.680000000000000000e+02	6.257489998995694087e-03	-6.460934489771300027e-02	1.304902444828784258e+00	2.000000000000000111e-01	1.199999999999999956e+00	1.697432134374139701e-01
1.690000000000000000e+02	-3.100184548193325447e-04	1.290133872758816025e-01	4.983018783266217611e-01	2.000000000000000111e-01	1.199999999999999956e+00	3.375329958132473190e-02
1.700000000000000000e+02	3.716391569582642215e-03	1.003007741355927129e-01	4.632719561875440206e-01	2.000000000000000111e-01	1.199999999999999956e+00	1.162413320513770547e-02
1.710000000000000000e+02	1.491349851136115467e-04	1.499569506566334198e-01	2.776391519333705205e-01	2.322580645161289870e-01	1.199999999999999956e+00	2.774599540109333115e-02
1.720000000000000000e+02	-3.466306032784772020e-04	2.334563378370592412e-01	2.286644657377077117e-01	2.000000000000000111e-01	1.199999999999999956e+00	1.443678923635141609e-02
1.730000000000000000e+02	9.958423194640090225e-05	7.818962097009041212e-02	5.413713604564609483e-01	2.322580645161289870e-01	1.199999999999999956e+00	1.809740920135479714e-01
1.740000000000000000e+02	2.400214719042975675e-03	7.931013506070065666e-02	5.252284698928813000e-01	2.000000000000000111e-01	1.199999999999999956e+00	3.302624520252740725e-03
1.750000000000000000e+02	-6.389498999701374599e-04	2.222337453108663430e-01	2.165090297117644447e-01	2.000000000000000111e-01	1.199999999999999956e+00	1.335739159519117383e-02
1.760000000000000000e+02	6.709779630207608021e-04	6.348586398837822997e-02	6.827149199811117786e-01	2.000000000000000111e-01	1.199999999999999956e+00	1.847145134396553298e-02
1.770000000000000000e+02	-7.616600291612149421e-04	1.178670880371334578e-01	-3.571914233644335468e-02	2.000000000000000111e-01	1.199999999999999956e+00	4.243543487283663040e-01
1.780000000000000000e+02	2.348816299495339217e-03	1.732888268306069512e-01	1.835722818781122534e-01	2.322580645161289870e-01	1.199999999999999956e+00	3.731354435198743023e-03
1.790000000000000000e+02	-2.026540637631010777e-03	2.105004841605226384e-01	1.695912202598117702e-01	2.000000000000000111e-01	1.199999999999999956e+00	4.029767185888202818e-02
1.800000000000000000e+02	-2.398877073458530271e-03	2.156707790825511395e-01	4.342079295317873289e-01	2.000000000000000111e-01	1.199999999999999956e+00	4.712880570987654227e-02
1.810000000000000000e+02	-1.379877908459566961e-03	3.204283491666736206e-01	6.895124840177402348e-02	2.000000000000000111e-01	1.199999999999999956e+00	9.215183948118795335e-03
1.820000000000000000e+02	-2.569434905140281084e-03	2.200739629369689865e-01	2.390483951419986042e-02	2.769230769230768829e-01	1.199999999999999956e+00	3.199567999919637057e-03
1.830000000000000000e+02	-4.084039788745807628e-03	2.833629122289425539e-01	-5.946076902904930961e-01	2.000000000000000111e-01	1.199999999999999956e+00	4.953294115981188850e-01
1.840000000000000000e+02	2.476010169164692080e-03	6.171458516063997590e-02	6.520331998637134419e-01	2.000000000000000111e-01	1.199999999999999956e+00	1.898377562131568774e-02
1.850000000000000000e+02	-3.937106553524075104e-04	1.414353713425252346e-01	2.879297209623419285e-01	2.769230769230768829e-01	1.199999999999999956e+00	3.446919959366444904e-03
1.860000000000000000e+02	5.618985512821067898e-04	2.878564779887377578e-01	3.735985446373701890e-02	2.000000000000000111e-01	1.199999999999999956e+00	9.283874373781034889e-03
1.870000000000000000e+02	1.741647737015194998e-03	1.681654965360175058e-01	2.171962028284775137e-01	2.000000000000000111e-01	1.199999999999999956e+00	6.963373630423299633e-03
1.880000000000000000e+02	2.066470975382802243e-03	3.035847583328399324e-01	-6.531701431132175273e-02	2.000000000000000111e-01	1.199999999999999956e+00	7.399416966326808308e-03
1.890000000000000000e+02	4.928770255590297911e-03	-7.613483745423310634e-02	1.403488143689911594e+00	2.322580645161289870e-01	1.199999999999999956e+00	1.201588282486956843e-01
1.900000000000000000e+02	1.573965954619607407e-03	3.393507627806081894e-02	6.610597489159953932e-01	2.322580645161289870e-01	1.199999999999999956e+00	1.730989722619359628e-02
1.910000000000000000e+02	-5.674798510006759909e-03	5.859754289900079849e-01	-7.663058752797047291e-01	2.000000000000000111e-01	1.199999999999999956e+00	2.937758123935911396e-03
1.920000000000000000e+02	2.197447012780152204e-04	1.891887991013677939e-01	1.675268051661222835e-01	2.000000000000000111e-01	1.199999999999999956e+00	5.003825040799964909e-03
1.930000000000000000e+02	3.829366133174612243e-03	2.301484060063879178e-01	1.517382222842553752e-01	2.000000000000000111e-01	1.199999999999999956e+00	6.673644685258885503e-03
1.940000000000000000e+02	1.065826879684942481e-03	1.232961657383961490e-01	5.210576806062707789e-01	2.000000000000000111e-01	1.199999999999999956e+00	1.643194885072114114e-02
1.950000000000000000e+02	9.084520225805487598e-03	2.460198690691967616e-01	-1.977774221367680774e-01	2.000000000000000111e-01	1.199999999999999956e+00	8.167211832917712841e-03
1.960000000000000000e+02	9.121213804807504254e-04	1.987503204499101173e-01	2.651193129559148431e-02	2.000000000000000111e-01	1.199999999999999956e+00	3.112495473241978002e-03
1.970000000000000000e+02	-2.115604614652585869e-03	3.551732533134594472e-01	-2.363953563349463494e-01	2.000000000000000111e-01	1.199999999999999956e+00	5.037376593691051709e-03
1.980000000000000000e+02	1.571960501662642050e-03	1.390187612260078143e-01	3.109782865323351686e-01	2.000000000000000111e-01	1.199999999999999956e+00	4.096795864738594396e-03
1.990000000000000000e+02	7.864584549926523574e-04	1.445680737748267219e-01	3.286424319332055255e-01	2.000000000000000111e-01	1.199999999999999956e+00	5.306385405556174849e-03
2.000000000000000000e+02	-2.309642485818650184e-02	7.819969791152933114e-01	-2.030815945864729244e+00	2.000000000000000111e-01	1.199999999999999956e+00	1.152863523912140004e-01
2.010000000000000000e+02	-1.705696967546342397e-04	1.313839409186340068e-01	3.861313066323246446e-01	2.000000000000000111e-01	1.199999999999999956e+00	2.908027483748279116e-02
2.020000000000000000e+02	9.311546127158084381e-04	9.983780040438246239e-02	4.964328660294086148e-01	2.000000000000000111e-01	1.199999999999999956e+00	5.057159262340260933e-03
2.030000000000000000e+02	-2.296103680334359942e-04	3.062635478302807579e-01	-6.890907574744309372e-02	2.000000000000000111e-01	1.199999999999999956e+00	6.352038109095017697e-03
2.040000000000000000e+02	4.191703276617354638e-03	1.131302216039362096e-01	2.424665537180918928e-01	2.000000000000000111e-01	1.199999999999999956e+00	7.102444150978072350e-03
2.050000000000000000e+02	1.983507243152247707e-03	1.798325113887255244e-01	2.724196184241760577e-01	2.000000000000000111e-01	1.199999999999999956e+00	6.677776704768531579e-03
2.060000000000000000e+02	-4.439247200739633581e-03	5.012520106990713264e-01	-6.747912622755736223e-01	2.000000000000000111e-01	1.199999999999999956e+00	7.267078952735732053e-03
2.070000000000000000e+02	2.729610077448525393e-03	1.700723997108837815e-01	1.165630403538400195e-01	2.000000000000000111e-01	1.199999999999999956e+00	4.018568964081007007e-03
2.080000000000000000e+02	3.596457590787158730e-03	2.178220127114273430e-01	2.019632380969893504e-02	2.000000000000000111e-01	1.199999999999999956e+00	4.739875103082924306e-03
2.090000000000000000e+02	1.194403611990220567e-03	3.557821303809823865e-01	-1.107687186546497671e-01	2.000000000000000111e-01	1.199999999999999956e+00	5.878615459802816710e-03
2.100000000000000000e+02	3.110652460310731580e-03	4.021175098538143367e-02	6.063236570036597550e-01	2.000000000000000111e-01	1.199999999999999956e+00	4.962452616645044931e-03
2.110000000000000000e+02	-1.244329481384608789e-03	1.577067874725148477e-01	9.550026479298612259e-02	2.000000000000000111e-01	1.199999999999999956e+00	8.686425740346701008e-02
2.120000000000000000e+02	2.099879917066809615e-04	5.658861092736864468e-02	6.221372272632232914e-01	2.000000000000000111e-01	1.199999999999999956e+00	1.263485809793628012e-01
2.130000000000000000e+02	6.070790095981119273e-03	3.910127320549307561e-01	-3.020534534419048178e-01	2.000000000000000111e-01	1.199999999999999956e+00	5.869214876283925832e-03
2.140000000000000000e+02	6.459544189629466866e-03	3.536746512141538124e-01	-1.599596289261819848e-01	2.000000000000000111e-01	1.199999999999999956e+00	2.524645505000328721e-03
2.150000000000000000e+02	1.498332789278794238e-03	1.523568234025025059e-01	3.281698813681206417e-01	2.000000000000000111e-01	1.199999999999999956e+00	5.803238393789869262e-03
2.160000000000000000e+02	1.046604757759630458e-03	1.449378831187614070e-01	2.947179716302050778e-01	2.000000000000000111e-01	1.199999999999999956e+00	5.219840498642035545e-03
2.170000000000000000e+02	4.461374719496687726e-05	1.569476327028703488e-01	2.474684723118310004e-01	2.000000000000000111e-01	1.199999999999999956e+00	1.453238522168692932e-02
2.180000000000000000e+02	1.569925263413986596e-03	9.182112572407709339e-02	4.298953963907807818e-01	2.000000000000000111e-01	1.199999999999999956e+00	3.393964227464536104e-02
2.190000000000000000e+02	2.772378599552314735e-03	1.548631305142667003e-01	2.016848782107079074e-01	2.000000000000000111e-01	1.199999999999999956e+00	2.955129486260366957e-03
2.200000000000000000e+02	-5.716075501526064317e-04	1.209393577906738293e-01	2.926969482757248997e-01	2.000000000000000111e-01	1.199999999999999956e+00	5.071437717668918904e-02
2.210000000000000000e+02	4.404540331445651498e-03	1.752092220493623731e-01	1.890189052687825111e-01	2.000000000000000111e-01	1.199999999999999956e+00	4.759004475677601313e-03
2.220000000000000000e+02	1.434267102720093419e-03	1.535039040915929243e-01	3.174433794658502173e-01	2.000000000000000111e-01	1.199999999999999956e+00	5.056349552193103655e-03
2.230000000000000000e+02	1.219785589156424958e-03	6.934572740365101129e-02	6.057783974253554415e-01	2.000000000000000111e-01	1.199999999999999956e+00	5.682520848351280650e-03
2.240000000000000000e+02	8.508265299243127121e-04	1.245782256455045950e-01	4.221829441637074964e-01	2.000000000000000111e-01	1.199999999999999956e+00	4.565694605156027201e-03
2.250000000000000000e+02	3.306368401435998551e-04	1.386861904952443880e-01	3.742079609769044524e-01	2.000000000000000111e-01	1.199999999999999956e+00	9.069546637319779794e-03
2.260000000000000000e+02	1.223605183567625515e-03	1.855950550202027372e-01	1.252927939956691716e-01	2.000000000000000111e-01	1.199999999999999956e+00	2.484122702490031923e-03
2.270000000000000000e+02	7.980655356316075297e-03	1.184887646998275812e-01	3.973251116062850308e-01	2.000000000000000111e-01	1.199999999999999956e+00	2.248126113112754870e-02
2.280000000000000000e+02	1.839541745632360635e-03	1.632324437394513661e-01	3.979649905760238582e-01	2.000000000000000111e-01	1.199999999999999956e+00	5.466778312914339667e-03
2.290000000000000000e+02	-4.171039967825941434e-03	3.219529433537731689e-01	-7.672309323886388199e-01	2.000000000000000111e-01	1.199999999999999956e+00	2.747929656311187685e-02
2.300000000000000000e+02	8.135385166802394348e-04	1.394755960992208332e-01	2.558967190808276726e-01	2.000000000000000111e-01	1.199999999999999956e+00	2.421385313612333008e-03
2.310000000000000000e+02	-7.515488558439338031e-03	5.731112460469155456e-01	-7.330941675934168344e-01	2.000000000000000111e-01	1.199999999999999956e+00	7.992269885142606542e-03
2.320000000000000000e+02	1.562570087678428858e-03	1.208093117241541836e-01	2.838500455213179841e-01	2.000000000000000111e-01	1.199999999999999956e+00	5.095049516077071634e-03
2.330000000000000000e+02	5.099853877730670376e-04	1.486090635496471468e-01	1.555938750233636370e-01	2.000000000000000111e-01	1.199999999999999956e+00	3.763088365632807387e-03
2.340000000000000000e+02	1.692010649642157862e-03	1.553474408984144295e-01	1.427031988337672530e-01	2.000000000000000111e-01	1.199999999999999956e+00	1.838316184129517184e-03
2.350000000000000000e+02	-8.162423087052583055e-04	2.293106475114631559e-01	2.203696717346677048e-01	2.000000000000000111e-01	1.199999999999999956e+00	9.402305240063635328e-03
2.360000000000000000e+02	1.343086314988708356e-03	8.795840308317169620e-02	4.953105502051602382e-01	2.000000000000000111e-01	1.199999999999999956e+00	4.758293440916947295e-03
2.370000000000000000e+02	-9.562738917344509263e-04	2.593453728787868950e-01	-3.948509593682203445e-03	2.000000000000000111e-01	1.199999999999999956e+00	6.582388164982268079e-03
2.380000000000000000e+02	5.937811624758410891e-04	1.122511782143733317e-01	4.647412959401662214e-01	2.000000000000000111e-01	1.199999999999999956e+00	3.900642931425564886e-03
2.390000000000000000e+02	-2.234142569592078849e-04	1.045951831372735480e-01	2.770017254139007790e-01	2.000000000000000111e-01	1.199999999999999956e+00	1.937101691119448021e-01
2.400000000000000000e+02	5.177234084024302449e-03	3.185597616676853761e-02	6.675298828244604632e-01	2.000000000000000111e-01	1.199999999999999956e+00	1.893528865926534868e-02
2.410000000000000000e+02	2.305859665078698224e-03	2.389973053287380023e-01	3.134496673636588682e-02	2.000000000000000111e-01	1.199999999999999956e+00	4.569837992775987491e-03
2.420000000000000000e+02	-4.240993435290262362e-03	3.114795579431852701e-01	-6.464269893337792894e-01	2.000000000000000111e-01	1.199999999999999956e+00	3.712622097277197553e-02
2.430000000000000000e+02	1.143473838491065067e-04	5.247732305599183134e-01	-1.082419977221791285e+00	2.000000000000000111e-01	1.199999999999999956e+00	4.204030603452206701e-03
2.440000000000000000e+02	2.637691719268229779e-03	1.110603218499122136e-01	5.445280279069877327e-01	2.000000000000000111e-01	1.199999999999999956e+00	9.049850388994858802e-03
2.450000000000000000e+02	2.951210627212291120e-04	9.125325855842837675e-02	3.958180927314804975e-01	2.000000000000000111e-01	1.199999999999999956e+00	1.470035551558849032e-02
2.460000000000000000e+02	-3.536574516885453070e-03	2.844791181428386051e-01	-4.529194325993453063e-01	2.000000000000000111e-01	1.199999999999999956e+00	1.906383996345547768e-02
2.470000000000000000e+02	4.750322684077978690e-03	2.560638574399629053e-01	-3.416780725952506259e-02	2.000000000000000111e-01	1.199999999999999956e+00	7.564814792506291928e-03
2.480000000000000000e+02	5.773931615394973203e-03	1.942589367803990996e-01	1.873343339096162907e-01	2.000000000000000111e-01	1.199999999999999956e+00	5.670190070815299237e-03
2.490000000000000000e+02	1.351318208813240794e-03	1.075054380154429751e-01	3.389079421086429456e-01	2.000000000000000111e-01	1.199999999999999956e+00	1.225077670596986124e-03
2.500000000000000000e+02	2.257657942179698996e-03	8.389325957697994773e-02	4.681256513195528601e-01	2.000000000000000111e-01	1.199999999999999956e+00	9.349400521282391283e-03
2.510000000000000000e+02	2.097443403594420521e-03	1.211681572102517868e-01	4.324056194029992639e-01	2.000000000000000111e-01	1.199999999999999956e+00	4.589104891031923691e-03
2.520000000000000000e+02	1.536592337960775287e-03	8.260097356764965759e-02	6.012112890945766619e-01	2.000000000000000111e-01	1.199999999999999956e+00	9.350716558571062903e-03
2.530000000000000000e+02	1.067523127181474680e-03	1.157896628439429171e-01	3.275337298006677500e-01	2.000000000000000111e-01	1.199999999999999956e+00	2.075505580694476070e-03
2.540000000000000000e+02	-1.485348324630613673e-03	1.913154478503030775e-01	-3.458427057753254985e-01	2.000000000000000111e-01	1.199999999999999956e+00	3.216879310946614556e-02
2.550000000000000000e+02	3.435562720521571738e-03	1.062442793615660935e-01	3.979806781431418639e-01	2.000000000000000111e-01	1.199999999999999956e+00	4.030023980079598840e-03
2.560000000000000000e+02	3.296527912201641423e-04	2.623941578557805188e-01	-1.263059204105401179e-01	2.000000000000000111e-01	1.199999999999999956e+00	1.419944465319053712e-03
2.570000000000000000e+02	2.397572206837904601e-03	2.080775633266184199e-01	-4.342256686445455927e-02	2.000000000000000111e-01	1.199999999999999956e+00	3.029002274570464278e-03
2.580000000000000000e+02	9.355638222701451352e-04	5.801351643688523047e-02	5.664127398211995512e-01	2.000000000000000111e-01	1.199999999999999956e+00	3.750683588509911258e-03
2.590000000000000000e+02	2.036770297926638468e-03	6.465913168076191375e-02	6.883277201555439984e-01	2.000000000000000111e-01	1.199999999999999956e+00	3.596833258447901249e-02
2.600000000000000000e+02	7.619702903784323321e-03	1.843946402294435738e-01	2.963305220386125427e-02	2.000000000000000111e-01	1.199999999999999956e+00	4.012141839401480066e-03
2.610000000000000000e+02	-5.602162871742628761e-04	1.857202000414393817e-01	1.430736068798132976e-02	2.000000000000000111e-01	1.199999999999999956e+00	2.903485192343068302e-02
2.620000000000000000e+02	2.550124444840937057e-03	9.762680999362582934e-02	5.478501016922634470e-01	2.000000000000000111e-01	1.199999999999999956e+00	1.192318566579031111e-02
2.630000000000000000e+02	-6.085518627122718169e-03	5.724868354839430795e-01	-7.128685531682759091e-01	2.000000000000000111e-01	1.199999999999999956e+00	7.691137205308342176e-03
2.640000000000000000e+02	2.500717542180836642e-03	1.019229730248574772e-01	5.191095736738393640e-01	2.000000000000000111e-01	1.199999999999999956e+00	8.281865910406952316e-03
2.650000000000000000e+02	1.260783727327361402e-02	2.962883726749384605e-01	-5.121031190639016017e-01	2.000000000000000111e-01	1.199999999999999956e+00	1.452983003806688394e-03
2.660000000000000000e+02	2.597327605804103032e-03	3.208486072027662561e-01	-1.001345961813777663e-01	2.000000000000000111e-01	1.199999999999999956e+00	5.500102128428039673e-03
2.670000000000000000e+02	1.071227039662323455e-03	1.129954137139285025e-01	4.751966297110956639e-01	2.000000000000000111e-01	1.199999999999999956e+00	8.631996649098227711e-03
2.680000000000000000e+02	-2.578904907391612288e-03	3.899390598755733683e-01	-2.765327280191840487e-01	2.000000000000000111e-01	1.199999999999999956e+00	7.340586789224154418e-03
2.690000000000000000e+02	3.159154954809201954e-05	2.011048165356077444e-01	2.407363600769616419e-01	2.000000000000000111e-01	1.199999999999999956e+00	8.603181319467313390e-03
2.700000000000000000e+02	-7.653890845288965775e-04	1.382706309123996335e-01	5.727958563837809436e-02	2.000000000000000111e-01	1.199999999999999956e+00	3.096250480694818230e-01
2.710000000000000000e+02	4.599445342540878223e-03	7.733191760108987234e-02	5.449492598952898614e-01	2.000000000000000111e-01	1.199999999999999956e+00	9.339984626714063418e-03
2.720000000000000000e+02	1.935726203871593679e-03	9.171410659978966595e-02	4.619991554794384836e-01	2.000000000000000111e-01	1.199999999999999956e+00	5.764131492345657762e-03
2.730000000000000000e+02	5.200163989339890228e-03	1.620211396209255139e-01	1.572710312515317455e-01	2.000000000000000111e-01	1.199999999999999956e+00	7.303577157225842921e-03
2.740000000000000000e+02	3.655259628727406621e-03	9.632775267573222278e-02	3.692288002832966320e-01	2.000000000000000111e-01	1.199999999999999956e+00	2.338481805946370732e-03
2.750000000000000000e+02	2.550516520277536833e-03	7.755194355591935040e-02	5.602738867244472232e-01	2.000000000000000111e-01	1.199999999999999956e+00	7.707779758735185463e-03
2.760000000000000000e+02	1.867389347892845939e-03	2.578370802038564835e-01	-9.378757409528093447e-02	2.000000000000000111e-01	1.199999999999999956e+00	4.686979388210975490e-03
2.770000000000000000e+02	1.241381729319854244e-02	1.253918134208849289e-01	2.088730650967902669e-01	2.000000000000000111e-01	1.199999999999999956e+00	3.321153813390359272e-03
2.780000000000000000e+02	3.178729470064394890e-03	2.338973301111497149e-01	-1.099027814801734060e-01	2.000000000000000111e-01	1.199999999999999956e+00	2.705107582270474455e-03
2.790000000000000000e+02	1.206792924976568147e-03	1.895592241067939332e-01	2.029851825471817861e-01	2.000000000000000111e-01	1.199999999999999956e+00	6.493265709163642541e-03
2.800000000000000000e+02	-1.366859623579341700e-04	2.084567003110799899e-01	1.827649994106255171e-01	2.000000000000000111e-01	1.199999999999999956e+00	3.145319839625150549e-02
2.810000000000000000e+02	6.281022746666474130e-03	2.136553089698255137e-01	1.773752488006365979e-01	2.000000000000000111e-01	1.199999999999999956e+00	5.648600811415952806e-03
2.820000000000000000e+02	7.785048808725120867e-03	1.781713457923280175e-01	2.079668648585246693e-01	2.000000000000000111e-01	1.199999999999999956e+00	1.004284854039687140e-02
2.830000000000000000e+02	3.538857764155737672e-03	7.927801691127626948e-02	3.972332186355025385e-01	2.000000000000000111e-01	1.199999999999999956e+00	5.642126803830748404e-03
2.840000000000000000e+02	1.905884319846199229e-02	6.046937719910569498e-02	4.087451991583203048e-01	2.000000000000000111e-01	1.199999999999999956e+00	4.623414993176117038e-03
2.850000000000000000e+02	5.229757151899237788e-03	3.099926569329360809e-02	6.418470563559892650e-01	2.000000000000000111e-01	1.199999999999999956e+00	1.105906215017387305e-02
2.860000000000000000e+02	1.379512401451419797e-04	8.675498638453156552e-02	5.658140889577487620e-01	2.000000000000000111e-01	1.199999999999999956e+00	4.144545589156447933e-03
2.870000000000000000e+02	1.016853602239761040e-02	1.552372212989383549e-01	1.229930750673762230e-01	2.000000000000000111e-01	1.199999999999999956e+00	5.725803999794146573e-03
2.880000000000000000e+02	1.715086299125055452e-03	2.059953882730011440e-02	7.210109557203147057e-01	2.000000000000000111e-01	1.199999999999999956e+00	8.857933831285583898e-03
2.890000000000000000e+02	2.114934433650462933e-03	2.469454571535747642e-02	7.257860832164222398e-01	2.000000000000000111e-01	1.199999999999999956e+00	7.338989826064600160e-03
2.900000000000000000e+02	1.733900751417955010e-03	9.942451296510332326e-02	4.986073838649471845e-01	2.000000000000000111e-01	1.199999999999999956e+00	4.792351489886759013e-03
2.910000000000000000e+02	1.399689837065912429e-03	1.684656226568624626e-01	1.226865971054840188e-01	2.000000000000000111e-01	1.199999999999999956e+00	1.414205439753865243e-02
2.920000000000000000e+02	4.790354527697036381e-03	2.043624663190423130e-01	-1.776184325080549797e-01	2.000000000000000111e-01	1.199999999999999956e+00	1.313203870681164433e-02
2.930000000000000000e+02	1.412097105364792157e-03	9.612702666355678327e-02	4.673028789841704445e-01	2.000000000000000111e-01	1.199999999999999956e+00	5.573031066315374191e-03
2.940000000000000000e+02	1.261316478428505970e-03	1.294919655206145936e-01	4.017015517072239916e-01	2.000000000000000111e-01	1.199999999999999956e+00	4.689622991639744339e-03
2.950000000000000000e+02	5.604420106720541406e-04	1.839815910307772417e-01	2.875969806820655172e-01	2.000000000000000111e-01	1.199999999999999956e+00	8.936754620630146112e-03
2.960000000000000000e+02	8.927394952962833599e-03	1.521136836104957368e-01	1.890188243588639683e-01	2.000000000000000111e-01	1.199999999999999956e+00	5.627315947499727036e-03
2.970000000000000000e+02	1.157944122964119950e-03	4.607141344952506157e-02	6.062199475180110042e-01	2.000000000000000111e-01	1.199999999999999956e+00	4.941895125698109008e-03
2.980000000000000000e+02	1.446867020367130193e-03	1.228148058965979478e-01	3.590452174644149785e-01	2.000000000000000111e-01	1.199999999999999956e+00	4.983341679789905429e-03
2.990000000000000000e+02	2.125343876636178603e-03	2.744629266376469867e-01	-9.895482088473928073e-02	2.000000000000000111e-01	1.199999999999999956e+00	4.745328454711664201e-03
3.000000000000000000e+02	-4.582556996283070581e-03	3.238910104282223812e-01	-5.743310114830055824e-01	2.000000000000000111e-01	1.199999999999999956e+00	4.372338045009367680e-02
3.010000000000000000e+02	1.482571980358894821e-02	-3.619293805075856491e-02	8.293501770813569429e-01	2.000000000000000111e-01	1.199999999999999956e+00	3.685022470200873673e-02
3.020000000000000000e+02	5.408306507391828083e-03	2.266485029812985164e-01	6.544609850771143655e-02	2.000000000000000111e-01	1.199999999999999956e+00	6.570491501175224069e-03
3.030000000000000000e+02	3.266995931225039323e-03	1.733068365873926750e-02	6.898840232247734905e-01	2.000000000000000111e-01	1.199999999999999956e+00	4.714920406130365498e-03
3.040000000000000000e+02	2.027151363514730076e-03	1.309273804782041251e-01	2.327864826589984837e-01	2.000000000000000111e-01	1.199999999999999956e+00	2.675785541250924691e-03
3.050000000000000000e+02	1.378259665756391156e-03	4.362671020946019135e-02	5.869882238702002208e-01	2.000000000000000111e-01	1.199999999999999956e+00	5.024406028925022458e-03
3.060000000000000000e+02	4.217659236963014653e-03	8.459672772683576869e-02	4.042281794645430359e-01	2.000000000000000111e-01	1.199999999999999956e+00	1.944389338457683247e-02
3.070000000000000000e+02	-2.184628922938506527e-03	2.102889179669278352e-01	-2.081074546710137696e-01	2.000000000000000111e-01	1.199999999999999956e+00	3.846126595445013147e-02
3.080000000000000000e+02	5.095022574105581049e-03	3.784366265262437828e-02	6.500214970431437145e-01	2.000000000000000111e-01	1.199999999999999956e+00	6.813097680741346703e-03
3.090000000000000000e+02	9.918383182030428291e-03	9.160499951051875867e-02	3.472220437631299284e-01	2.000000000000000111e-01	1.199999999999999956e+00	1.543270969007353062e-02
3.100000000000000000e+02	9.934644566436456187e-03	5.361501397967818328e-01	-5.772950539389931635e-01	2.000000000000000111e-01	1.199999999999999956e+00	5.512176278039669121e-03
3.110000000000000000e+02	3.812377088233630511e-03	1.030808070028971513e-01	4.898255691839612513e-01	2.000000000000000111e-01	1.199999999999999956e+00	1.391198253595845973e-02
3.120000000000000000e+02	-5.229222803145536572e-03	3.592332022727659502e-01	-1.006328034664015547e+00	2.000000000000000111e-01	1.199999999999999956e+00	3.449573490981711760e-02
3.130000000000000000e+02	-7.456843212884422872e-04	1.982016622443756593e-01	2.826329284961968114e-01	2.000000000000000111e-01	1.199999999999999956e+00	4.780480975385200705e-03
3.140000000000000000e+02	5.831359931124930132e-03	1.083186734916113253e-01	3.656428284591703992e-01	2.000000000000000111e-01	1.199999999999999956e+00	4.058639234970433905e-03
3.150000000000000000e+02	2.117188426150049159e-03	1.581529622616321129e-01	2.771629442799126153e-01	2.000000000000000111e-01	1.199999999999999956e+00	3.194099583549145360e-03
3.160000000000000000e+02	1.591278069055951719e-03	1.949383759314739784e-01	6.313110530250609642e-02	2.000000000000000111e-01	1.199999999999999956e+00	2.249734243607267366e-03
3.170000000000000000e+02	6.549751898371956177e-03	8.515878196342457906e-02	4.905268493686767428e-01	2.000000000000000111e-01	1.199999999999999956e+00	5.878147828589731783e-03
3.180000000000000000e+02	-3.592778249576159683e-05	1.433695016072746020e-01	4.459608174460485408e-01	2.000000000000000111e-01	1.199999999999999956e+00	9.877918626300346075e-03
3.190000000000000000e+02	4.687199460230779234e-03	1.697623539765032163e-01	2.277355369567706234e-01	2.000000000000000111e-01	1.199999999999999956e+00	3.932601844276099531e-03
3.200000000000000000e+02	9.126008384524450165e-04	5.637752412632581617e-02	7.315529412887040728e-01	2.000000000000000111e-01	1.199999999999999956e+00	4.816709511489210976e-02
3.210000000000000000e+02	5.190055360981663674e-03	9.388409631314853510e-02	3.710925396160325018e-01	2.000000000000000111e-01	1.199999999999999956e+00	1.050996493903178300e-02
3.220000000000000000e+02	2.000121205823885383e-03	1.985663485042125920e-01	-5.644479722211537265e-02	2.000000000000000111e-01	1.199999999999999956e+00	2.854470616041600121e-03
3.230000000000000000e+02	3.631746317025968777e-03	7.227578927522511354e-02	5.791992853370269145e-01	2.000000000000000111e-01	1.199999999999999956e+00	7.299473633837162342e-03
3.240000000000000000e+02	3.018003246386982870e-03	3.357282966527663781e-01	-2.522646189846429188e-01	2.000000000000000111e-01	1.199999999999999956e+00	5.495355216975826573e-03
3.250000000000000000e+02	2.436342448587704856e-05	1.559848525339070091e-01	3.702938822103338801e-01	2.000000000000000111e-01	1.199999999999999956e+00	8.894570472330377148e-03
3.260000000000000000e+02	-1.632494208691444293e-02	6.604932555175934139e-01	-1.407561458871736448e+00	2.000000000000000111e-01	1.199999999999999956e+00	2.724035353837945400e-02
3.270000000000000000e+02	5.538018044501527050e-03	1.252964408503633720e-01	4.829151272245362225e-01	2.000000000000000111e-01	1.199999999999999956e+00	1.507648904261540100e-02
3.280000000000000000e+02	1.423005300228349316e-03	8.401479619356422290e-02	4.918937285067053189e-01	2.000000000000000111e-01	1.199999999999999956e+00	5.894026084201343073e-03
3.290000000000000000e+02	-1.005094509858106035e-02	5.005721011410837473e-01	-1.106990538368044952e+00	2.000000000000000111e-01	1.199999999999999956e+00	2.684509432752463232e-02
3.300000000000000000e+02	5.563384335432134536e-03	6.174058541710158304e-02	5.583551942478788277e-01	2.000000000000000111e-01	1.199999999999999956e+00	1.087898754898472022e-02
3.310000000000000000e+02	-1.446375600466627567e-05	3.125116747552517116e-01	-2.040216728775643418e-01	2.000000000000000111e-01	1.199999999999999956e+00	5.956183560182440676e-03
3.320000000000000000e+02	-3.940498205879110379e-03	3.226577331537451854e-01	1.440962510311196709e-01	2.000000000000000111e-01	1.199999999999999956e+00	1.269323818793660283e-02
3.330000000000000000e+02	1.674506485745450403e-04	1.390080901567724847e-01	4.628385189274366596e-01	2.000000000000000111e-01	1.199999999999999956e+00	3.739976060078169327e-03
3.340000000000000000e+02	1.789296637685639218e-03	1.421358741163761541e-01	3.571163450883920731e-01	2.000000000000000111e-01	1.199999999999999956e+00	4.042325789952724152e-03
3.350000000000000000e+02	5.328826918830774535e-03	1.821632431498175775e-01	-5.134128420834649376e-02	2.000000000000000111e-01	1.199999999999999956e+00	4.223906467136797488e-03
3.360000000000000000e+02	1.366785175777460865e-03	1.367219756355733395e-01	2.544651971936700008e-01	2.000000000000000111e-01	1.199999999999999956e+00	1.824106786493256407e-03
3.370000000000000000e+02	3.012682318200895354e-03	1.225460424498436007e-01	4.612300999951903790e-01	2.000000000000000111e-01	1.199999999999999956e+00	9.073364777918301385e-03
3.380000000000000000e+02	3.611274257607306401e-03	1.750822355706487254e-01	-1.239427310409308980e-01	2.000000000000000111e-01	1.199999999999999956e+00	5.872639713774290351e-03
3.390000000000000000e+02	4.103948997414051149e-03	1.322601597293218134e-01	2.433580377544251050e-01	2.000000000000000111e-01	1.199999999999999956e+00	5.501837542716834888e-03
3.400000000000000000e+02	7.342507727583519762e-04	2.876067070292907535e-01	-1.619831281669781298e-01	2.000000000000000111e-01	1.199999999999999956e+00	4.036071590362446879e-03
3.410000000000000000e+02	4.865449043421823418e-03	1.645253927031179175e-01	2.789723668772916554e-01	2.000000000000000111e-01	1.199999999999999956e+00	1.015205321128224980e-02
3.420000000000000000e+02	1.136905412544185999e-03	1.073928561298244100e-01	4.709797905555568320e-01	2.000000000000000111e-01	1.199999999999999956e+00	4.977853355071866839e-03
3.430000000000000000e+02	1.979422949372693519e-03	1.547720546954559351e-01	1.663218247382194370e-01	2.000000000000000111e-01	1.199999999999999956e+00	2.197908706463755704e-03
3.440000000000000000e+02	-4.875115688786846313e-03	4.443374857750307938e-01	-3.992577560114574098e-01	2.000000000000000111e-01	1.199999999999999956e+00	6.664403364583314227e-03
3.450000000000000000e+02	4.028871680939064524e-03	5.017356363566653765e-02	5.961960657481814030e-01	2.000000000000000111e-01	1.199999999999999956e+00	1.231150381076284717e-02
3.460000000000000000e+02	7.706189481937857902e-04	5.460802159311894249e-02	5.199676738382581487e-01	2.000000000000000111e-01	1.199999999999999956e+00	3.228142977255906657e-03
3.470000000000000000e+02	8.561229277688387103e-04	6.882769333481349172e-02	5.982095987926436820e-01	2.000000000000000111e-01	1.199999999999999956e+00	5.404734447814531564e-03
3.480000000000000000e+02	3.958047719117038614e-03	7.312322091100122157e-02	5.827185797831608838e-01	2.000000000000000111e-01	1.199999999999999956e+00	1.539776753810844466e-02
3.490000000000000000e+02	-1.839561768537295084e-04	2.369182361597474418e-01	2.283092606144627723e-01	2.000000000000000111e-01	1.199999999999999956e+00	1.292039955209618729e-02
3.500000000000000000e+02	1.279912787834032624e-03	1.848845171512050467e-01	1.949341681782263969e-01	2.000000000000000111e-01	1.199999999999999956e+00	3.994519434679504391e-03
3.510000000000000000e+02	1.927243220515701110e-03	1.008063605792398204e-02	7.946901232893772704e-01	2.000000000000000111e-01	1.199999999999999956e+00	9.865698896584821145e-03
3.520000000000000000e+02	8.437885320421074388e-05	1.598201979522283767e-01	4.478515057837215707e-01	2.000000000000000111e-01	1.199999999999999956e+00	7.837085921116196049e-03
3.530000000000000000e+02	-3.158871600048534893e-04	9.071651724736114197e-02	4.282225344386985100e-01	2.000000000000000111e-01	1.199999999999999956e+00	2.056064220960471256e-02
3.540000000000000000e+02	3.054093946246575798e-03	4.341929397765322690e-02	7.366914080738193871e-01	2.000000000000000111e-01	1.199999999999999956e+00	1.802576130625089396e-02
3.550000000000000000e+02	-1.069178372297399779e-03	1.719910123995771756e-01	-7.734827735687321848e-02	2.000000000000000111e-01	1.199999999999999956e+00	7.257719708862608865e-02
3.560000000000000000e+02	3.054728706683608810e-03	2.371702194197059799e-01	1.126171039026693244e-01	2.000000000000000111e-01	1.199999999999999956e+00	5.848650072679091420e-03
3.570000000000000000e+02	6.672756971501983200e-03	1.944829729368817151e-01	7.046146041010059591e-02	2.000000000000000111e-01	1.199999999999999956e+00	4.206219900644900429e-03
3.580000000000000000e+02	-4.063659908511170872e-04	8.934310016270856358e-02	2.671367814560925424e-01	2.000000000000000111e-01	1.199999999999999956e+00	2.787081208058662593e-02
3.590000000000000000e+02	-4.539210748928408125e-03	3.326848263559762930e-01	-7.184413519728636288e-01	2.000000000000000111e-01	1.199999999999999956e+00	7.706342200663154896e-02
3.600000000000000000e+02	2.552486810218823534e-03	1.563992766578090055e-01	1.154802375144923232e-01	2.000000000000000111e-01	1.199999999999999956e+00	2.791558945755125663e-03
3.610000000000000000e+02	4.012664399142153019e-04	2.658514051703617653e-01	-6.098384812208346162e-02	2.000000000000000111e-01	1.199999999999999956e+00	6.093235698626975512e-03
3.620000000000000000e+02	3.144171009077244457e-03	1.313105110488587413e-01	3.305546145144737658e-01	2.000000000000000111e-01	1.199999999999999956e+00	3.979079909912253132e-03
3.630000000000000000e+02	1.586867395667064919e-03	1.434901726051202031e-01	3.365621896478714348e-01	2.000000000000000111e-01	1.199999999999999956e+00	6.964067350583137174e-03
3.640000000000000000e+02	2.875638562197370494e-03	2.062589960449744408e-01	1.233561457957939034e-01	2.000000000000000111e-01	1.199999999999999956e+00	3.935863279543023660e-03
3.650000000000000000e+02	2.524354341667753906e-03	1.299027002241530115e-01	2.141787843096811805e-01	2.000000000000000111e-01	1.199999999999999956e+00	4.334534077917314224e-03
3.660000000000000000e+02	8.860334446087976545e-03	1.674681226868308392e-01	2.650710853853424087e-01	2.000000000000000111e-01	1.199999999999999956e+00	1.048587937556367741e-02
3.670000000000000000e+02	4.208343868555958732e-03	2.444655630673179814e-01	-1.901512333437249680e-02	2.000000000000000111e-01	1.199999999999999956e+00	2.583721563395689671e-03
3.680000000000000000e+02	2.707418357619235244e-02	2.100483258300712142e-01	-1.205111524004263135e-01	2.000000000000000111e-01	1.199999999999999956e+00	1.184296484605677421e-02
3.690000000000000000e+02	2.383145203677055832e-03	1.899302849090918899e-01	-6.257525176453926363e-02	2.000000000000000111e-01	1.199999999999999956e+00	1.105911829978203920e-02
3.700000000000000000e+02	5.744290496452916957e-03	4.396130467076536652e-02	6.732066194640305978e-01	2.000000000000000111e-01	1.199999999999999956e+00	1.018919407587655195e-02
3.710000000000000000e+02	5.354574176823743981e-04	1.379470561985134403e-01	4.864385572132978730e-01	2.000000000000000111e-01	1.199999999999999956e+00	8.118218569264876519e-03
3.720000000000000000e+02	8.623049796028446319e-04	2.251394897908583215e-01	2.134139175134164290e-02	2.000000000000000111e-01	1.199999999999999956e+00	4.433585110875590263e-03
3.730000000000000000e+02	4.067493503678088103e-03	1.973820769891359295e-01	1.350522967786882411e-01	2.000000000000000111e-01	1.199999999999999956e+00	8.530799233517429719e-03
3.740000000000000000e+02	6.162921019776570596e-04	2.435695830859363198e-01	5.622426381478717872e-02	2.000000000000000111e-01	1.199999999999999956e+00	5.349202045992848369e-03
3.750000000000000000e+02	1.224005848612149316e-03	8.385007227930674212e-02	4.946846471204913165e-01	2.000000000000000111e-01	1.199999999999999956e+00	5.186659018325412950e-03
3.760000000000000000e+02	1.030994911571181741e-03	1.400462200752513597e-01	4.403664449282476134e-01	2.000000000000000111e-01	1.199999999999999956e+00	5.198863420103491673e-03
3.770000000000000000e+02	2.412932599389918623e-04	2.041862929072384980e-01	2.152583925387396846e-01	2.000000000000000111e-01	1.199999999999999956e+00	5.184094311641356152e-03
3.780000000000000000e+02	2.213973267629302990e-03	1.024987795784826072e-01	4.936214788446313673e-01	2.000000000000000111e-01	1.199999999999999956e+00	6.589906592189700464e-03
3.790000000000000000e+02	8.189394813536166886e-05	1.319513981462432650e-01	2.834894375490364382e-01	2.000000000000000111e-01	1.199999999999999956e+00	3.846146481203301538e-03
3.800000000000000000e+02	3.522958118853829527e-04	1.101121425608687643e-01	4.288922378105599620e-01	2.000000000000000111e-01	1.199999999999999956e+00	1.194615795278081670e-02
3.810000000000000000e+02	2.845635497958969636e-03	5.182385407046714854e-02	6.481956052180980477e-01	2.000000000000000111e-01	1.199999999999999956e+00	8.891905058524281202e-03
3.820000000000000000e+02	9.833313987912693701e-04	1.327729806597393869e-01	3.613486232861995440e-01	2.000000000000000111e-01	1.199999999999999956e+00	2.079244987484734665e-03
3.830000000000000000e+02	3.285535375240043049e-03	6.745203375565698989e-02	4.995539153860919512e-01	2.000000000000000111e-01	1.199999999999999956e+00	1.084889011683265632e-02
