0.000000000000000000e+00	4.051077370183799563e-03	2.647200051383873931e-01	-3.771675466365165263e-02	2.000000000000000111e-01	1.199999999999999956e+00	3.852126779829357760e-03
1.000000000000000000e+00	1.291998514708120782e-04	3.187999437891850252e-01	-7.385848605628986263e-02	2.000000000000000111e-01	1.199999999999999956e+00	4.632537274846734721e-03
2.000000000000000000e+00	-7.862443934016218744e-03	7.195632009410558583e-01	-1.095802769328981796e+00	2.000000000000000111e-01	1.199999999999999956e+00	5.656488609152633164e-03
3.000000000000000000e+00	3.514409619911919021e-04	1.477448952420868100e-01	4.090321977943394138e-01	2.000000000000000111e-01	1.199999999999999956e+00	5.590991590766434052e-03
4.000000000000000000e+00	1.981455321217049509e-03	2.307531731008504172e-01	-1.520481629515746391e-02	2.000000000000000111e-01	1.199999999999999956e+00	5.072450281754112278e-03
5.000000000000000000e+00	-6.322960531896207499e-03	5.177483218188316805e-01	-7.801096475717965717e-01	2.000000000000000111e-01	1.199999999999999956e+00	6.511492653818654400e-03
6.000000000000000000e+00	2.112317781584182198e-03	1.090850553908000314e-01	4.401114425842538314e-01	2.000000000000000111e-01	1.199999999999999956e+00	5.638495155568633808e-03
7.000000000000000000e+00	-1.258102669412615709e-03	3.670600574466432731e-01	-1.267924295551168257e-01	2.000000000000000111e-01	1.199999999999999956e+00	6.156824074842946921e-03
8.000000000000000000e+00	2.696151285074085361e-03	1.198054329405174451e-01	3.774341363729463161e-01	2.000000000000000111e-01	1.199999999999999956e+00	4.635537921802553030e-03
9.000000000000000000e+00	-3.914329367992125733e-03	4.181468237004711819e-01	-4.295151399809729043e-01	2.000000000000000111e-01	1.199999999999999956e+00	4.032563672806836579e-03
1.000000000000000000e+01	4.502113154496153145e-03	1.154214301602379117e-01	4.432041315193775421e-01	2.000000000000000111e-01	1.199999999999999956e+00	7.974469126196818275e-03
1.100000000000000000e+01	1.750787971170291064e-03	1.650819281884301215e-01	2.215260862259058605e-01	2.000000000000000111e-01	1.199999999999999956e+00	4.101979454631156895e-03
1.200000000000000000e+01	2.081018434640305968e-03	1.631864070282268708e-01	3.523780521835795376e-01	2.000000000000000111e-01	1.199999999999999956e+00	8.631056442974210929e-03
1.300000000000000000e+01	2.468505847108700638e-03	1.581789632964459846e-01	1.839704057937630033e-01	2.000000000000000111e-01	1.199999999999999956e+00	4.309146351939971767e-03
1.400000000000000000e+01	1.935259223228784570e-03	1.140372083742794834e-01	4.519268629582966490e-01	2.000000000000000111e-01	1.199999999999999956e+00	6.964788417838427455e-03
1.500000000000000000e+01	6.456163994417510148e-03	1.614814478333911063e-01	2.705395376860040280e-01	2.000000000000000111e-01	1.199999999999999956e+00	3.495194803978633746e-03
1.600000000000000000e+01	1.721518975852313242e-03	3.985971785749417573e-01	-4.499684884306427435e-01	2.000000000000000111e-01	1.199999999999999956e+00	4.169214093853317558e-03
1.700000000000000000e+01	2.950696693716751626e-03	1.406846609364029443e-01	2.678441672399713980e-01	2.000000000000000111e-01	1.199999999999999956e+00	7.782443142829117456e-03
1.800000000000000000e+01	-5.532335434719574127e-04	2.203568232193796606e-01	2.360734002633160244e-01	2.000000000000000111e-01	1.199999999999999956e+00	2.692784565486756963e-03
1.900000000000000000e+01	2.457067276875544472e-03	1.209761179014191418e-01	4.005618435427682478e-01	2.000000000000000111e-01	1.199999999999999956e+00	5.342790891266179822e-03
2.000000000000000000e+01	1.590805409922831396e-03	2.677423145054825260e-01	7.433714485340470191e-02	2.000000000000000111e-01	1.199999999999999956e+00	7.200441816177847662e-03
2.100000000000000000e+01	2.102486363545656885e-03	7.676845214084129787e-02	4.453308599633858389e-01	2.000000000000000111e-01	1.199999999999999956e+00	3.870338331411949610e-03
2.200000000000000000e+01	-2.182766580186151772e-04	2.223875234441856918e-01	1.363480365485552070e-01	2.000000000000000111e-01	1.199999999999999956e+00	2.169094085257538326e-03
2.300000000000000000e+01	2.075838866582453788e-03	2.389177754761030448e-01	-1.381304104055596227e-01	2.000000000000000111e-01	1.199999999999999956e+00	2.606591321403641665e-03
2.400000000000000000e+01	3.997629631499377036e-03	1.963967737999317842e-01	8.680068747002334106e-03	2.000000000000000111e-01	1.199999999999999956e+00	6.740090922605755479e-03
2.500000000000000000e+01	7.292007128085256466e-03	2.552457388426058738e-01	-2.688771571169854546e-01	2.000000000000000111e-01	1.199999999999999956e+00	4.178080946560491261e-03
2.600000000000000000e+01	-2.638234188577861269e-04	8.319817545647265056e-02	3.878095242997576797e-01	2.000000000000000111e-01	1.199999999999999956e+00	4.557696571455167184e-02
2.700000000000000000e+01	2.088839193956299259e-03	1.992184755524468998e-01	8.967817824331980603e-03	2.000000000000000111e-01	1.199999999999999956e+00	2.031598496616526892e-03
2.800000000000000000e+01	1.618420362765938571e-03	1.011717218656231765e-01	4.573657664340937679e-01	2.000000000000000111e-01	1.199999999999999956e+00	4.652311637953687393e-03
2.900000000000000000e+01	2.005210652977955019e-03	1.030042164997602566e-01	4.280698342739110984e-01	2.000000000000000111e-01	1.199999999999999956e+00	8.674037074971781280e-03
3.000000000000000000e+01	-1.695380270485957871e-03	3.001582921567819695e-01	-7.897362257355400317e-02	2.000000000000000111e-01	1.199999999999999956e+00	5.596085418805145720e-03
3.100000000000000000e+01	2.335269528926167248e-03	8.143608234152024949e-02	5.264672720051166710e-01	2.000000000000000111e-01	1.199999999999999956e+00	1.585615131548837736e-02
3.200000000000000000e+01	2.981466004480669632e-03	1.452693391530613665e-01	2.059944351507678739e-01	2.000000000000000111e-01	1.199999999999999956e+00	2.189652924776826128e-03
3.300000000000000000e+01	6.715694474565999912e-04	4.202366921361586627e-01	-1.464795207500473317e-01	2.000000000000000111e-01	1.199999999999999956e+00	7.003951641492102941e-03
3.400000000000000000e+01	2.035243897024478516e-03	1.568898427376313742e-01	3.358184264589354484e-01	2.000000000000000111e-01	1.199999999999999956e+00	7.255404494009534688e-03
3.500000000000000000e+01	-9.063324074077363807e-04	3.886481768773650258e-01	-4.919954210917101278e-01	2.000000000000000111e-01	1.199999999999999956e+00	7.932013217131595600e-03
3.600000000000000000e+01	1.179175968462310101e-03	2.138870948714441944e-01	3.037418307642689719e-01	2.000000000000000111e-01	1.199999999999999956e+00	8.832504346663574285e-03
3.700000000000000000e+01	2.704895178005665892e-03	3.208397382857876567e-01	-3.868806037025906974e-01	2.000000000000000111e-01	1.199999999999999956e+00	5.803536841768479337e-03
3.800000000000000000e+01	1.920593578608862598e-03	8.555921427642816657e-02	4.989805814907513071e-01	2.000000000000000111e-01	1.199999999999999956e+00	6.380955493361651666e-03
3.900000000000000000e+01	-4.703789100509367209e-03	3.833816978250737528e-01	-2.194702374792916189e-01	2.000000000000000111e-01	1.199999999999999956e+00	8.648215244575485627e-03
4.000000000000000000e+01	2.166845617184081762e-03	1.669358804853025291e-01	2.841981557999839758e-01	2.000000000000000111e-01	1.199999999999999956e+00	5.571200936756818059e-03
4.100000000000000000e+01	2.881737104454657698e-03	9.647791189315133020e-02	4.556400888550569128e-01	2.000000000000000111e-01	1.199999999999999956e+00	5.141193340425848600e-03
4.200000000000000000e+01	4.135293806078697669e-03	2.391306415267916152e-01	6.048372466504581269e-03	2.000000000000000111e-01	1.199999999999999956e+00	8.627967653899872025e-03
4.300000000000000000e+01	-1.257624029203794659e-02	5.598624446205487937e-01	-1.426854196053903401e+00	2.000000000000000111e-01	1.199999999999999956e+00	1.127427406666205306e-01
4.400000000000000000e+01	-4.724906290986713745e-04	2.299946593060085975e-01	1.522001966619175306e-01	2.000000000000000111e-01	1.199999999999999956e+00	7.793078160776658637e-03
4.500000000000000000e+01	1.023626580318562438e-03	3.181755089237126022e-01	-1.665025491448921535e-01	2.000000000000000111e-01	1.199999999999999956e+00	4.679156654843022976e-03
4.600000000000000000e+01	-1.896564029898969474e-04	1.532740139440346705e-01	3.195354206088478755e-01	2.000000000000000111e-01	1.199999999999999956e+00	6.933143379372857032e-03
4.700000000000000000e+01	1.426094980248491248e-03	2.244875830827993968e-01	2.584291327422949536e-02	2.000000000000000111e-01	1.199999999999999956e+00	6.092513705355467532e-03
4.800000000000000000e+01	-2.177994082604785796e-03	4.467018615757330502e-01	-3.025923105771353150e-01	2.000000000000000111e-01	1.199999999999999956e+00	5.464403186518176393e-03
4.900000000000000000e+01	8.965127993894828019e-04	2.021570451004520708e-01	3.231027656988749719e-01	2.000000000000000111e-01	1.199999999999999956e+00	1.015892345513080310e-02
5.000000000000000000e+01	-1.216767126671029244e-03	2.850721336932128813e-01	-1.587578111862741892e-01	2.000000000000000111e-01	1.199999999999999956e+00	3.962742676162899977e-03
5.100000000000000000e+01	-2.746418072973952872e-03	4.236732611800665960e-01	-3.753716743337012218e-01	2.000000000000000111e-01	1.199999999999999956e+00	5.040290143549013176e-03
5.200000000000000000e+01	4.688810841512430338e-04	1.372852723847605705e-01	2.758189261601238229e-01	2.000000000000000111e-01	1.199999999999999956e+00	2.020607101976614004e-03
5.300000000000000000e+01	-1.003232985972863332e-02	6.270127936690992332e-01	-8.671843310584295139e-01	2.000000000000000111e-01	1.199999999999999956e+00	7.457133417952793372e-03
5.400000000000000000e+01	9.888812041701037017e-03	4.165376131265234316e-01	-1.092598719186406608e+00	2.000000000000000111e-01	1.199999999999999956e+00	4.856344039153519254e-03
5.500000000000000000e+01	-6.551939828153898219e-04	1.996180599917098675e-01	2.546551497436873035e-01	2.000000000000000111e-01	1.199999999999999956e+00	9.327753115740151230e-03
5.600000000000000000e+01	3.904544924820421253e-05	1.356691895019750405e-01	4.297034694125856369e-01	2.000000000000000111e-01	1.199999999999999956e+00	5.206867102763285300e-03
5.700000000000000000e+01	9.688350002544978421e-04	1.124867244432631724e-01	3.105869263161822325e-01	2.000000000000000111e-01	1.199999999999999956e+00	3.099390726540318403e-03
5.800000000000000000e+01	2.953447311836641248e-03	3.924836134669245635e-01	-1.306568321180008319e-01	2.000000000000000111e-01	1.199999999999999956e+00	6.780887862278668805e-03
5.900000000000000000e+01	1.655613806088304402e-03	1.301839791547627911e-01	3.910467859250550404e-01	2.000000000000000111e-01	1.199999999999999956e+00	7.229324924772027698e-03
6.000000000000000000e+01	-2.516965104469773892e-03	4.330685202459050864e-01	-3.268893475304475160e-01	2.000000000000000111e-01	1.199999999999999956e+00	4.174158812766851946e-03
6.100000000000000000e+01	-7.340589343856108746e-04	2.084002370398635173e-01	1.185044777689849838e-01	2.000000000000000111e-01	1.199999999999999956e+00	8.807771816940488177e-03
6.200000000000000000e+01	-3.433232940408179317e-04	2.788558845031642863e-01	2.548312175115086120e-02	2.000000000000000111e-01	1.199999999999999956e+00	6.919139680166629114e-03
6.300000000000000000e+01	-2.805785601264410099e-03	3.803514988771942162e-01	-3.874207035555299328e-01	2.000000000000000111e-01	1.199999999999999956e+00	3.646835669484970680e-03
6.400000000000000000e+01	7.393641202257293871e-04	1.655989977131339663e-01	4.140853956933172597e-01	2.000000000000000111e-01	1.199999999999999956e+00	1.030874602711394708e-02
6.500000000000000000e+01	-3.617354750231444277e-04	2.580919790822138182e-01	-2.893039107758594852e-01	2.000000000000000111e-01	1.199999999999999956e+00	2.012703226332281711e-03
6.600000000000000000e+01	1.414831845761667806e-03	3.694397061569400509e-01	-2.840346609105233178e-01	2.000000000000000111e-01	1.199999999999999956e+00	5.619739072845608349e-03
6.700000000000000000e+01	1.145801297609852021e-03	1.917821137259234088e-01	1.953991541788631103e-01	2.000000000000000111e-01	1.199999999999999956e+00	4.706031553461283157e-03
6.800000000000000000e+01	-3.418830268252533015e-04	3.271867438331323430e-01	-2.033746160201670428e-01	2.000000000000000111e-01	1.199999999999999956e+00	5.970798987167518987e-03
6.900000000000000000e+01	8.225043837112043553e-04	1.019150015134860227e-01	4.672498642408569047e-01	2.000000000000000111e-01	1.199999999999999956e+00	5.765791470810202601e-03
7.000000000000000000e+01	2.591041036652115027e-03	1.352040052588824870e-01	3.520527992561039987e-01	2.000000000000000111e-01	1.199999999999999956e+00	1.174554001801525645e-02
7.100000000000000000e+01	-1.041849782561745513e-02	8.876682614500435164e-01	-1.303534161948206815e+00	2.000000000000000111e-01	1.199999999999999956e+00	4.244924393168943329e-03
7.200000000000000000e+01	4.775017128136407191e-03	1.928466468451100757e-01	1.972085283331912464e-01	2.000000000000000111e-01	1.199999999999999956e+00	4.271675118659773798e-03
7.300000000000000000e+01	1.853394854346019456e-03	1.230465746531679838e-01	4.139291588991516058e-01	2.000000000000000111e-01	1.199999999999999956e+00	4.857869244877743853e-03
7.400000000000000000e+01	5.108654464100020366e-03	1.906164574686869395e-01	-4.403679861952491947e-02	2.000000000000000111e-01	1.199999999999999956e+00	3.181262284019703394e-03
7.500000000000000000e+01	-1.091054780786802122e-03	3.387984850010295479e-01	-2.267097607178376606e-01	2.000000000000000111e-01	1.199999999999999956e+00	5.789572298462365707e-03
7.600000000000000000e+01	2.217269582706556195e-03	1.560675658604177563e-01	3.289567283043668411e-01	2.000000000000000111e-01	1.199999999999999956e+00	1.535635835186296115e-02
7.700000000000000000e+01	1.192392058128689380e-03	2.038916290495219330e-01	2.583165545920964590e-01	2.000000000000000111e-01	1.199999999999999956e+00	1.246857014250246296e-02
7.800000000000000000e+01	-4.068964685207543050e-03	3.149980104604803710e-01	9.841533282490377843e-02	2.000000000000000111e-01	1.199999999999999956e+00	1.067006148751211032e-02
7.900000000000000000e+01	1.109974947039159423e-04	2.572490207968108900e-01	1.155639159411907535e-01	2.000000000000000111e-01	1.199999999999999956e+00	5.574323551259869301e-03
8.000000000000000000e+01	8.598250021209728191e-04	1.764985074874249327e-01	1.319477339655228398e-01	2.000000000000000111e-01	1.199999999999999956e+00	2.345567834996614177e-03
8.100000000000000000e+01	-3.735396156678901392e-03	3.615457709097773531e-01	-2.933795255887199360e-01	2.000000000000000111e-01	1.199999999999999956e+00	7.237863821688008195e-03
8.200000000000000000e+01	1.825347576261019105e-03	1.774380553188187604e-01	1.998432763926389910e-01	2.000000000000000111e-01	1.199999999999999956e+00	4.814055194269236358e-03
8.300000000000000000e+01	1.167611710115191472e-02	2.679074579163632785e-01	-3.856164595368190007e-01	2.000000000000000111e-01	1.199999999999999956e+00	5.770278206220264168e-03
8.400000000000000000e+01	5.125422871588464517e-04	2.030461839225261855e-01	4.744620582749612403e-01	2.000000000000000111e-01	1.199999999999999956e+00	1.121870798683496061e-02
8.500000000000000000e+01	-1.301946892456118561e-03	2.892330756364762112e-01	-1.050190798933483549e-01	2.000000000000000111e-01	1.199999999999999956e+00	6.090933034455923122e-03
8.600000000000000000e+01	-1.175662614493006887e-02	6.782554487073949590e-01	-1.829816439005240269e+00	2.000000000000000111e-01	1.199999999999999956e+00	4.251448841977189044e-03
8.700000000000000000e+01	1.734109073800505375e-03	8.913804356653422245e-02	4.548565935163624285e-01	2.000000000000000111e-01	1.199999999999999956e+00	3.464282883458705883e-03
8.800000000000000000e+01	-7.142043632526937612e-05	2.776498165744563096e-01	-1.380142464043103701e-01	2.000000000000000111e-01	1.199999999999999956e+00	4.801193046078901586e-03
8.900000000000000000e+01	-1.199364342837905056e-03	2.455588053820153827e-01	-5.319339717780291465e-02	2.000000000000000111e-01	1.199999999999999956e+00	3.527150130025539111e-03
9.000000000000000000e+01	3.856031951167004533e-04	1.544710990458425526e-01	2.234314818441922590e-01	2.000000000000000111e-01	1.199999999999999956e+00	3.979371003167959595e-03
9.100000000000000000e+01	-2.281186017337968018e-03	4.212960380566463936e-01	-1.542531196275964689e-01	2.000000000000000111e-01	1.199999999999999956e+00	7.307879719924125286e-03
9.200000000000000000e+01	1.860156329734644065e-03	1.218886623541511477e-01	3.485476278563988117e-01	2.000000000000000111e-01	1.199999999999999956e+00	5.135939558224589772e-03
9.300000000000000000e+01	-1.505943026991241962e-03	3.292340787133137270e-01	1.575252811193728064e-02	2.000000000000000111e-01	1.199999999999999956e+00	7.815250738108894465e-03
9.400000000000000000e+01	-3.253392315576889948e-04	1.892143166357147799e-01	1.343399567758445379e-01	2.000000000000000111e-01	1.199999999999999956e+00	2.651827701011646651e-02
9.500000000000000000e+01	2.316970621565766966e-03	1.661023418739122348e-01	1.764721881584554453e-01	2.000000000000000111e-01	1.199999999999999956e+00	3.773141526597165434e-03
9.600000000000000000e+01	-1.229859753749356147e-02	5.834343953134164540e-01	-1.827818822180887537e+00	2.000000000000000111e-01	1.199999999999999956e+00	2.206175006834550437e-02
9.700000000000000000e+01	-1.291873798075197748e-03	2.079249469926636451e-01	3.491523154551856578e-02	2.000000000000000111e-01	1.199999999999999956e+00	4.360432644940135175e-03
9.800000000000000000e+01	1.155309151136858651e-03	1.683338911734635623e-01	2.511699440581303122e-01	2.000000000000000111e-01	1.199999999999999956e+00	5.624561848539639738e-03
9.900000000000000000e+01	-7.342073494103657253e-04	2.377586201300669888e-01	8.340772317284450565e-02	2.000000000000000111e-01	1.199999999999999956e+00	5.632358790227225305e-03
1.000000000000000000e+02	2.596686483167555837e-03	6.464526599719408462e-02	6.541449144357995849e-01	2.000000000000000111e-01	1.199999999999999956e+00	2.245973523702644165e-02
1.010000000000000000e+02	9.031902602697354553e-04	2.737929536317401102e-01	3.116887737163853700e-02	2.000000000000000111e-01	1.199999999999999956e+00	6.306335128776724246e-03
1.020000000000000000e+02	-1.636336779357029821e-03	4.331696624660554829e-01	-4.483974265431500683e-01	2.000000000000000111e-01	1.199999999999999956e+00	5.584684611809604196e-03
1.030000000000000000e+02	2.597926073579085501e-03	1.749672444178835551e-01	3.035402144028904736e-01	2.000000000000000111e-01	1.199999999999999956e+00	1.657391399715133634e-02
1.040000000000000000e+02	1.723112185570990383e-04	2.279738237330793948e-01	9.787980421087816296e-02	2.000000000000000111e-01	1.199999999999999956e+00	8.593596787020348418e-03
1.050000000000000000e+02	-9.147222852390402611e-04	3.266916207261497118e-01	-1.318827436823637456e-01	2.000000000000000111e-01	1.199999999999999956e+00	4.016252314918975982e-03
1.060000000000000000e+02	1.744262842970641103e-03	9.339181420259846933e-02	4.506051653639917554e-01	2.000000000000000111e-01	1.199999999999999956e+00	2.604283554183165709e-03
1.070000000000000000e+02	3.640108077717250576e-04	1.237744313365694848e-01	5.219552049441977815e-01	2.000000000000000111e-01	1.199999999999999956e+00	1.244115010267177537e-02
1.080000000000000000e+02	5.119848602793282931e-04	2.238716327184949451e-01	1.432930930409739290e-01	2.000000000000000111e-01	1.199999999999999956e+00	1.429503580246141436e-02
1.090000000000000000e+02	-3.108025140483377038e-03	4.224264268961684388e-01	-4.608110702872094677e-01	2.000000000000000111e-01	1.199999999999999956e+00	4.360297106847255827e-03
1.100000000000000000e+02	3.868251538969828471e-03	3.033766140832662717e-01	-2.930720664774919548e-01	2.000000000000000111e-01	1.199999999999999956e+00	4.317623677540093942e-03
1.110000000000000000e+02	-4.901419233645486380e-03	4.330514894400143144e-01	-5.383912406184023780e-01	2.000000000000000111e-01	1.199999999999999956e+00	5.561054455171604571e-03
1.120000000000000000e+02	-3.811498646996928225e-03	3.859181743627645433e-01	5.563857256959980901e-02	2.000000000000000111e-01	1.199999999999999956e+00	1.138839498108125750e-02
1.130000000000000000e+02	3.024585777343433753e-03	1.232808805419517706e-01	3.495890604597797768e-01	2.000000000000000111e-01	1.199999999999999956e+00	4.590667034184925388e-03
1.140000000000000000e+02	2.656700047895122884e-03	1.311091502120598773e-01	3.175802645747571873e-01	2.000000000000000111e-01	1.199999999999999956e+00	8.431024373421483475e-03
1.150000000000000000e+02	6.293463822235484569e-03	1.309024021100895496e-01	2.165709483065836327e-01	2.000000000000000111e-01	1.199999999999999956e+00	4.211515692374484011e-03
1.160000000000000000e+02	1.531648510984655667e-03	2.549410327032659573e-01	-3.383038348037858967e-02	2.000000000000000111e-01	1.199999999999999956e+00	5.063072961121822813e-03
1.170000000000000000e+02	5.271801509522407560e-04	5.792260999672969868e-02	5.879811923139901531e-01	2.000000000000000111e-01	1.199999999999999956e+00	4.537769069437322736e-03
1.180000000000000000e+02	1.528943851290662367e-03	4.034787734246821078e-02	5.934492221102348752e-01	2.000000000000000111e-01	1.199999999999999956e+00	2.896047007764992326e-03
1.190000000000000000e+02	2.510242581629778830e-03	1.327206164253827703e-01	2.662086448088807344e-01	2.000000000000000111e-01	1.199999999999999956e+00	2.648886427718820467e-03
1.200000000000000000e+02	1.729321449265733366e-03	2.802266087836470243e-01	7.125372444201172328e-02	2.000000000000000111e-01	1.199999999999999956e+00	3.846621967300511112e-03
1.210000000000000000e+02	5.836315399498027880e-04	1.523992819409843436e-01	3.329961635992750857e-01	2.000000000000000111e-01	1.199999999999999956e+00	5.601267849366295230e-03
1.220000000000000000e+02	-1.538652097901006648e-02	6.635070589776163041e-01	-1.723679471285577414e+00	2.000000000000000111e-01	1.199999999999999956e+00	1.079280940823389018e-01
1.230000000000000000e+02	6.455609571731055251e-04	2.442590589103675880e-01	-1.764968220098395157e-01	2.000000000000000111e-01	1.199999999999999956e+00	2.988772619891537190e-03
1.240000000000000000e+02	-3.994536582946063520e-04	2.981514010339081366e-01	-7.501846389250044211e-02	2.000000000000000111e-01	1.199999999999999956e+00	8.368471483143584758e-03
1.250000000000000000e+02	8.637942105337862364e-04	1.965012917723392427e-01	5.484523134762353536e-02	2.000000000000000111e-01	1.199999999999999956e+00	3.031154679216102078e-03
1.260000000000000000e+02	-1.293236402111225519e-03	2.220494155867187014e-01	2.949160195799809259e-01	2.000000000000000111e-01	1.199999999999999956e+00	8.068723258794889899e-03
1.270000000000000000e+02	-1.441339623819220921e-03	4.016278653828313505e-01	-6.058118159532810409e-02	2.000000000000000111e-01	1.199999999999999956e+00	9.162898742490835358e-03
1.280000000000000000e+02	1.255635246455883650e-03	6.903439856527279761e-02	5.027269691502249671e-01	2.000000000000000111e-01	1.199999999999999956e+00	3.661058812805791877e-03
1.290000000000000000e+02	-7.377401387142546764e-04	3.742534927979928039e-01	-2.327604327490808700e-01	2.000000000000000111e-01	1.199999999999999956e+00	7.300532930090218586e-03
1.300000000000000000e+02	1.439621272771743517e-02	4.990862830372512216e-01	-8.744843570650431275e-01	2.000000000000000111e-01	1.199999999999999956e+00	2.128699397500183766e-03
1.310000000000000000e+02	-3.789529135171227758e-03	3.586765998546827539e-01	-3.212068031608952268e-01	2.000000000000000111e-01	1.199999999999999956e+00	5.875513995322022461e-03
1.320000000000000000e+02	1.950828182789141616e-03	1.265544984466036582e-01	2.504320249197018455e-01	2.000000000000000111e-01	1.199999999999999956e+00	6.931940758480971757e-03
1.330000000000000000e+02	-2.751987944948206064e-03	3.261563188612430220e-01	-9.415829896538330246e-02	2.000000000000000111e-01	1.199999999999999956e+00	1.035010374604416160e-02
1.340000000000000000e+02	2.000339285121078507e-03	1.004540396276780156e-01	5.668935166551571925e-01	2.000000000000000111e-01	1.199999999999999956e+00	2.303918781300893712e-02
1.350000000000000000e+02	1.299611419869511767e-03	1.227676768081538278e-01	3.698193854918314649e-01	2.000000000000000111e-01	1.199999999999999956e+00	4.439675905310815594e-03
1.360000000000000000e+02	1.073478521480829544e-03	1.562897229183689007e-01	3.877985294172381359e-01	2.000000000000000111e-01	1.199999999999999956e+00	8.501156841384648749e-03
1.370000000000000000e+02	9.674023273881872170e-05	3.542061188452587661e-01	-3.671320571345653150e-01	2.000000000000000111e-01	1.199999999999999956e+00	6.200423209330859983e-03
1.380000000000000000e+02	-1.742745613138613637e-03	4.010272182023357779e-01	-6.238353926369271107e-01	2.000000000000000111e-01	1.199999999999999956e+00	4.152318894130986593e-03
1.390000000000000000e+02	6.052920909683618897e-05	8.231298973206026270e-02	5.149462714026462606e-01	2.000000000000000111e-01	1.199999999999999956e+00	4.580147099402879715e-03
1.400000000000000000e+02	1.215832860360868076e-03	2.726340901593167221e-01	-2.135474304439402005e-01	2.000000000000000111e-01	1.199999999999999956e+00	4.006334785022003415e-03
1.410000000000000000e+02	1.989734722271923207e-03	2.153612797118578323e-02	6.654480371367859082e-01	2.000000000000000111e-01	1.199999999999999956e+00	7.783646797278012675e-03
1.420000000000000000e+02	3.020652088154540389e-04	1.785820745319439684e-01	2.580095115320784060e-01	2.000000000000000111e-01	1.199999999999999956e+00	3.697327725386169439e-02
1.430000000000000000e+02	1.742104984212992100e-03	1.411427482568066161e-01	2.811771121006376717e-01	2.000000000000000111e-01	1.199999999999999956e+00	5.874128951342531824e-03
1.440000000000000000e+02	1.665446263408406095e-03	2.369528554542982279e-01	-9.378310929424626963e-02	2.000000000000000111e-01	1.199999999999999956e+00	5.917735128585538407e-03
1.450000000000000000e+02	-5.931389173552362604e-04	2.300964844697189760e-01	8.497115176647884738e-02	2.000000000000000111e-01	1.199999999999999956e+00	8.913638815186301911e-03
1.460000000000000000e+02	-1.260090029979578450e-03	2.710012311924749340e-01	-1.343300574716774776e-01	2.000000000000000111e-01	1.199999999999999956e+00	3.859955659509933194e-03
1.470000000000000000e+02	5.202412233496599668e-03	2.732585410145056404e-01	-2.617756245238278545e-01	2.000000000000000111e-01	1.199999999999999956e+00	2.994944533700873244e-03
1.480000000000000000e+02	8.543733779017263644e-04	1.519822417042395180e-01	3.334566630544197885e-01	2.000000000000000111e-01	1.199999999999999956e+00	4.412255856973963490e-03
1.490000000000000000e+02	-2.741757303973245928e-03	3.266910455825695614e-01	-2.677033479268491334e-01	2.000000000000000111e-01	1.199999999999999956e+00	9.780994230491734526e-03
1.500000000000000000e+02	1.230630252959949780e-03	5.067327757587001269e-01	-5.721779728557323530e-01	2.000000000000000111e-01	1.199999999999999956e+00	5.620688049643049640e-03
1.510000000000000000e+02	1.729221641427603710e-03	1.357926236083084048e-01	4.857681611932651577e-01	2.000000000000000111e-01	1.199999999999999956e+00	9.479493260605506219e-03
1.520000000000000000e+02	-1.083407483240855307e-03	2.280585100049257741e-01	1.186467271780058397e-01	2.000000000000000111e-01	1.199999999999999956e+00	6.704143619343782071e-03
1.530000000000000000e+02	2.800538250512993148e-03	4.990292303125404283e-02	6.128951080171399779e-01	2.000000000000000111e-01	1.199999999999999956e+00	6.642713942121681626e-03
1.540000000000000000e+02	-1.766329707188335745e-04	2.083021469687549310e-01	1.750126682786299348e-01	2.000000000000000111e-01	1.199999999999999956e+00	8.376787046440150458e-03
1.550000000000000000e+02	9.772198215845264140e-04	1.205976411024888562e-01	4.588586459598826828e-01	2.000000000000000111e-01	1.199999999999999956e+00	7.822184596606515314e-03
1.560000000000000000e+02	5.903514930729028467e-04	6.051906624959271092e-02	5.912147874089062061e-01	2.000000000000000111e-01	1.199999999999999956e+00	5.151773885467085187e-03
1.570000000000000000e+02	-1.759731603151706478e-04	1.636090688696573425e-01	3.572552678407552307e-01	2.000000000000000111e-01	1.199999999999999956e+00	4.973822680167208285e-03
1.580000000000000000e+02	7.523484832826820082e-04	7.113172409568727095e-02	4.798951515587517314e-01	2.000000000000000111e-01	1.199999999999999956e+00	5.628716047362107046e-03
1.590000000000000000e+02	-8.503317837100626483e-03	5.816493767373275281e-01	-7.794322311477390741e-01	2.000000000000000111e-01	1.199999999999999956e+00	9.067913895835695917e-03
1.600000000000000000e+02	2.050363193112425715e-03	2.163326363347044534e-01	1.768123888759420836e-02	2.000000000000000111e-01	1.199999999999999956e+00	8.506175878630017201e-03
1.610000000000000000e+02	6.983701392667207922e-04	6.627128016515058950e-02	5.254219026876436605e-01	2.000000000000000111e-01	1.199999999999999956e+00	3.234974622177914060e-03
1.620000000000000000e+02	1.307313852728248307e-03	1.849132947667251337e-01	-4.008057174038937021e-02	2.000000000000000111e-01	1.199999999999999956e+00	5.112455551003218870e-03
1.630000000000000000e+02	4.287267936846359049e-04	2.661100305286809853e-01	4.680233424947832788e-03	2.000000000000000111e-01	1.199999999999999956e+00	6.854982192963507935e-03
1.640000000000000000e+02	-2.992451643831398490e-03	3.939906084776004791e-01	-3.167797376708056944e-01	2.000000000000000111e-01	1.199999999999999956e+00	4.350390962505014045e-03
1.650000000000000000e+02	1.432224132157139352e-03	1.853663767985192223e-01	4.831765800976439706e-02	2.000000000000000111e-01	1.199999999999999956e+00	3.006850216035727216e-03
1.660000000000000000e+02	3.094379927847432207e-04	1.847276527671518620e-01	1.480978820615685976e-01	2.000000000000000111e-01	1.199999999999999956e+00	5.218598811577290254e-03
1.670000000000000000e+02	1.811609281870282372e-03	1.394713657023545217e-01	2.732842092770351172e-01	2.000000000000000111e-01	1.199999999999999956e+00	4.580273003318000545e-03
1.680000000000000000e+02	-3.898852027487997082e-04	1.406656173835204582e-01	3.061770563681998070e-01	2.000000000000000111e-01	1.199999999999999956e+00	5.370981563248467330e-03
1.690000000000000000e+02	-7.765528004726246145e-04	3.036495690462537311e-01	-2.591873376831994591e-01	2.000000000000000111e-01	1.199999999999999956e+00	6.257523294902387311e-03
1.700000000000000000e+02	5.489058045243318425e-04	8.376059357770304636e-02	5.980923645642888253e-01	2.000000000000000111e-01	1.199999999999999956e+00	5.841866365594388343e-03
1.710000000000000000e+02	-1.173032359880535596e-04	1.571425772738010984e-01	3.411179952718010888e-01	2.000000000000000111e-01	1.199999999999999956e+00	7.344090299464006710e-03
1.720000000000000000e+02	6.090232025048463197e-04	1.677388102297689698e-01	3.068384195646882695e-01	2.000000000000000111e-01	1.199999999999999956e+00	1.067409239761163420e-02
1.730000000000000000e+02	1.316230780966074626e-03	1.207984360313122951e-01	3.191035126133634492e-01	2.000000000000000111e-01	1.199999999999999956e+00	4.399293720065805026e-03
1.740000000000000000e+02	-3.018139787535495670e-04	1.971272336464632846e-01	1.305586598142873811e-01	2.000000000000000111e-01	1.199999999999999956e+00	6.863032279981360825e-03
1.750000000000000000e+02	5.379523455957558589e-04	1.328297364779760237e-01	3.267716873253392329e-01	2.000000000000000111e-01	1.199999999999999956e+00	3.052836968899959574e-03
1.760000000000000000e+02	9.916804762889747452e-03	2.451747642526398707e-01	-3.445151833704871436e-01	2.000000000000000111e-01	1.199999999999999956e+00	3.492031081818317787e-03
1.770000000000000000e+02	-5.137972066928760476e-03	4.219273545155940996e-01	-1.734303446290352824e-01	2.000000000000000111e-01	1.199999999999999956e+00	1.191590483309971048e-02
1.780000000000000000e+02	2.742217137133660249e-03	3.316257673237181236e-01	-4.843721582361335543e-01	2.000000000000000111e-01	1.199999999999999956e+00	6.334585204724260329e-03
1.790000000000000000e+02	4.422330211826327345e-04	1.319377740652040720e-01	5.143929802902502679e-01	2.000000000000000111e-01	1.199999999999999956e+00	9.493941139738804394e-03
1.800000000000000000e+02	5.760048564304848760e-04	1.071860706804290686e-01	4.806877502023159110e-01	2.000000000000000111e-01	1.199999999999999956e+00	7.049738892179142034e-03
1.810000000000000000e+02	-3.866048982057328220e-03	4.074681021916849444e-01	-2.560335997067690883e-01	2.000000000000000111e-01	1.199999999999999956e+00	1.130892776718003812e-02
1.820000000000000000e+02	1.822200196466100932e-03	2.909294230178585683e-01	-2.422920654693245801e-01	2.000000000000000111e-01	1.199999999999999956e+00	1.016466327069560915e-02
1.830000000000000000e+02	2.917169723143800755e-03	1.984953308651720982e-01	-1.069378870357762246e-01	2.000000000000000111e-01	1.199999999999999956e+00	8.581589992259917171e-03
1.840000000000000000e+02	1.531397667961356679e-03	1.345317628078673278e-01	2.875938773770871926e-01	2.000000000000000111e-01	1.199999999999999956e+00	1.531127154117451622e-03
1.850000000000000000e+02	-2.503391259329842099e-03	2.821125016833569421e-01	-3.415958274127106620e-03	2.000000000000000111e-01	1.199999999999999956e+00	5.627907236271463033e-03
1.860000000000000000e+02	-1.161419089511599688e-02	7.582450370872937384e-01	-1.502680077859583463e+00	2.000000000000000111e-01	1.199999999999999956e+00	8.015185318987243929e-03
1.870000000000000000e+02	-2.223338365479834988e-02	9.682901147227711558e-01	-1.586909802855811513e+00	2.000000000000000111e-01	1.199999999999999956e+00	3.925947258749204298e-03
1.880000000000000000e+02	-1.870221923950626764e-03	2.597640614511727009e-01	-1.167403058211302636e-01	2.000000000000000111e-01	1.199999999999999956e+00	5.286972152873481261e-03
1.890000000000000000e+02	6.047182574961945797e-04	2.304904769145699750e-01	4.741753434640916254e-02	2.000000000000000111e-01	1.199999999999999956e+00	5.961254736291882531e-03
1.900000000000000000e+02	3.334734948967909684e-03	1.039213162753275521e-01	4.699637673327470289e-01	2.000000000000000111e-01	1.199999999999999956e+00	4.475575669365567180e-03
1.910000000000000000e+02	-5.378489617419069833e-04	1.964168901108124810e-01	5.963708036984094463e-03	2.000000000000000111e-01	1.199999999999999956e+00	3.503255520832336285e-03
1.920000000000000000e+02	3.967082186232196578e-03	1.262951807412640848e-01	3.748897671262547693e-01	2.000000000000000111e-01	1.199999999999999956e+00	5.228770715370113613e-03
1.930000000000000000e+02	-3.289734538584810752e-03	3.517435732529864967e-01	-8.617909898731479501e-02	2.000000000000000111e-01	1.199999999999999956e+00	7.458565038791901448e-03
1.940000000000000000e+02	7.362365281307102667e-03	2.352401279790546640e-01	-1.358562666298057664e-02	2.000000000000000111e-01	1.199999999999999956e+00	8.263726768344487744e-03
1.950000000000000000e+02	1.114537368291614950e-03	2.214808059209367463e-01	1.673805539083370597e-01	2.000000000000000111e-01	1.199999999999999956e+00	6.068260627373220015e-03
1.960000000000000000e+02	1.285199804020910504e-03	2.159493669323647724e-01	1.112745027835582157e-01	2.000000000000000111e-01	1.199999999999999956e+00	7.056146916879572385e-03
1.970000000000000000e+02	8.667119514719576895e-04	2.250686196729294875e-01	5.248500437251957251e-02	2.000000000000000111e-01	1.199999999999999956e+00	4.725811709733056080e-03
1.980000000000000000e+02	4.459137441020110575e-04	7.967928506117463172e-01	-2.378918568916407850e+00	2.000000000000000111e-01	1.199999999999999956e+00	3.920766083413843549e-03
1.990000000000000000e+02	-1.467935193986907394e-04	2.555454236086824316e-01	-7.280472323951192593e-02	2.000000000000000111e-01	1.199999999999999956e+00	3.786353681030979555e-03
2.000000000000000000e+02	-9.718588940572041703e-04	1.874685831066034980e-01	2.755759913686732787e-01	2.000000000000000111e-01	1.199999999999999956e+00	6.541259056090568610e-03
2.010000000000000000e+02	-2.441212000431014441e-04	2.459921609906172701e-01	5.701560227714619344e-02	2.000000000000000111e-01	1.199999999999999956e+00	7.172813601197550182e-03
2.020000000000000000e+02	1.663484011945404531e-03	3.202294720364831093e-01	-2.719746831401463893e-01	2.000000000000000111e-01	1.199999999999999956e+00	5.682806652908586886e-03
2.030000000000000000e+02	1.066833709269436039e-03	2.820684761592539003e-01	-1.443511892448392508e-01	2.000000000000000111e-01	1.199999999999999956e+00	4.652028221013131300e-03
2.040000000000000000e+02	1.278341299752436960e-02	1.751856686950832576e-01	1.023792095288433845e-01	2.000000000000000111e-01	1.199999999999999956e+00	5.413310940854064966e-03
2.050000000000000000e+02	1.716702570480662510e-04	3.244276349125070902e-01	-3.330851361600992711e-01	2.000000000000000111e-01	1.199999999999999956e+00	7.827092998441061503e-03
2.060000000000000000e+02	6.003568430662480429e-03	1.258532805504059549e-01	3.459941157282331314e-01	2.000000000000000111e-01	1.199999999999999956e+00	5.999510601984545111e-03
2.070000000000000000e+02	-8.845478448528505070e-04	4.771790378189678661e-01	-8.295908505720985815e-01	2.000000000000000111e-01	1.199999999999999956e+00	5.872633702621352959e-03
2.080000000000000000e+02	5.491897562162321609e-04	7.691808029597105301e-02	5.368249073312605368e-01	2.000000000000000111e-01	1.199999999999999956e+00	8.174176617365983000e-03
2.090000000000000000e+02	6.560659977492363680e-04	1.238364107113802404e-01	3.475666680756646088e-01	2.000000000000000111e-01	1.199999999999999956e+00	2.974120741800146284e-03
2.100000000000000000e+02	9.786834580742436243e-04	1.307084807185884545e-01	2.479673688571284451e-01	2.000000000000000111e-01	1.199999999999999956e+00	7.744885426007812324e-03
2.110000000000000000e+02	-1.824300388928979625e-04	1.816335357601126244e-01	1.826001407502242380e-01	2.000000000000000111e-01	1.199999999999999956e+00	3.108036097226882146e-03
2.120000000000000000e+02	-4.511721712538650265e-03	4.787942478376012723e-01	-5.694408065985028244e-01	2.000000000000000111e-01	1.199999999999999956e+00	7.464065532350383156e-03
2.130000000000000000e+02	3.868746846128966101e-03	9.859210121037235985e-02	3.479651651852029293e-01	2.000000000000000111e-01	1.199999999999999956e+00	6.243331649479863521e-03
2.140000000000000000e+02	1.374550834349256775e-03	8.403424992748791122e-02	5.922301736520869664e-01	2.000000000000000111e-01	1.199999999999999956e+00	7.251814911315088152e-03
2.150000000000000000e+02	6.821434529587805818e-04	1.711208130212988898e-01	4.626660037576368900e-01	2.000000000000000111e-01	1.199999999999999956e+00	9.298803253815327713e-03
2.160000000000000000e+02	1.130085530024793660e-03	8.186145671127910417e-02	3.984968548194181004e-01	2.000000000000000111e-01	1.199999999999999956e+00	4.500626896554511813e-03
2.170000000000000000e+02	6.537072985379217133e-03	4.455320336671887982e-01	-9.784664093387616113e-01	2.000000000000000111e-01	1.199999999999999956e+00	2.518470805830921606e-03
2.180000000000000000e+02	1.132447733918617904e-03	4.687815222947268046e-01	-3.382161302503812195e-01	2.000000000000000111e-01	1.199999999999999956e+00	4.502171473435514007e-03
2.190000000000000000e+02	3.670751999798388052e-03	1.117697642485771664e-01	1.780172300661706508e-01	2.000000000000000111e-01	1.199999999999999956e+00	4.907124003740688870e-03
2.200000000000000000e+02	-8.151196305777808765e-03	5.115094963318093102e-01	-5.320993417755994770e-01	2.000000000000000111e-01	1.199999999999999956e+00	1.090670017898641431e-02
2.210000000000000000e+02	1.096042336794929599e-03	1.483975288472451359e-01	4.378354232864656304e-01	2.000000000000000111e-01	1.199999999999999956e+00	8.741357317938477575e-03
2.220000000000000000e+02	3.196594682753394704e-03	1.007673463455923124e-01	4.198383487635979350e-01	2.000000000000000111e-01	1.199999999999999956e+00	3.042837454452925437e-03
2.230000000000000000e+02	2.578201282534777926e-04	1.604483151423012899e-01	2.919058172117341421e-01	2.000000000000000111e-01	1.199999999999999956e+00	5.789134596205362457e-03
2.240000000000000000e+02	2.192385181010581344e-03	8.416323719717212770e-02	4.664683926353123677e-01	2.000000000000000111e-01	1.199999999999999956e+00	7.203044651266207223e-03
2.250000000000000000e+02	1.126851896769128251e-03	1.214937107608938111e-01	3.121396546968244756e-01	2.000000000000000111e-01	1.199999999999999956e+00	5.364532976977164948e-03
2.260000000000000000e+02	-1.753783572187871381e-03	2.360304454399078100e-01	2.567044014253188067e-01	2.000000000000000111e-01	1.199999999999999956e+00	9.241352216876887529e-03
2.270000000000000000e+02	2.604353364653932273e-03	2.017197436787442621e-01	7.505912295242866961e-02	2.000000000000000111e-01	1.199999999999999956e+00	4.404121990832374905e-03
2.280000000000000000e+02	1.781393747563783647e-04	1.751500588186683249e-01	3.852107214122040268e-01	2.000000000000000111e-01	1.199999999999999956e+00	4.185057750096162626e-02
2.290000000000000000e+02	-1.736630038369551057e-02	6.850979639075361893e-01	-1.565443637349130057e+00	2.000000000000000111e-01	1.199999999999999956e+00	2.544385886715508013e-02
2.300000000000000000e+02	-3.647236727439772362e-04	1.277440667095433857e-01	2.377884968325565396e-01	2.000000000000000111e-01	1.199999999999999956e+00	2.358212947235248293e-03
2.310000000000000000e+02	1.777063349071769703e-03	1.573637917730998093e-01	1.540114579006837126e-01	2.000000000000000111e-01	1.199999999999999956e+00	2.246380747154380110e-03
2.320000000000000000e+02	-5.934110091296119572e-04	1.153514422006853973e-01	1.590522891671080075e-01	2.000000000000000111e-01	1.199999999999999956e+00	3.834550296164240812e-02
2.330000000000000000e+02	2.792731971528047367e-03	1.409521418420549010e-01	3.070020833757496348e-01	2.000000000000000111e-01	1.199999999999999956e+00	5.186781866006503171e-03
2.340000000000000000e+02	3.041518305144378948e-03	2.420438055321737225e-01	-7.635411508840439510e-02	2.000000000000000111e-01	1.199999999999999956e+00	2.484331986460139047e-03
2.350000000000000000e+02	1.127206281748961356e-03	1.683626395249641916e-01	2.236867097094492607e-01	2.000000000000000111e-01	1.199999999999999956e+00	4.865926516332043546e-03
2.360000000000000000e+02	1.098257483813810221e-04	1.524465651192784543e-01	3.226259986076889241e-01	2.000000000000000111e-01	1.199999999999999956e+00	6.427980843627389106e-03
2.370000000000000000e+02	5.876317194671894098e-04	1.714889478619630592e-01	1.911186339030348513e-01	2.000000000000000111e-01	1.199999999999999956e+00	5.379119841698695899e-03
2.380000000000000000e+02	6.746554535968745173e-03	5.144317890257136920e-03	7.830015655754696269e-01	2.000000000000000111e-01	1.199999999999999956e+00	1.098898324250386152e-02
2.390000000000000000e+02	1.292899379380172591e-03	1.119045150549721895e-01	4.622580374452809338e-01	2.000000000000000111e-01	1.199999999999999956e+00	5.165483447300787782e-03
2.400000000000000000e+02	-5.106180862409355177e-04	1.839092877331944820e-01	-1.042418461348519898e-01	2.000000000000000111e-01	1.199999999999999956e+00	6.326016031731883892e-03
2.410000000000000000e+02	2.983647746368214490e-03	2.714647013376678686e-01	-9.370476436932229092e-03	2.000000000000000111e-01	1.199999999999999956e+00	1.128474361048840448e-02
2.420000000000000000e+02	-4.337091872531288734e-05	3.185667074124841625e-01	-3.213590066885965157e-01	2.000000000000000111e-01	1.199999999999999956e+00	4.218866074660478256e-03
2.430000000000000000e+02	2.717949842101702491e-03	1.625391725068330295e-01	1.743864817826885627e-01	2.000000000000000111e-01	1.199999999999999956e+00	4.951632188647914212e-03
2.440000000000000000e+02	1.646189593403757931e-03	7.905015004811383195e-02	4.569929461161961193e-01	2.000000000000000111e-01	1.199999999999999956e+00	5.209165270849219764e-03
2.450000000000000000e+02	-1.197802699667490593e-03	2.903044436427834607e-01	-1.172545600341212690e-02	2.000000000000000111e-01	1.199999999999999956e+00	6.049252584723057054e-03
2.460000000000000000e+02	1.737364031520952871e-03	1.060845938705158448e-01	4.211831213004120222e-01	2.000000000000000111e-01	1.199999999999999956e+00	5.888639039636136586e-03
2.470000000000000000e+02	9.381342242953628549e-04	2.913416095522771143e-01	-1.863490659613629141e-01	2.000000000000000111e-01	1.199999999999999956e+00	2.729655383975258375e-03
2.480000000000000000e+02	1.344353070880117485e-03	3.713285384056128624e-01	-3.570050671465869740e-01	2.000000000000000111e-01	1.199999999999999956e+00	7.849225447233576167e-03
2.490000000000000000e+02	-3.893463463542320632e-03	4.769396715659015573e-01	-5.665968180248386332e-01	2.000000000000000111e-01	1.199999999999999956e+00	6.470543306817682846e-03
2.500000000000000000e+02	-1.370184739950640676e-03	3.150955728757896535e-01	-1.156744995335863280e-01	2.000000000000000111e-01	1.199999999999999956e+00	4.973472260057987780e-03
2.510000000000000000e+02	-5.103298955768453132e-03	5.335363645551093326e-01	-4.612884920879247730e-01	2.000000000000000111e-01	1.199999999999999956e+00	6.843792689467319626e-03
2.520000000000000000e+02	-3.546192190131870357e-05	2.646403682840337002e-01	-2.163954200728608335e-01	2.000000000000000111e-01	1.199999999999999956e+00	3.761871797220376918e-03
2.530000000000000000e+02	2.105277374733500323e-03	3.212511560258030086e-01	-2.198803380374427796e-01	2.000000000000000111e-01	1.199999999999999956e+00	6.144039066738936003e-03
2.540000000000000000e+02	3.723006031687736694e-03	2.376755627594286935e-01	5.049332707374221130e-02	2.000000000000000111e-01	1.199999999999999956e+00	6.318855273407523142e-03
2.550000000000000000e+02	2.104439823043311071e-03	1.060529368373090142e-01	3.077410241375839739e-01	2.000000000000000111e-01	1.199999999999999956e+00	5.416993418576401993e-03
2.560000000000000000e+02	7.352388979933750963e-03	2.220210328846084769e-01	-1.156449305957800711e-01	2.000000000000000111e-01	1.199999999999999956e+00	5.112443903907568088e-03
2.570000000000000000e+02	7.431710281968497388e-03	1.205086373837055275e-01	5.195482173286913863e-02	2.000000000000000111e-01	1.199999999999999956e+00	3.044923009519038756e-02
2.580000000000000000e+02	2.033607031670127668e-03	2.462070923536501532e-01	-8.883996456292697630e-02	2.000000000000000111e-01	1.199999999999999956e+00	2.367292402191605548e-03
2.590000000000000000e+02	-1.667071647583077010e-03	3.302558380015374051e-01	-2.289726762265447135e-01	2.000000000000000111e-01	1.199999999999999956e+00	5.833128879854527701e-03
2.600000000000000000e+02	-3.862507061815775530e-04	1.871000642664085445e-01	3.945313915869226307e-01	2.000000000000000111e-01	1.199999999999999956e+00	9.534425827859849267e-03
2.610000000000000000e+02	4.340727780323903537e-03	4.758543589197068713e-02	6.050520958864389343e-01	2.000000000000000111e-01	1.199999999999999956e+00	6.359247203624982490e-03
2.620000000000000000e+02	1.117664386740239860e-03	2.070184466071521012e-01	2.896608035481711418e-01	2.000000000000000111e-01	1.199999999999999956e+00	6.364601725300935743e-03
2.630000000000000000e+02	2.049414804110300317e-03	7.615833953423922775e-02	3.805492827732166461e-01	2.000000000000000111e-01	1.199999999999999956e+00	6.875478377042575084e-03
2.640000000000000000e+02	-1.509832150554509499e-02	7.129945639621868558e-01	-1.576922252372346733e+00	2.000000000000000111e-01	1.199999999999999956e+00	2.809843907728201348e-02
2.650000000000000000e+02	1.999612880652546984e-03	-1.493596633391665318e-02	9.193177753101205996e-01	2.000000000000000111e-01	1.199999999999999956e+00	9.591778472322856630e-03
2.660000000000000000e+02	1.620419172527400899e-03	8.348928373878999887e-02	5.655365975065080875e-01	2.000000000000000111e-01	1.199999999999999956e+00	5.803189836852770504e-03
2.670000000000000000e+02	1.092487469187444733e-04	1.678722089270305029e-01	3.166818520195175957e-01	2.000000000000000111e-01	1.199999999999999956e+00	6.484155302458253882e-03
2.680000000000000000e+02	1.232684643395223171e-04	1.562289012141712674e-01	3.198463199492422859e-01	2.000000000000000111e-01	1.199999999999999956e+00	3.283966465141447636e-03
2.690000000000000000e+02	-1.646011540956426530e-02	8.008314163806052877e-01	-1.463644279015159810e+00	2.000000000000000111e-01	1.199999999999999956e+00	2.209205716974224892e-03
2.700000000000000000e+02	3.834663750403333529e-03	3.271739247129951123e-01	-5.561016021433973222e-02	2.000000000000000111e-01	1.199999999999999956e+00	8.051646770259280814e-03
2.710000000000000000e+02	-7.762635345798197736e-03	6.094413460917453840e-01	-1.049609686374864737e+00	2.000000000000000111e-01	1.199999999999999956e+00	5.595938546136188310e-03
2.720000000000000000e+02	-6.555067852709700084e-03	6.184364458058524416e-01	-1.034816191255863771e+00	2.000000000000000111e-01	1.199999999999999956e+00	9.441415280716148120e-03
2.730000000000000000e+02	-2.318649837176694171e-03	4.002321400814907726e-01	-2.348388372239629263e-01	2.000000000000000111e-01	1.199999999999999956e+00	4.921596418045477879e-03
2.740000000000000000e+02	2.926308777040906631e-04	2.400894341343858818e-01	7.681212657829616930e-02	2.000000000000000111e-01	1.199999999999999956e+00	7.035071155315620120e-03
2.750000000000000000e+02	1.654385046266968525e-03	2.214704578412554636e-01	2.208181449669384122e-01	2.000000000000000111e-01	1.199999999999999956e+00	3.237932139079232295e-03
2.760000000000000000e+02	2.476985817373609025e-03	1.051677729151419133e-01	4.064713076920298818e-01	2.000000000000000111e-01	1.199999999999999956e+00	4.689808466655521688e-03
2.770000000000000000e+02	3.897000859457472929e-03	1.745746572256084428e-01	1.122329737948564166e-01	2.000000000000000111e-01	1.199999999999999956e+00	3.091583688609630433e-03
2.780000000000000000e+02	6.386219645718568729e-04	6.152750748073499559e-02	4.850845077437242470e-01	2.000000000000000111e-01	1.199999999999999956e+00	3.733123308414249084e-03
2.790000000000000000e+02	1.154269428478672333e-03	2.000422119302462109e-01	3.954445187857125177e-02	2.000000000000000111e-01	1.199999999999999956e+00	5.331200100286727188e-03
2.800000000000000000e+02	1.848224404094196563e-03	1.531496951871422485e-01	2.512699381594964976e-01	2.000000000000000111e-01	1.199999999999999956e+00	3.597531381845542765e-03
2.810000000000000000e+02	7.416986644404496322e-03	9.379702582093246699e-02	3.375284745279429899e-01	2.000000000000000111e-01	1.199999999999999956e+00	5.246021170327692072e-03
2.820000000000000000e+02	1.438364277592030054e-02	6.812880420220310262e-02	3.683621332190811781e-01	2.000000000000000111e-01	1.199999999999999956e+00	4.132884214442056857e-03
2.830000000000000000e+02	3.372178234070522928e-04	6.043769349322499623e-02	6.640366996814615064e-01	2.000000000000000111e-01	1.199999999999999956e+00	3.865717591665256136e-02
2.840000000000000000e+02	-2.215229881676720764e-03	3.224533646184014057e-01	-4.340483669313854875e-02	2.000000000000000111e-01	1.199999999999999956e+00	4.835070950116783332e-03
2.850000000000000000e+02	1.156712847972447313e-04	1.537076575712952309e-01	3.435695636165867484e-01	2.000000000000000111e-01	1.199999999999999956e+00	3.869800267081371405e-03
2.860000000000000000e+02	4.368323393042979096e-05	1.668599399008875717e-01	4.343956388410239455e-01	2.000000000000000111e-01	1.199999999999999956e+00	9.632097642257284736e-03
2.870000000000000000e+02	-4.138020396732312325e-04	3.219983320024765727e-01	-1.520426947664383910e-01	2.000000000000000111e-01	1.199999999999999956e+00	6.897745756604214441e-03
2.880000000000000000e+02	3.151444040578673875e-03	2.490220139165029711e-01	-1.521488497918528360e-01	2.000000000000000111e-01	1.199999999999999956e+00	5.845606350650213445e-03
2.890000000000000000e+02	4.384589792324881420e-03	1.087475725044599884e-01	4.222893485735128571e-01	2.000000000000000111e-01	1.199999999999999956e+00	6.101790608915470294e-03
2.900000000000000000e+02	1.886751023763546566e-03	9.498072837158105797e-02	4.688647015610698521e-01	2.000000000000000111e-01	1.199999999999999956e+00	3.573000045514934924e-03
2.910000000000000000e+02	-5.368478163600960782e-04	1.091716309176472138e-01	2.874736551209817748e-01	2.000000000000000111e-01	1.199999999999999956e+00	4.084244094201387038e-02
2.920000000000000000e+02	5.974145376547236250e-03	9.372346653502280911e-02	3.649568255865562882e-01	2.000000000000000111e-01	1.199999999999999956e+00	8.947089795718317709e-03
2.930000000000000000e+02	1.749275469267127332e-03	1.029369132206347237e-01	5.099276313083984657e-01	2.000000000000000111e-01	1.199999999999999956e+00	6.073448554405143709e-03
2.940000000000000000e+02	-1.693385889810498446e-03	3.096509381916713877e-01	-1.843584990439603999e-01	2.000000000000000111e-01	1.199999999999999956e+00	2.206789486213453413e-03
2.950000000000000000e+02	8.440044285788993444e-04	1.846665623955234814e-01	-9.218143330622075027e-02	2.000000000000000111e-01	1.199999999999999956e+00	1.974024015392352761e-03
2.960000000000000000e+02	7.086219350989533382e-04	1.352034844961330362e-01	5.780691766525061226e-01	2.000000000000000111e-01	1.199999999999999956e+00	2.456742288833124732e-02
2.970000000000000000e+02	1.088461944445104357e-03	1.045436420293563429e-01	4.245673529077600428e-01	2.000000000000000111e-01	1.199999999999999956e+00	4.651726623248211845e-03
2.980000000000000000e+02	2.539089635425880657e-04	1.438891873168723634e-01	4.146923514785747500e-01	2.000000000000000111e-01	1.199999999999999956e+00	7.503818513193552531e-03
2.990000000000000000e+02	1.275568453941860591e-03	9.914626044496145651e-02	3.256114678766812709e-01	2.000000000000000111e-01	1.199999999999999956e+00	3.981480825535199143e-03
3.000000000000000000e+02	2.160217809064356176e-03	8.891578380901556111e-02	4.521583663768937722e-01	2.000000000000000111e-01	1.199999999999999956e+00	1.949139290018383564e-03
3.010000000000000000e+02	3.093320160941546212e-03	6.173478209300729130e-02	6.003942994102254849e-01	2.000000000000000111e-01	1.199999999999999956e+00	7.741125229011859565e-03
3.020000000000000000e+02	-2.057055943553110118e-03	4.033693369490295999e-01	-3.735694392072845815e-01	2.000000000000000111e-01	1.199999999999999956e+00	6.195363597873493507e-03
3.030000000000000000e+02	-1.106503961935790571e-03	2.377512627838706538e-01	-2.381406814280584427e-02	2.000000000000000111e-01	1.199999999999999956e+00	6.916949050264145638e-03
3.040000000000000000e+02	-2.598347163719508853e-03	4.915904050674341774e-01	-1.115006601783802509e+00	2.000000000000000111e-01	1.199999999999999956e+00	6.652805864014914652e-03
3.050000000000000000e+02	4.116779470727034056e-04	1.629131929954967528e-01	2.946930243041703257e-01	2.000000000000000111e-01	1.199999999999999956e+00	3.392081331021435005e-03
3.060000000000000000e+02	1.055904708021081304e-03	1.770519629829687136e-01	2.026915335504937410e-01	2.000000000000000111e-01	1.199999999999999956e+00	3.846591460827599070e-03
3.070000000000000000e+02	1.687922982839837197e-03	2.422380643603914141e-01	1.403942352666520677e-01	2.000000000000000111e-01	1.199999999999999956e+00	6.192155727698573676e-03
3.080000000000000000e+02	8.228514893980297916e-04	7.896410693476642317e-02	5.580968787981661627e-01	2.000000000000000111e-01	1.199999999999999956e+00	5.205868731121061042e-03
3.090000000000000000e+02	2.932431362733839051e-04	1.358270895632394948e-01	2.473221567580741187e-01	2.000000000000000111e-01	1.199999999999999956e+00	7.962953371821039281e-03
3.100000000000000000e+02	-3.139228657946301591e-03	4.752211115743982250e-01	-6.354039143405154633e-01	2.000000000000000111e-01	1.199999999999999956e+00	4.721160177521692945e-03
3.110000000000000000e+02	3.983180464729886745e-03	1.557524774169998516e-01	6.186133680379235500e-02	2.000000000000000111e-01	1.199999999999999956e+00	2.604257548785813767e-02
3.120000000000000000e+02	1.401488966116671469e-03	1.851635701592710681e-01	5.730372248589965523e-02	2.000000000000000111e-01	1.199999999999999956e+00	4.019200744726387012e-03
3.130000000000000000e+02	-7.540920623020592800e-04	2.086389372800084574e-01	2.168260425312085182e-01	2.000000000000000111e-01	1.199999999999999956e+00	6.895469796256153451e-03
3.140000000000000000e+02	6.665538193954725042e-03	5.026220110380044126e-01	-1.193500737852643212e+00	2.000000000000000111e-01	1.199999999999999956e+00	4.425643078341597036e-03
3.150000000000000000e+02	2.742884504571429464e-03	3.367539559749611056e-01	-6.611351022380942410e-01	2.000000000000000111e-01	1.199999999999999956e+00	9.132177009518918642e-03
3.160000000000000000e+02	9.018682271340811886e-04	1.812605268736544317e-01	2.399146400814369251e-01	2.000000000000000111e-01	1.199999999999999956e+00	3.375704986637031394e-03
3.170000000000000000e+02	4.625243392910919314e-03	1.488983481017936150e-01	2.960070869267448224e-01	2.000000000000000111e-01	1.199999999999999956e+00	7.836771904930137089e-03
3.180000000000000000e+02	-1.028307084480148056e-02	7.307440793370646448e-01	-6.846983840812645994e-01	2.000000000000000111e-01	1.199999999999999956e+00	1.005247119092552398e-02
3.190000000000000000e+02	2.760182984721881640e-03	1.746313952719497353e-01	2.475364351296143184e-01	2.000000000000000111e-01	1.199999999999999956e+00	5.898136716208894278e-03
3.200000000000000000e+02	-3.360273704100206625e-04	2.423707639312854545e-01	-5.706609336372991947e-02	2.000000000000000111e-01	1.199999999999999956e+00	3.870055438244629237e-03
3.210000000000000000e+02	-3.030225289474544267e-03	3.142819436816902123e-01	-1.749424521814324507e-01	2.000000000000000111e-01	1.199999999999999956e+00	5.934135817798314415e-03
3.220000000000000000e+02	-6.937021773626482132e-03	4.957651361355873143e-01	-4.501892420114650406e-01	2.000000000000000111e-01	1.199999999999999956e+00	5.440228886039135368e-03
3.230000000000000000e+02	1.293998022657856040e-03	1.444773834104644272e-01	3.390245136887619637e-01	2.000000000000000111e-01	1.199999999999999956e+00	4.946265841239879009e-03
3.240000000000000000e+02	-1.446965597288331188e-04	1.735018191965435330e-01	2.614610244422634899e-01	2.000000000000000111e-01	1.199999999999999956e+00	7.418435975127932527e-03
3.250000000000000000e+02	-7.042330289469062726e-03	6.641234387210559476e-01	-1.054318466157430301e+00	2.000000000000000111e-01	1.199999999999999956e+00	1.922014725770923582e-02
3.260000000000000000e+02	-2.244243747305008118e-04	1.649518240203403652e-01	1.861248267685642332e-01	2.000000000000000111e-01	1.199999999999999956e+00	6.819154833501629709e-03
3.270000000000000000e+02	-1.583055878296158446e-04	2.023955949309584612e-01	1.771973093894034790e-01	2.000000000000000111e-01	1.199999999999999956e+00	4.916090791008993245e-03
3.280000000000000000e+02	2.208051557016772162e-04	2.077799028833139661e-01	1.496386146184729427e-01	2.000000000000000111e-01	1.199999999999999956e+00	5.666134358509338290e-03
3.290000000000000000e+02	1.193057635127894476e-03	1.735942480371853447e-01	1.183359373686991844e-01	2.000000000000000111e-01	1.199999999999999956e+00	5.507226612472632989e-03
3.300000000000000000e+02	1.712929977510815752e-03	1.000754014531603647e-01	3.021533516566075050e-01	2.000000000000000111e-01	1.199999999999999956e+00	8.616121071964907147e-03
3.310000000000000000e+02	2.311022121411026014e-03	2.030401749539302581e-01	-3.309469124116715122e-02	2.000000000000000111e-01	1.199999999999999956e+00	4.139976598783109973e-03
3.320000000000000000e+02	-1.851989892448284176e-03	2.309111993247898731e-01	2.694345017775008344e-01	2.000000000000000111e-01	1.199999999999999956e+00	7.524390751131646189e-03
3.330000000000000000e+02	1.669711624496661570e-03	1.668629946356380012e-01	1.659142217820814835e-01	2.000000000000000111e-01	1.199999999999999956e+00	4.528147446349243752e-03
3.340000000000000000e+02	2.840358150164696508e-04	9.797705940778567157e-02	3.032098505880833628e-01	2.000000000000000111e-01	1.199999999999999956e+00	3.744613844580410751e-03
3.350000000000000000e+02	-2.271160924299160579e-03	2.276028595223392736e-01	-4.892830732589876774e-01	2.000000000000000111e-01	1.199999999999999956e+00	4.316101471317351779e-02
3.360000000000000000e+02	-9.164635008285709544e-04	2.115896990117027698e-01	1.389720651478718594e-01	2.000000000000000111e-01	1.199999999999999956e+00	5.279766586674589091e-03
3.370000000000000000e+02	2.209134593808322576e-03	5.722710072749915416e-02	5.829783944994644251e-01	2.000000000000000111e-01	1.199999999999999956e+00	6.097392177663482106e-03
3.380000000000000000e+02	-4.425997285165507618e-03	4.915140583432893173e-01	-8.790791751950761679e-01	2.000000000000000111e-01	1.199999999999999956e+00	6.209562535397477288e-03
3.390000000000000000e+02	2.088769860992929165e-03	6.393661947620084274e-02	5.967218764803994269e-01	2.000000000000000111e-01	1.199999999999999956e+00	1.030678039505114087e-02
3.400000000000000000e+02	5.269428504248794241e-03	6.631697501160380148e-02	5.659216008324681191e-01	2.000000000000000111e-01	1.199999999999999956e+00	2.342159959942411232e-02
3.410000000000000000e+02	8.342828166710992283e-04	1.064524259815599061e-01	4.832231750223523470e-01	2.000000000000000111e-01	1.199999999999999956e+00	4.541955682957446103e-03
3.420000000000000000e+02	4.599743104193982322e-04	1.443505522157007004e-01	2.384578399749055500e-01	2.000000000000000111e-01	1.199999999999999956e+00	3.153156039089926883e-03
3.430000000000000000e+02	-1.740588722894533024e-03	4.857472838374484181e-01	-9.801343250782785788e-01	2.000000000000000111e-01	1.199999999999999956e+00	9.018030986168662153e-03
3.440000000000000000e+02	-1.665781419436051342e-04	1.763081337427640227e-01	3.706758586622100893e-01	2.000000000000000111e-01	1.199999999999999956e+00	9.109417401658869221e-03
3.450000000000000000e+02	2.615694383016519547e-03	1.949791647734557543e-01	1.146228235274016072e-02	2.000000000000000111e-01	1.199999999999999956e+00	4.557703592265334620e-03
3.460000000000000000e+02	-7.294648673997249436e-04	2.133369607556604430e-01	1.561139193962866045e-01	2.000000000000000111e-01	1.199999999999999956e+00	4.780888977201609193e-03
3.470000000000000000e+02	-4.185641628361393661e-03	4.458959043915203813e-01	-4.284531947479006675e-01	2.000000000000000111e-01	1.199999999999999956e+00	4.814261750752260073e-03
3.480000000000000000e+02	6.171156545665106539e-03	3.096995422322562086e-01	-2.363309996375910771e-01	2.000000000000000111e-01	1.199999999999999956e+00	4.907156960870409472e-03
3.490000000000000000e+02	2.441651412281619846e-03	2.202711231510273704e-01	1.875368675924562467e-01	2.000000000000000111e-01	1.199999999999999956e+00	1.556753567010140142e-03
3.500000000000000000e+02	1.811253301815984396e-03	1.690900886062926267e-01	1.790355257524183230e-01	2.000000000000000111e-01	1.199999999999999956e+00	7.480392731671711704e-03
3.510000000000000000e+02	4.609310411356899967e-04	1.953317396238353210e-01	1.544921842328115247e-01	2.000000000000000111e-01	1.199999999999999956e+00	2.108765496992786193e-03
3.520000000000000000e+02	2.366754852271250962e-03	1.492059908838742621e-01	2.501335588452602288e-01	2.000000000000000111e-01	1.199999999999999956e+00	3.563013207518256342e-03
3.530000000000000000e+02	1.793539023173305750e-03	1.310153034922319215e-01	3.208700046463115463e-01	2.000000000000000111e-01	1.199999999999999956e+00	4.921243504125133623e-03
3.540000000000000000e+02	2.465807971690426020e-03	1.004993048078908491e-01	3.656619096404394309e-01	2.000000000000000111e-01	1.199999999999999956e+00	4.819926442028798531e-03
3.550000000000000000e+02	3.951227204005953271e-04	2.744360835901580864e-01	7.691241241610669022e-02	2.000000000000000111e-01	1.199999999999999956e+00	3.479198742358390658e-03
3.560000000000000000e+02	2.648764796921638555e-03	1.006233478498984174e-01	4.404042187323098378e-01	2.000000000000000111e-01	1.199999999999999956e+00	4.985391790483372811e-03
3.570000000000000000e+02	5.037292182939614267e-04	9.561604398109432856e-02	5.073873095401779665e-01	2.000000000000000111e-01	1.199999999999999956e+00	6.359273513213771316e-03
3.580000000000000000e+02	5.840714402208184615e-03	2.635302813919547793e-01	-4.227749411848158445e-02	2.000000000000000111e-01	1.199999999999999956e+00	6.640597584986101046e-03
3.590000000000000000e+02	2.370741552194999789e-03	1.651303219182207183e-01	1.509925938811034207e-01	2.000000000000000111e-01	1.199999999999999956e+00	1.176623359205314356e-02
3.600000000000000000e+02	2.631872235270999675e-03	2.490205022223520304e-01	-3.989406463410194448e-02	2.000000000000000111e-01	1.199999999999999956e+00	6.763614878399798469e-03
3.610000000000000000e+02	3.708271230142857751e-04	1.792128084420089584e-01	4.049004236614246466e-01	2.000000000000000111e-01	1.199999999999999956e+00	9.061663468872624069e-03
3.620000000000000000e+02	3.234971514649214418e-03	6.136579423701474939e-02	6.351457114575472795e-01	2.000000000000000111e-01	1.199999999999999956e+00	9.124506918178612244e-03
3.630000000000000000e+02	1.333703449393288092e-03	1.069168308545504487e-01	4.888759999018872371e-01	2.000000000000000111e-01	1.199999999999999956e+00	5.498447435350744227e-03
3.640000000000000000e+02	9.090075058085313880e-03	4.099700959631789043e-01	-6.182468698947793939e-01	2.000000000000000111e-01	1.199999999999999956e+00	7.440843240894778020e-03
3.650000000000000000e+02	7.458939855287834847e-03	1.878705552133591583e-02	6.440582495485462911e-01	2.000000000000000111e-01	1.199999999999999956e+00	1.254669155858911291e-02
3.660000000000000000e+02	2.603260144798431094e-03	1.690860812250700451e-01	2.797647347167226961e-01	2.000000000000000111e-01	1.199999999999999956e+00	9.791561637166990018e-03
3.670000000000000000e+02	8.501967999586923898e-04	1.821134245720029687e-01	1.681148016228632969e-01	2.000000000000000111e-01	1.199999999999999956e+00	6.306256052542431878e-03
3.680000000000000000e+02	7.349740563366105074e-03	1.122856740978668728e-02	6.794928901268777466e-01	2.000000000000000111e-01	1.199999999999999956e+00	1.399260347864457465e-02
3.690000000000000000e+02	-1.835473127145069222e-03	2.938503109382295531e-01	1.072600366092926194e-01	2.000000000000000111e-01	1.199999999999999956e+00	5.646460383891769783e-03
3.700000000000000000e+02	-2.542101573390583014e-03	2.870894421405628116e-01	9.789500905575376777e-02	2.000000000000000111e-01	1.199999999999999956e+00	1.478635630607509632e-02
3.710000000000000000e+02	4.905588760278653624e-04	7.366958031496489978e-02	5.273201470433384053e-01	2.000000000000000111e-01	1.199999999999999956e+00	4.519330393264413444e-03
3.720000000000000000e+02	-7.511034107806372102e-03	5.093638627289337473e-01	-5.042809889927015732e-01	2.000000000000000111e-01	1.199999999999999956e+00	7.657343473293197651e-03
3.730000000000000000e+02	-2.656428165919175275e-03	2.414574640983900011e-01	-2.479351594517344992e-01	2.000000000000000111e-01	1.199999999999999956e+00	6.730345714370329635e-02
3.740000000000000000e+02	-1.159900745333629672e-04	2.556623841555257792e-01	8.848786600891545007e-02	2.000000000000000111e-01	1.199999999999999956e+00	9.942238093081796554e-03
3.750000000000000000e+02	1.498131650573680850e-03	1.178237130487792689e-01	4.133354877085300139e-01	2.000000000000000111e-01	1.199999999999999956e+00	4.232121628757659799e-03
3.760000000000000000e+02	1.125872968343690373e-03	2.174591986799276067e-01	-1.019213372113094707e-01	2.000000000000000111e-01	1.199999999999999956e+00	5.086558250077213850e-03
3.770000000000000000e+02	5.955534985004349961e-03	3.984214886200936447e-04	8.015676610972066740e-01	2.000000000000000111e-01	1.199999999999999956e+00	3.715860258323119142e-02
3.780000000000000000e+02	-5.527997039611388247e-02	1.350175432283042598e+00	-3.628888732300868725e+00	2.000000000000000111e-01	1.199999999999999956e+00	1.791564438135691550e-01
3.790000000000000000e+02	1.142637079958753977e-03	1.518084905140168195e-01	2.551989537073482417e-01	2.000000000000000111e-01	1.199999999999999956e+00	5.235395830312466678e-03
3.800000000000000000e+02	7.900450758607236975e-04	2.564625019416222340e-02	7.186276739857772045e-01	2.000000000000000111e-01	1.199999999999999956e+00	6.598987981802958112e-03
3.810000000000000000e+02	1.324617331104863030e-04	1.670227039409228897e-01	3.490315504983136918e-01	2.000000000000000111e-01	1.199999999999999956e+00	1.117177766352418430e-02
3.820000000000000000e+02	1.375992191342622446e-03	1.144616454244257314e-01	3.750160395985995265e-01	2.000000000000000111e-01	1.199999999999999956e+00	4.978892433147674365e-03
3.830000000000000000e+02	1.968391444317128987e-03	1.645782145080882941e-01	3.015668402844253748e-01	2.000000000000000111e-01	1.199999999999999956e+00	4.215169874786173568e-03
