# lsbPerExcitatoryMicroSiemens:
1000.0
# lsbPerInhibitoryMicroSiemens:
250.0
# drviout_base:
1.5
# drvifall_base:
1.0
# calibration factors:
1.000000000000000000e+00
1.000000000000000000e+00
1.000000000000000000e+00
1.000000000000000000e+00
1.000000000000000000e+00
1.000000000000000000e+00
1.000000000000000000e+00
1.000000000000000000e+00
1.000000000000000000e+00
1.000000000000000000e+00
1.000000000000000000e+00
1.000000000000000000e+00
1.000000000000000000e+00
1.000000000000000000e+00
1.000000000000000000e+00
1.000000000000000000e+00
1.000000000000000000e+00
1.000000000000000000e+00
1.000000000000000000e+00
1.000000000000000000e+00
1.000000000000000000e+00
1.000000000000000000e+00
1.000000000000000000e+00
1.000000000000000000e+00
1.000000000000000000e+00
1.000000000000000000e+00
1.000000000000000000e+00
1.000000000000000000e+00
1.000000000000000000e+00
1.000000000000000000e+00
1.000000000000000000e+00
1.000000000000000000e+00
1.000000000000000000e+00
1.000000000000000000e+00
1.000000000000000000e+00
1.000000000000000000e+00
1.000000000000000000e+00
1.000000000000000000e+00
1.000000000000000000e+00
1.000000000000000000e+00
1.000000000000000000e+00
1.000000000000000000e+00
1.000000000000000000e+00
1.000000000000000000e+00
1.000000000000000000e+00
1.000000000000000000e+00
1.000000000000000000e+00
1.000000000000000000e+00
1.000000000000000000e+00
1.000000000000000000e+00
1.000000000000000000e+00
1.000000000000000000e+00
1.000000000000000000e+00
1.000000000000000000e+00
1.000000000000000000e+00
1.000000000000000000e+00
1.000000000000000000e+00
1.000000000000000000e+00
1.000000000000000000e+00
1.000000000000000000e+00
1.000000000000000000e+00
1.000000000000000000e+00
1.000000000000000000e+00
1.000000000000000000e+00
1.000000000000000000e+00
1.000000000000000000e+00
1.000000000000000000e+00
1.000000000000000000e+00
1.000000000000000000e+00
1.000000000000000000e+00
1.000000000000000000e+00
1.000000000000000000e+00
1.000000000000000000e+00
1.000000000000000000e+00
1.000000000000000000e+00
1.000000000000000000e+00
1.000000000000000000e+00
1.000000000000000000e+00
1.000000000000000000e+00
1.000000000000000000e+00
1.000000000000000000e+00
1.000000000000000000e+00
1.000000000000000000e+00
1.000000000000000000e+00
1.000000000000000000e+00
1.000000000000000000e+00
1.000000000000000000e+00
1.000000000000000000e+00
1.000000000000000000e+00
1.000000000000000000e+00
1.000000000000000000e+00
1.000000000000000000e+00
1.000000000000000000e+00
1.000000000000000000e+00
1.000000000000000000e+00
1.000000000000000000e+00
1.000000000000000000e+00
1.000000000000000000e+00
1.000000000000000000e+00
1.000000000000000000e+00
1.000000000000000000e+00
1.000000000000000000e+00
1.000000000000000000e+00
1.000000000000000000e+00
1.000000000000000000e+00
1.000000000000000000e+00
1.000000000000000000e+00
1.000000000000000000e+00
1.000000000000000000e+00
1.000000000000000000e+00
1.000000000000000000e+00
1.000000000000000000e+00
1.000000000000000000e+00
1.000000000000000000e+00
1.000000000000000000e+00
1.000000000000000000e+00
1.000000000000000000e+00
1.000000000000000000e+00
1.000000000000000000e+00
1.000000000000000000e+00
1.000000000000000000e+00
1.000000000000000000e+00
1.000000000000000000e+00
1.000000000000000000e+00
1.000000000000000000e+00
1.000000000000000000e+00
1.000000000000000000e+00
1.000000000000000000e+00
1.000000000000000000e+00
1.000000000000000000e+00
1.000000000000000000e+00
1.000000000000000000e+00
1.000000000000000000e+00
1.000000000000000000e+00
1.000000000000000000e+00
1.000000000000000000e+00
1.000000000000000000e+00
1.000000000000000000e+00
1.000000000000000000e+00
1.000000000000000000e+00
1.000000000000000000e+00
1.000000000000000000e+00
1.000000000000000000e+00
1.000000000000000000e+00
1.000000000000000000e+00
1.000000000000000000e+00
1.000000000000000000e+00
1.000000000000000000e+00
1.000000000000000000e+00
1.000000000000000000e+00
1.000000000000000000e+00
1.000000000000000000e+00
1.000000000000000000e+00
1.000000000000000000e+00
1.000000000000000000e+00
1.000000000000000000e+00
1.000000000000000000e+00
1.000000000000000000e+00
1.000000000000000000e+00
1.000000000000000000e+00
1.000000000000000000e+00
1.000000000000000000e+00
1.000000000000000000e+00
1.000000000000000000e+00
1.000000000000000000e+00
1.000000000000000000e+00
1.000000000000000000e+00
1.000000000000000000e+00
1.000000000000000000e+00
1.000000000000000000e+00
1.000000000000000000e+00
1.000000000000000000e+00
1.000000000000000000e+00
1.000000000000000000e+00
1.000000000000000000e+00
1.000000000000000000e+00
1.000000000000000000e+00
1.000000000000000000e+00
1.000000000000000000e+00
1.000000000000000000e+00
1.000000000000000000e+00
1.000000000000000000e+00
1.000000000000000000e+00
1.000000000000000000e+00
1.000000000000000000e+00
1.000000000000000000e+00
1.000000000000000000e+00
1.000000000000000000e+00
1.000000000000000000e+00
1.000000000000000000e+00
1.000000000000000000e+00
1.000000000000000000e+00
1.000000000000000000e+00
1.000000000000000000e+00
1.000000000000000000e+00
1.000000000000000000e+00
1.000000000000000000e+00
1.000000000000000000e+00
1.000000000000000000e+00
1.000000000000000000e+00
1.000000000000000000e+00
1.000000000000000000e+00
1.000000000000000000e+00
1.000000000000000000e+00
1.000000000000000000e+00
1.000000000000000000e+00
1.000000000000000000e+00
1.000000000000000000e+00
1.000000000000000000e+00
1.000000000000000000e+00
1.000000000000000000e+00
1.000000000000000000e+00
1.000000000000000000e+00
1.000000000000000000e+00
1.000000000000000000e+00
1.000000000000000000e+00
1.000000000000000000e+00
1.000000000000000000e+00
1.000000000000000000e+00
1.000000000000000000e+00
1.000000000000000000e+00
1.000000000000000000e+00
1.000000000000000000e+00
1.000000000000000000e+00
1.000000000000000000e+00
1.000000000000000000e+00
1.000000000000000000e+00
1.000000000000000000e+00
1.000000000000000000e+00
1.000000000000000000e+00
1.000000000000000000e+00
1.000000000000000000e+00
1.000000000000000000e+00
1.000000000000000000e+00
1.000000000000000000e+00
1.000000000000000000e+00
1.000000000000000000e+00
1.000000000000000000e+00
1.000000000000000000e+00
1.000000000000000000e+00
1.000000000000000000e+00
1.000000000000000000e+00
1.000000000000000000e+00
1.000000000000000000e+00
1.000000000000000000e+00
1.000000000000000000e+00
1.000000000000000000e+00
1.000000000000000000e+00
1.000000000000000000e+00
1.000000000000000000e+00
1.000000000000000000e+00
1.000000000000000000e+00
1.000000000000000000e+00
1.000000000000000000e+00
1.000000000000000000e+00
1.000000000000000000e+00
1.660156250000000000e+00
9.700520833333333703e-01
9.960937500000000000e-01
1.061197916666666741e+00
9.830729166666666297e-01
1.009114583333333259e+00
9.960937500000000000e-01
9.700520833333333703e-01
1.009114583333333259e+00
9.830729166666666297e-01
9.700520833333333703e-01
9.049479166666666297e-01
1.009114583333333259e+00
9.440104166666666297e-01
9.960937500000000000e-01
9.830729166666666297e-01
9.700520833333333703e-01
1.048177083333333259e+00
1.660156250000000000e+00
1.503906250000000000e+00
9.570312500000000000e-01
1.009114583333333259e+00
9.830729166666666297e-01
1.035156250000000000e+00
9.830729166666666297e-01
9.309895833333333703e-01
9.309895833333333703e-01
1.009114583333333259e+00
9.960937500000000000e-01
9.830729166666666297e-01
9.830729166666666297e-01
1.035156250000000000e+00
9.309895833333333703e-01
1.035156250000000000e+00
9.440104166666666297e-01
9.830729166666666297e-01
1.061197916666666741e+00
9.830729166666666297e-01
1.022135416666666741e+00
9.700520833333333703e-01
1.061197916666666741e+00
1.022135416666666741e+00
9.830729166666666297e-01
9.700520833333333703e-01
1.009114583333333259e+00
1.061197916666666741e+00
1.660156250000000000e+00
9.830729166666666297e-01
9.700520833333333703e-01
1.256510416666666741e+00
1.009114583333333259e+00
9.700520833333333703e-01
1.048177083333333259e+00
9.960937500000000000e-01
9.700520833333333703e-01
1.022135416666666741e+00
1.660156250000000000e+00
9.960937500000000000e-01
1.048177083333333259e+00
1.022135416666666741e+00
9.309895833333333703e-01
9.440104166666666297e-01
9.700520833333333703e-01
9.960937500000000000e-01
9.830729166666666297e-01
9.700520833333333703e-01
9.960937500000000000e-01
9.830729166666666297e-01
9.960937500000000000e-01
9.960937500000000000e-01
1.048177083333333259e+00
1.009114583333333259e+00
1.022135416666666741e+00
1.412760416666666741e+00
1.399739583333333259e+00
1.009114583333333259e+00
9.960937500000000000e-01
9.700520833333333703e-01
1.660156250000000000e+00
9.830729166666666297e-01
1.048177083333333259e+00
9.960937500000000000e-01
9.960937500000000000e-01
1.660156250000000000e+00
1.022135416666666741e+00
9.960937500000000000e-01
1.660156250000000000e+00
9.830729166666666297e-01
1.074218750000000000e+00
9.440104166666666297e-01
9.309895833333333703e-01
9.960937500000000000e-01
1.009114583333333259e+00
9.830729166666666297e-01
9.700520833333333703e-01
1.022135416666666741e+00
9.440104166666666297e-01
1.022135416666666741e+00
1.048177083333333259e+00
9.700520833333333703e-01
9.830729166666666297e-01
9.830729166666666297e-01
1.595052083333333259e+00
1.100260416666666741e+00
1.061197916666666741e+00
9.830729166666666297e-01
1.061197916666666741e+00
1.035156250000000000e+00
9.960937500000000000e-01
1.152343750000000000e+00
1.022135416666666741e+00
1.048177083333333259e+00
1.269531250000000000e+00
1.660156250000000000e+00
9.570312500000000000e-01
9.700520833333333703e-01
1.061197916666666741e+00
1.009114583333333259e+00
9.700520833333333703e-01
1.048177083333333259e+00
9.700520833333333703e-01
1.009114583333333259e+00
1.009114583333333259e+00
1.360677083333333259e+00
9.960937500000000000e-01
9.960937500000000000e-01
1.061197916666666741e+00
1.660156250000000000e+00
9.700520833333333703e-01
1.009114583333333259e+00
1.009114583333333259e+00
9.960937500000000000e-01
9.700520833333333703e-01
9.830729166666666297e-01
1.022135416666666741e+00
9.830729166666666297e-01
1.048177083333333259e+00
9.830729166666666297e-01
1.009114583333333259e+00
9.960937500000000000e-01
9.700520833333333703e-01
9.830729166666666297e-01
1.009114583333333259e+00
1.022135416666666741e+00
9.830729166666666297e-01
1.022135416666666741e+00
1.048177083333333259e+00
1.022135416666666741e+00
1.009114583333333259e+00
9.960937500000000000e-01
9.960937500000000000e-01
1.048177083333333259e+00
9.570312500000000000e-01
1.035156250000000000e+00
9.960937500000000000e-01
1.022135416666666741e+00
9.960937500000000000e-01
1.009114583333333259e+00
9.960937500000000000e-01
1.009114583333333259e+00
9.830729166666666297e-01
9.960937500000000000e-01
1.555989583333333259e+00
1.009114583333333259e+00
9.830729166666666297e-01
9.960937500000000000e-01
9.960937500000000000e-01
1.022135416666666741e+00
1.048177083333333259e+00
1.009114583333333259e+00
1.217447916666666741e+00
1.022135416666666741e+00
9.960937500000000000e-01
9.960937500000000000e-01
9.960937500000000000e-01
9.960937500000000000e-01
1.660156250000000000e+00
9.960937500000000000e-01
1.321614583333333259e+00
9.960937500000000000e-01
1.022135416666666741e+00
1.048177083333333259e+00
1.009114583333333259e+00
1.269531250000000000e+00
9.830729166666666297e-01
9.830729166666666297e-01
9.700520833333333703e-01
9.700520833333333703e-01
1.009114583333333259e+00
1.386718750000000000e+00
1.048177083333333259e+00
1.009114583333333259e+00
1.295572916666666741e+00
9.830729166666666297e-01
9.700520833333333703e-01
9.700520833333333703e-01
9.830729166666666297e-01
9.830729166666666297e-01
9.960937500000000000e-01
9.960937500000000000e-01
1.321614583333333259e+00
9.960937500000000000e-01
1.022135416666666741e+00
9.830729166666666297e-01
1.334635416666666741e+00
9.960937500000000000e-01
1.087239583333333259e+00
1.048177083333333259e+00
1.660156250000000000e+00
9.700520833333333703e-01
1.295572916666666741e+00
1.100260416666666741e+00
1.009114583333333259e+00
1.009114583333333259e+00
9.830729166666666297e-01
9.309895833333333703e-01
1.022135416666666741e+00
9.830729166666666297e-01
1.308593750000000000e+00
1.009114583333333259e+00
1.022135416666666741e+00
9.960937500000000000e-01
1.009114583333333259e+00
9.960937500000000000e-01
1.022135416666666741e+00
9.960937500000000000e-01
1.061197916666666741e+00
1.048177083333333259e+00
9.570312500000000000e-01
1.373697916666666741e+00
1.009114583333333259e+00
1.022135416666666741e+00
1.516927083333333259e+00
9.960937500000000000e-01
1.074218750000000000e+00
1.048177083333333259e+00
1.022135416666666741e+00
9.700520833333333703e-01
1.035156250000000000e+00
1.022135416666666741e+00
1.035156250000000000e+00
9.960937500000000000e-01
9.830729166666666297e-01
9.700520833333333703e-01
1.334635416666666741e+00
1.100260416666666741e+00
1.660156250000000000e+00
1.048177083333333259e+00
1.321614583333333259e+00
1.113281250000000000e+00
9.960937500000000000e-01
9.700520833333333703e-01
1.256510416666666741e+00
1.100260416666666741e+00
9.960937500000000000e-01
9.830729166666666297e-01
1.000000000000000000e+00
1.000000000000000000e+00
1.000000000000000000e+00
1.000000000000000000e+00
1.000000000000000000e+00
1.000000000000000000e+00
1.000000000000000000e+00
1.000000000000000000e+00
1.000000000000000000e+00
1.000000000000000000e+00
1.000000000000000000e+00
1.000000000000000000e+00
1.000000000000000000e+00
1.000000000000000000e+00
1.000000000000000000e+00
1.000000000000000000e+00
1.000000000000000000e+00
1.000000000000000000e+00
1.000000000000000000e+00
1.000000000000000000e+00
1.000000000000000000e+00
1.000000000000000000e+00
1.000000000000000000e+00
1.000000000000000000e+00
1.000000000000000000e+00
1.000000000000000000e+00
1.000000000000000000e+00
1.000000000000000000e+00
1.000000000000000000e+00
1.000000000000000000e+00
1.000000000000000000e+00
1.000000000000000000e+00
1.000000000000000000e+00
1.000000000000000000e+00
1.000000000000000000e+00
1.000000000000000000e+00
1.000000000000000000e+00
1.000000000000000000e+00
1.000000000000000000e+00
1.000000000000000000e+00
1.000000000000000000e+00
1.000000000000000000e+00
1.000000000000000000e+00
1.000000000000000000e+00
1.000000000000000000e+00
1.000000000000000000e+00
1.000000000000000000e+00
1.000000000000000000e+00
1.000000000000000000e+00
1.000000000000000000e+00
1.000000000000000000e+00
1.000000000000000000e+00
1.000000000000000000e+00
1.000000000000000000e+00
1.000000000000000000e+00
1.000000000000000000e+00
1.000000000000000000e+00
1.000000000000000000e+00
1.000000000000000000e+00
1.000000000000000000e+00
1.000000000000000000e+00
1.000000000000000000e+00
1.000000000000000000e+00
1.000000000000000000e+00
1.000000000000000000e+00
1.000000000000000000e+00
1.000000000000000000e+00
1.000000000000000000e+00
1.000000000000000000e+00
1.000000000000000000e+00
1.000000000000000000e+00
1.000000000000000000e+00
1.000000000000000000e+00
1.000000000000000000e+00
1.000000000000000000e+00
1.000000000000000000e+00
1.000000000000000000e+00
1.000000000000000000e+00
1.000000000000000000e+00
1.000000000000000000e+00
1.000000000000000000e+00
1.000000000000000000e+00
1.000000000000000000e+00
1.000000000000000000e+00
1.000000000000000000e+00
1.000000000000000000e+00
1.000000000000000000e+00
1.000000000000000000e+00
1.000000000000000000e+00
1.000000000000000000e+00
1.000000000000000000e+00
1.000000000000000000e+00
1.000000000000000000e+00
1.000000000000000000e+00
1.000000000000000000e+00
1.000000000000000000e+00
1.000000000000000000e+00
1.000000000000000000e+00
1.000000000000000000e+00
1.000000000000000000e+00
1.000000000000000000e+00
1.000000000000000000e+00
1.000000000000000000e+00
1.000000000000000000e+00
1.000000000000000000e+00
1.000000000000000000e+00
1.000000000000000000e+00
1.000000000000000000e+00
1.000000000000000000e+00
1.000000000000000000e+00
1.000000000000000000e+00
1.000000000000000000e+00
1.000000000000000000e+00
1.000000000000000000e+00
1.000000000000000000e+00
1.000000000000000000e+00
1.000000000000000000e+00
1.000000000000000000e+00
1.000000000000000000e+00
1.000000000000000000e+00
1.000000000000000000e+00
1.000000000000000000e+00
1.000000000000000000e+00
1.000000000000000000e+00
1.000000000000000000e+00
1.000000000000000000e+00
1.000000000000000000e+00
1.000000000000000000e+00
1.000000000000000000e+00
1.000000000000000000e+00
1.000000000000000000e+00
1.000000000000000000e+00
1.000000000000000000e+00
1.000000000000000000e+00
1.000000000000000000e+00
1.000000000000000000e+00
1.000000000000000000e+00
1.000000000000000000e+00
1.000000000000000000e+00
1.000000000000000000e+00
1.000000000000000000e+00
1.000000000000000000e+00
1.000000000000000000e+00
1.000000000000000000e+00
1.000000000000000000e+00
1.000000000000000000e+00
1.000000000000000000e+00
1.000000000000000000e+00
1.000000000000000000e+00
1.000000000000000000e+00
1.000000000000000000e+00
1.000000000000000000e+00
1.000000000000000000e+00
1.000000000000000000e+00
1.000000000000000000e+00
1.000000000000000000e+00
1.000000000000000000e+00
1.000000000000000000e+00
1.000000000000000000e+00
1.000000000000000000e+00
1.000000000000000000e+00
1.000000000000000000e+00
1.000000000000000000e+00
1.000000000000000000e+00
1.000000000000000000e+00
1.000000000000000000e+00
1.000000000000000000e+00
1.000000000000000000e+00
1.000000000000000000e+00
1.000000000000000000e+00
1.000000000000000000e+00
1.000000000000000000e+00
1.000000000000000000e+00
1.000000000000000000e+00
1.000000000000000000e+00
1.000000000000000000e+00
1.000000000000000000e+00
1.000000000000000000e+00
1.000000000000000000e+00
1.000000000000000000e+00
1.000000000000000000e+00
1.000000000000000000e+00
1.000000000000000000e+00
1.000000000000000000e+00
1.000000000000000000e+00
1.000000000000000000e+00
1.000000000000000000e+00
1.000000000000000000e+00
1.000000000000000000e+00
1.000000000000000000e+00
1.000000000000000000e+00
1.000000000000000000e+00
1.000000000000000000e+00
1.000000000000000000e+00
1.000000000000000000e+00
1.000000000000000000e+00
1.000000000000000000e+00
1.000000000000000000e+00
1.000000000000000000e+00
1.000000000000000000e+00
1.000000000000000000e+00
1.000000000000000000e+00
1.000000000000000000e+00
1.000000000000000000e+00
1.000000000000000000e+00
1.000000000000000000e+00
1.000000000000000000e+00
1.000000000000000000e+00
1.000000000000000000e+00
1.000000000000000000e+00
1.000000000000000000e+00
1.000000000000000000e+00
1.000000000000000000e+00
1.000000000000000000e+00
1.000000000000000000e+00
1.000000000000000000e+00
1.000000000000000000e+00
1.000000000000000000e+00
1.000000000000000000e+00
1.000000000000000000e+00
1.000000000000000000e+00
1.000000000000000000e+00
1.000000000000000000e+00
1.000000000000000000e+00
1.000000000000000000e+00
1.000000000000000000e+00
1.000000000000000000e+00
1.000000000000000000e+00
1.000000000000000000e+00
1.000000000000000000e+00
1.000000000000000000e+00
1.000000000000000000e+00
1.000000000000000000e+00
1.000000000000000000e+00
1.000000000000000000e+00
1.000000000000000000e+00
1.000000000000000000e+00
1.000000000000000000e+00
1.000000000000000000e+00
1.000000000000000000e+00
1.000000000000000000e+00
1.000000000000000000e+00
1.000000000000000000e+00
1.000000000000000000e+00
1.000000000000000000e+00
1.000000000000000000e+00
1.000000000000000000e+00
1.000000000000000000e+00
1.000000000000000000e+00
1.000000000000000000e+00
1.000000000000000000e+00
1.000000000000000000e+00
1.000000000000000000e+00
1.000000000000000000e+00
1.000000000000000000e+00
1.000000000000000000e+00
9.765625000000000000e-03
6.835937500000000000e-02
6.835937500000000000e-02
8.789062500000000000e-02
6.542968750000000000e-01
2.832031250000000000e-01
8.789062500000000000e-02
1.660156250000000000e-01
2.246093750000000000e-01
6.835937500000000000e-02
2.929687500000000000e-02
9.765625000000000000e-03
1.025390625000000000e+00
2.929687500000000000e-02
9.863281250000000000e-01
8.789062500000000000e-02
3.417968750000000000e-01
8.789062500000000000e-02
9.765625000000000000e-03
9.765625000000000000e-03
3.417968750000000000e-01
1.464843750000000000e-01
3.027343750000000000e-01
3.613281250000000000e-01
2.246093750000000000e-01
2.246093750000000000e-01
6.835937500000000000e-02
1.464843750000000000e-01
1.464843750000000000e-01
3.027343750000000000e-01
6.835937500000000000e-02
4.785156250000000000e-01
9.765625000000000000e-03
9.765625000000000000e-03
2.246093750000000000e-01
8.789062500000000000e-02
1.074218750000000000e-01
5.761718750000000000e-01
4.785156250000000000e-01
6.542968750000000000e-01
8.789062500000000000e-02
3.027343750000000000e-01
1.464843750000000000e-01
1.074218750000000000e-01
6.835937500000000000e-02
9.765625000000000000e-03
9.765625000000000000e-03
1.660156250000000000e-01
1.074218750000000000e-01
9.765625000000000000e-03
6.152343750000000000e-01
1.464843750000000000e-01
1.269531250000000000e-01
6.835937500000000000e-02
1.660156250000000000e-01
3.027343750000000000e-01
9.765625000000000000e-03
9.765625000000000000e-03
1.855468750000000000e-01
3.613281250000000000e-01
9.765625000000000000e-03
4.882812500000000000e-02
6.835937500000000000e-02
3.613281250000000000e-01
9.765625000000000000e-03
1.074218750000000000e-01
4.003906250000000000e-01
6.933593750000000000e-01
2.246093750000000000e-01
4.882812500000000000e-02
9.765625000000000000e-03
2.441406250000000000e-01
2.050781250000000000e-01
9.765625000000000000e-03
9.765625000000000000e-03
8.105468750000000000e-01
8.886718750000000000e-01
4.785156250000000000e-01
9.765625000000000000e-03
3.613281250000000000e-01
2.929687500000000000e-02
6.835937500000000000e-02
4.199218750000000000e-01
9.765625000000000000e-03
9.765625000000000000e-03
2.050781250000000000e-01
9.765625000000000000e-03
2.441406250000000000e-01
2.929687500000000000e-02
6.835937500000000000e-02
2.929687500000000000e-02
3.027343750000000000e-01
8.789062500000000000e-02
1.318359375000000000e+00
2.929687500000000000e-02
4.882812500000000000e-02
9.765625000000000000e-03
5.566406250000000000e-01
1.660156250000000000e-01
2.050781250000000000e-01
1.660156250000000000e-01
3.027343750000000000e-01
9.765625000000000000e-03
2.021484375000000000e+00
4.882812500000000000e-02
2.929687500000000000e-02
2.929687500000000000e-02
6.738281250000000000e-01
5.175781250000000000e-01
9.765625000000000000e-03
1.660156250000000000e-01
2.441406250000000000e-01
2.929687500000000000e-02
9.765625000000000000e-03
2.441406250000000000e-01
5.175781250000000000e-01
4.394531250000000000e-01
5.566406250000000000e-01
3.027343750000000000e-01
6.835937500000000000e-02
1.005859375000000000e+00
2.929687500000000000e-02
2.929687500000000000e-02
9.765625000000000000e-03
4.394531250000000000e-01
9.765625000000000000e-03
1.855468750000000000e-01
9.765625000000000000e-03
1.074218750000000000e-01
8.789062500000000000e-02
4.980468750000000000e-01
1.269531250000000000e-01
6.738281250000000000e-01
1.074218750000000000e-01
2.246093750000000000e-01
2.832031250000000000e-01
3.808593750000000000e-01
4.882812500000000000e-02
6.835937500000000000e-02
1.123046875000000000e+00
2.050781250000000000e-01
3.613281250000000000e-01
2.050781250000000000e-01
4.882812500000000000e-02
2.929687500000000000e-02
2.832031250000000000e-01
6.347656250000000000e-01
6.835937500000000000e-02
1.855468750000000000e-01
2.929687500000000000e-02
2.832031250000000000e-01
6.542968750000000000e-01
7.519531250000000000e-01
4.394531250000000000e-01
9.765625000000000000e-03
3.417968750000000000e-01
2.441406250000000000e-01
3.027343750000000000e-01
1.660156250000000000e-01
5.175781250000000000e-01
6.835937500000000000e-02
1.855468750000000000e-01
9.765625000000000000e-03
1.708984375000000000e+00
1.464843750000000000e-01
6.542968750000000000e-01
3.417968750000000000e-01
4.882812500000000000e-02
3.027343750000000000e-01
2.441406250000000000e-01
9.765625000000000000e-03
8.691406250000000000e-01
1.855468750000000000e-01
5.371093750000000000e-01
1.660156250000000000e-01
4.394531250000000000e-01
9.765625000000000000e-03
4.882812500000000000e-02
9.765625000000000000e-03
4.882812500000000000e-02
2.929687500000000000e-02
2.929687500000000000e-02
4.882812500000000000e-02
9.765625000000000000e-03
1.464843750000000000e-01
4.882812500000000000e-02
9.765625000000000000e-03
3.417968750000000000e-01
9.667968750000000000e-01
9.765625000000000000e-03
6.738281250000000000e-01
1.269531250000000000e-01
9.765625000000000000e-03
1.630859375000000000e+00
2.929687500000000000e-02
1.416015625000000000e+00
8.789062500000000000e-02
1.025390625000000000e+00
3.222656250000000000e-01
1.464843750000000000e-01
9.765625000000000000e-03
3.808593750000000000e-01
2.246093750000000000e-01
2.246093750000000000e-01
9.765625000000000000e-03
1.279296875000000000e+00
9.765625000000000000e-03
3.613281250000000000e-01
9.765625000000000000e-03
2.929687500000000000e-02
9.765625000000000000e-03
9.765625000000000000e-03
1.660156250000000000e-01
1.074218750000000000e-01
1.464843750000000000e-01
5.761718750000000000e-01
6.835937500000000000e-02
8.300781250000000000e-01
9.765625000000000000e-03
2.441406250000000000e-01
4.785156250000000000e-01
1.855468750000000000e-01
2.275390625000000000e+00
2.929687500000000000e-02
3.613281250000000000e-01
9.765625000000000000e-03
9.765625000000000000e-03
3.027343750000000000e-01
8.300781250000000000e-01
9.765625000000000000e-03
4.394531250000000000e-01
3.808593750000000000e-01
9.765625000000000000e-03
4.882812500000000000e-02
9.765625000000000000e-03
3.222656250000000000e-01
8.789062500000000000e-02
9.765625000000000000e-03
2.929687500000000000e-02
4.199218750000000000e-01
8.789062500000000000e-02
1.464843750000000000e-01
7.324218750000000000e-01
4.785156250000000000e-01
9.765625000000000000e-03
9.765625000000000000e-03
9.765625000000000000e-03
6.738281250000000000e-01
9.765625000000000000e-03
9.765625000000000000e-03
6.835937500000000000e-02
4.199218750000000000e-01
9.765625000000000000e-03
9.765625000000000000e-03
9.082031250000000000e-01
2.832031250000000000e-01
