0.000000000000000000e+00	-4.419557096561518286e-04	2.199107468848617297e-01	2.170972332114304848e-01	2.000000000000000111e-01	1.199999999999999956e+00	5.151045723993475343e-03
1.000000000000000000e+00	-2.023329709496920776e-03	3.960900748144651762e-01	-2.585751536117415483e-01	2.000000000000000111e-01	1.199999999999999956e+00	1.061992448823489109e-02
2.000000000000000000e+00	1.687699771492134687e-03	1.303641233909832442e-01	3.675410816139521586e-01	2.000000000000000111e-01	1.199999999999999956e+00	5.708947743046244132e-03
3.000000000000000000e+00	-7.456834394956429399e-03	5.548205121748005508e-01	-8.548091585923680569e-01	2.000000000000000111e-01	1.199999999999999956e+00	5.197995180230714427e-03
4.000000000000000000e+00	1.563835738842606201e-03	4.773426265749616121e-02	6.409205079428359486e-01	2.000000000000000111e-01	1.199999999999999956e+00	5.696271446380193372e-03
5.000000000000000000e+00	-1.279104311044247091e-03	3.168170280139778749e-01	-1.062039019211331592e-01	2.000000000000000111e-01	1.199999999999999956e+00	8.992307947647024818e-03
6.000000000000000000e+00	9.942699896787424857e-06	1.999040620937745927e-01	1.147130221193215505e-01	2.000000000000000111e-01	1.199999999999999956e+00	3.770397049983183809e-03
7.000000000000000000e+00	2.149119582406503783e-03	1.449023555574900368e-01	2.719994782075714213e-01	2.000000000000000111e-01	1.199999999999999956e+00	4.678637612915633424e-03
8.000000000000000000e+00	-5.013664351597254707e-04	3.239025536338449585e-01	-4.002493900735561994e-01	2.000000000000000111e-01	1.199999999999999956e+00	1.868275815456836575e-03
9.000000000000000000e+00	-1.351362964129271640e-04	1.746224427438383964e-01	2.930374717918491356e-01	2.000000000000000111e-01	1.199999999999999956e+00	3.957032260583003176e-03
1.000000000000000000e+01	-1.717387351180507541e-03	2.671051711214771918e-01	1.218440138002732098e-01	2.000000000000000111e-01	1.199999999999999956e+00	1.338884480390568898e-02
1.100000000000000000e+01	-1.334398053131512392e-02	6.566301933156177828e-01	-9.762871252994731464e-01	2.000000000000000111e-01	1.199999999999999956e+00	7.711628541616520616e-03
1.200000000000000000e+01	2.007290528346250113e-03	4.290560287268233020e-01	-5.023014284515521233e-01	2.000000000000000111e-01	1.199999999999999956e+00	1.402787666499749966e-02
1.300000000000000000e+01	-7.957007589787760612e-03	5.406293252260031545e-01	-6.182282457002461484e-01	2.000000000000000111e-01	1.199999999999999956e+00	1.191738611107274505e-02
1.400000000000000000e+01	5.586416506402584227e-03	1.681809211561818007e-01	3.415551027607568457e-01	2.000000000000000111e-01	1.199999999999999956e+00	4.302246731266755504e-03
1.500000000000000000e+01	1.032309558793966311e-03	2.376982157098972703e-01	2.920848040331085471e-01	2.000000000000000111e-01	1.199999999999999956e+00	1.000359933040399947e-02
1.600000000000000000e+01	-1.624014011363514309e-03	2.373443837705175585e-01	1.202422980826627352e-01	2.000000000000000111e-01	1.199999999999999956e+00	6.881263427024981658e-03
1.700000000000000000e+01	1.312369184692164853e-03	1.403777913081110940e-01	2.633590441028084150e-01	2.000000000000000111e-01	1.199999999999999956e+00	5.186402639393912495e-03
1.800000000000000000e+01	9.400340232306019774e-04	3.287817074809756823e-01	-2.310505379563596584e-01	2.000000000000000111e-01	1.199999999999999956e+00	4.539219488208968631e-03
1.900000000000000000e+01	-9.574472391674726339e-05	1.808223939815495618e-01	2.725781858840177208e-01	2.000000000000000111e-01	1.199999999999999956e+00	7.117303451950400886e-03
2.000000000000000000e+01	-9.552503138228640072e-04	2.054544580953155120e-01	1.048820100641876252e-01	2.000000000000000111e-01	1.199999999999999956e+00	1.020302772160074263e-02
2.100000000000000000e+01	-2.316290126146391005e-03	3.013997980581913372e-01	8.139938520144074374e-02	2.000000000000000111e-01	1.199999999999999956e+00	7.127219874039416106e-03
2.200000000000000000e+01	1.543399855750782071e-03	1.426684765648944253e-01	3.200843735516829547e-01	2.000000000000000111e-01	1.199999999999999956e+00	1.117306407790222798e-02
2.300000000000000000e+01	-5.384902369659421242e-05	2.114281538676559824e-01	1.651533502805273557e-01	2.000000000000000111e-01	1.199999999999999956e+00	4.863158390810432864e-03
2.400000000000000000e+01	-4.524002187794775448e-03	4.146586057970125250e-01	-2.994149351952115623e-01	2.000000000000000111e-01	1.199999999999999956e+00	9.955926541551926925e-03
2.500000000000000000e+01	-5.102264874891185341e-04	2.359157043685410349e-01	1.634326542488975242e-01	2.000000000000000111e-01	1.199999999999999956e+00	1.044795061591507861e-02
2.600000000000000000e+01	3.618683093540564895e-05	2.122068832237379021e-01	9.646638850264599441e-02	2.000000000000000111e-01	1.199999999999999956e+00	9.863889367049821777e-03
2.700000000000000000e+01	-1.605165086276552503e-03	3.463631062035467112e-01	-8.987187342665414747e-02	2.000000000000000111e-01	1.199999999999999956e+00	8.845527292572111233e-03
2.800000000000000000e+01	-3.644294310452595343e-04	2.096892483578291222e-01	1.071967041262169573e-01	2.000000000000000111e-01	1.199999999999999956e+00	5.762538048909755795e-03
2.900000000000000000e+01	-2.653782378068910309e-03	4.304909547242551371e-01	-6.490866023121650841e-01	2.000000000000000111e-01	1.199999999999999956e+00	1.131140788758368786e-02
3.000000000000000000e+01	1.171973111908954307e-03	3.212042752656993905e-01	-8.000688042944315015e-02	2.000000000000000111e-01	1.199999999999999956e+00	5.334040778795083072e-03
3.100000000000000000e+01	-1.421178576522443438e-03	5.670316298113911024e-01	-8.907219951579046224e-01	2.000000000000000111e-01	1.199999999999999956e+00	1.092127132958998006e-02
3.200000000000000000e+01	-1.080147695868154990e-02	7.018011952232365847e-01	-1.270231962854142971e+00	2.000000000000000111e-01	1.199999999999999956e+00	5.757400683256455078e-03
3.300000000000000000e+01	-4.914799780694421296e-04	2.334812681806952839e-01	1.889709027497210592e-01	2.000000000000000111e-01	1.199999999999999956e+00	7.768393168081491607e-03
3.400000000000000000e+01	-4.450863635457901792e-04	2.504683499517514345e-01	-1.243073737112210253e-01	2.000000000000000111e-01	1.199999999999999956e+00	5.504486778419688357e-03
3.500000000000000000e+01	5.474496774646170480e-04	1.609937010845791661e-01	3.824069790709216932e-01	2.000000000000000111e-01	1.199999999999999956e+00	8.981550834459121196e-03
3.600000000000000000e+01	3.163531680080312728e-04	1.913934512807913546e-01	1.414228076144028456e-01	2.000000000000000111e-01	1.199999999999999956e+00	5.100412658743925208e-03
3.700000000000000000e+01	6.362501471463256029e-04	1.368265769526104403e-01	3.017095764472710329e-01	2.000000000000000111e-01	1.199999999999999956e+00	3.453341072544944407e-03
3.800000000000000000e+01	-1.542632688065279176e-03	1.986640786372143863e-01	4.229259758499486210e-01	2.000000000000000111e-01	1.199999999999999956e+00	1.693968030656787735e-02
3.900000000000000000e+01	2.452314769808582040e-03	1.539057169875569231e-01	4.638757131584703153e-01	2.000000000000000111e-01	1.199999999999999956e+00	1.490843623171264447e-02
4.000000000000000000e+01	-8.131637898654779650e-03	5.664409335900332243e-01	-7.392029459348359310e-01	2.000000000000000111e-01	1.199999999999999956e+00	8.515604310633315480e-03
4.100000000000000000e+01	-6.262722382759831723e-03	4.771116000267477952e-01	-3.514599349660390004e-01	2.000000000000000111e-01	1.199999999999999956e+00	6.979515406341798255e-03
4.200000000000000000e+01	7.907671358309908234e-04	2.426271690023851235e-01	-1.716489318789520269e-01	2.000000000000000111e-01	1.199999999999999956e+00	4.756018417298210621e-03
4.300000000000000000e+01	9.161720568992991545e-03	1.806283535936299145e-01	1.073780298757571749e-01	2.000000000000000111e-01	1.199999999999999956e+00	1.017879776583408002e-02
4.400000000000000000e+01	3.813121346566188986e-03	2.942568117475291567e-01	-1.723017685884844497e-01	2.000000000000000111e-01	1.199999999999999956e+00	7.944907152556900456e-03
4.500000000000000000e+01	-9.609233355947573163e-02	2.010915349733367385e+00	-3.879841595037087032e+00	2.000000000000000111e-01	1.199999999999999956e+00	5.632313752275880381e-03
4.600000000000000000e+01	-6.485675247252127833e-04	2.368431328709043882e-01	1.058460059972796685e-01	2.000000000000000111e-01	1.199999999999999956e+00	3.807742498797080707e-03
4.700000000000000000e+01	2.183064914592368116e-04	2.684629433262449849e-01	3.542916076797997249e-02	2.000000000000000111e-01	1.199999999999999956e+00	1.275552893044118105e-02
4.800000000000000000e+01	-1.747374172555354118e-04	2.433822500219642304e-01	3.087957629511972613e-02	2.000000000000000111e-01	1.199999999999999956e+00	3.652090213582783167e-03
4.900000000000000000e+01	5.196733369197753354e-03	1.111595110843991430e-01	5.725049889778770495e-01	2.000000000000000111e-01	1.199999999999999956e+00	3.912564620634508689e-02
5.000000000000000000e+01	-2.202450494261462164e-04	2.855832453019148676e-01	-2.158800455487979164e-01	2.000000000000000111e-01	1.199999999999999956e+00	5.072517782788292864e-03
5.100000000000000000e+01	1.642865402469089386e-03	1.040760954800809684e-01	3.535601359058948567e-01	2.000000000000000111e-01	1.199999999999999956e+00	4.496360228410321500e-03
5.200000000000000000e+01	2.468289252070995549e-05	2.099477848097186239e-01	2.404839645322613961e-01	2.000000000000000111e-01	1.199999999999999956e+00	1.104993421772664484e-02
5.300000000000000000e+01	3.729652324840364210e-03	2.081610434755241101e-01	-3.480017673734936423e-02	2.000000000000000111e-01	1.199999999999999956e+00	6.832136513095408981e-03
5.400000000000000000e+01	-1.940392340181044993e-03	3.562866617800235503e-01	-2.313025647100452886e-03	2.000000000000000111e-01	1.199999999999999956e+00	7.691670213639793634e-03
5.500000000000000000e+01	-5.975487348520411345e-04	2.308772764126409138e-01	1.401916923395534198e-01	2.000000000000000111e-01	1.199999999999999956e+00	8.218483614449306057e-03
5.600000000000000000e+01	-1.694309854722400458e-03	2.275676112592396327e-01	3.923213685748132562e-01	2.000000000000000111e-01	1.199999999999999956e+00	9.833468182628047824e-03
5.700000000000000000e+01	3.631266673138051123e-03	2.883809512531039232e-01	-3.799795705979280847e-01	2.000000000000000111e-01	1.199999999999999956e+00	4.817103896273366818e-03
5.800000000000000000e+01	-4.324395214379889358e-04	3.165871780748679143e-01	-1.970482446845034374e-01	2.000000000000000111e-01	1.199999999999999956e+00	4.186414517143648498e-03
5.900000000000000000e+01	-6.909526641978263987e-03	4.707924104795537246e-01	-4.253060914643462809e-01	2.000000000000000111e-01	1.199999999999999956e+00	1.387729006822727325e-02
6.000000000000000000e+01	-3.960746417990073341e-03	3.709576400341686453e-01	-3.715828286087097254e-01	2.000000000000000111e-01	1.199999999999999956e+00	7.029717442573016860e-03
6.100000000000000000e+01	1.079057747050886666e-03	1.750068397044808044e-01	2.782794976788447450e-01	2.000000000000000111e-01	1.199999999999999956e+00	1.106383683097774198e-02
6.200000000000000000e+01	9.322017844500811879e-04	4.967743676685779791e-02	5.970911890616350526e-01	2.000000000000000111e-01	1.199999999999999956e+00	4.881621630064793792e-03
6.300000000000000000e+01	-3.356372525292093505e-03	4.066815040601750586e-01	-3.258859727364162850e-01	2.000000000000000111e-01	1.199999999999999956e+00	5.908366803957510772e-03
6.400000000000000000e+01	8.726757361242801214e-03	3.155329740610293143e-01	-3.305245162037362405e-01	2.000000000000000111e-01	1.199999999999999956e+00	6.054816852383936195e-03
6.500000000000000000e+01	-4.203915072937370462e-03	3.789601690819774937e-01	-2.325201127059068895e-01	2.000000000000000111e-01	1.199999999999999956e+00	5.016523749861627815e-03
6.600000000000000000e+01	-5.934230669439875469e-03	3.852899354908986274e-01	-9.215259482415634196e-01	2.000000000000000111e-01	1.199999999999999956e+00	1.034286781508307433e-02
6.700000000000000000e+01	-4.021226985056697376e-04	2.251831664040197800e-01	1.194875921914722028e-01	2.000000000000000111e-01	1.199999999999999956e+00	7.910096076911064464e-03
6.800000000000000000e+01	1.382774567210563266e-03	7.802796901838288113e-02	4.959171278793714777e-01	2.000000000000000111e-01	1.199999999999999956e+00	4.645190517324627143e-03
6.900000000000000000e+01	-8.643649895178361119e-04	1.888707351758122377e-01	2.256854277285800237e-01	2.000000000000000111e-01	1.199999999999999956e+00	4.458287423837526721e-03
7.000000000000000000e+01	-3.420228469576811012e-03	4.077418573840498328e-01	-4.248363771506395992e-01	2.000000000000000111e-01	1.199999999999999956e+00	9.429411728759922590e-03
7.100000000000000000e+01	2.042036758474375865e-03	1.205893976527143696e-01	3.725211601095881342e-01	2.000000000000000111e-01	1.199999999999999956e+00	4.325619814915341102e-03
7.200000000000000000e+01	-9.696375976932085708e-03	5.694918543900796548e-01	-8.714257491445662751e-01	2.000000000000000111e-01	1.199999999999999956e+00	2.024386028552987646e-02
7.300000000000000000e+01	6.991922019020739001e-04	1.004340345630476417e-01	4.258637780779097604e-01	2.000000000000000111e-01	1.199999999999999956e+00	2.528330272450805046e-03
7.400000000000000000e+01	1.197782647460310943e-03	3.945880187360719521e-02	7.098818275538094635e-01	2.000000000000000111e-01	1.199999999999999956e+00	6.812744935588802529e-03
7.500000000000000000e+01	-5.103904718621674053e-02	1.308427546001449393e+00	-2.500327867924655223e+00	2.000000000000000111e-01	1.199999999999999956e+00	7.738630730850464164e-03
7.600000000000000000e+01	-1.778335718596158084e-03	3.023271961563636090e-01	-1.882911721670090799e-01	2.000000000000000111e-01	1.199999999999999956e+00	6.027363381995803036e-03
7.700000000000000000e+01	1.667355092612581859e-04	1.504125505340187241e-01	1.729050492959109953e-01	2.000000000000000111e-01	1.199999999999999956e+00	4.068833230532814191e-03
7.800000000000000000e+01	1.790257539979676817e-03	1.601999575665512821e-01	2.429613699480643874e-01	2.000000000000000111e-01	1.199999999999999956e+00	6.300150289255588253e-03
7.900000000000000000e+01	8.073236756412418289e-04	2.863251748754505610e-01	1.629765604621447039e-02	2.000000000000000111e-01	1.199999999999999956e+00	6.183615697809416965e-03
8.000000000000000000e+01	1.526269341142612659e-03	2.777926469303997892e-01	-2.971361290562084534e-01	2.000000000000000111e-01	1.199999999999999956e+00	3.713813528762327596e-03
8.100000000000000000e+01	9.862730426857401638e-05	1.289557353432881082e-01	3.636204925472932281e-01	2.000000000000000111e-01	1.199999999999999956e+00	7.205265286303107718e-03
8.200000000000000000e+01	-8.377143714685456738e-03	5.478061675210946779e-01	-6.248839674555037860e-01	2.000000000000000111e-01	1.199999999999999956e+00	1.135283723759296717e-02
8.300000000000000000e+01	1.050235711963004451e-03	1.289343565843050488e-01	4.292857053221283969e-01	2.000000000000000111e-01	1.199999999999999956e+00	6.518953861097562252e-03
8.400000000000000000e+01	6.028128418262279631e-03	2.027820690035866957e-01	2.971785366155499375e-02	2.000000000000000111e-01	1.199999999999999956e+00	6.091592889951788319e-03
8.500000000000000000e+01	-5.338428650440028150e-02	1.245000340043524112e+00	-1.702618869157420001e+00	2.000000000000000111e-01	1.199999999999999956e+00	1.302426872222269515e-02
8.600000000000000000e+01	-7.809402620516457671e-03	4.439051213337059099e-01	-4.291390812196702598e-01	2.000000000000000111e-01	1.199999999999999956e+00	1.164110286263161931e-02
8.700000000000000000e+01	2.885545704629726305e-03	2.213450910387173565e-01	1.603871363194899757e-01	2.000000000000000111e-01	1.199999999999999956e+00	1.182315508935778171e-02
8.800000000000000000e+01	3.832971631971509425e-04	6.749161410237530800e-02	4.274810949606941968e-01	2.000000000000000111e-01	1.199999999999999956e+00	1.862303903694846000e-03
8.900000000000000000e+01	2.061766905633075943e-03	1.257395122456968495e-01	4.316352998523433904e-01	2.000000000000000111e-01	1.199999999999999956e+00	6.385779195400327277e-03
9.000000000000000000e+01	-9.177074855981414781e-04	2.741606662300498098e-01	-1.404568952290619066e-01	2.000000000000000111e-01	1.199999999999999956e+00	6.547044902843453772e-03
9.100000000000000000e+01	9.410887319519414124e-04	1.558431311382516560e-01	4.449384116855350513e-01	2.000000000000000111e-01	1.199999999999999956e+00	1.485829589417992681e-02
9.200000000000000000e+01	-6.002614905000658074e-05	2.802178515404155634e-01	-5.062956776251636981e-02	2.000000000000000111e-01	1.199999999999999956e+00	1.134531990510180381e-02
9.300000000000000000e+01	-1.389966707461988762e-02	7.134655960815452502e-01	-1.073020111445576852e+00	2.000000000000000111e-01	1.199999999999999956e+00	1.029837327462164963e-02
9.400000000000000000e+01	-6.142354977699596673e-03	4.687684169517508659e-01	-2.592002575420790933e-01	2.000000000000000111e-01	1.199999999999999956e+00	1.229852357444331627e-02
9.500000000000000000e+01	-2.497025890674687155e-03	3.592254685306098816e-01	-3.632024470001731231e-01	2.000000000000000111e-01	1.199999999999999956e+00	5.098749855572103258e-03
9.600000000000000000e+01	8.064442757942917204e-04	1.976753514709864157e-01	2.943427439047163752e-01	2.000000000000000111e-01	1.199999999999999956e+00	4.888862046951948301e-03
9.700000000000000000e+01	3.347989801292343133e-04	3.434367515317398589e-01	-6.780933709576153490e-01	2.000000000000000111e-01	1.199999999999999956e+00	4.620099216793301100e-03
9.800000000000000000e+01	2.817413611727700995e-03	1.232948157257240801e-01	3.103451807369466131e-01	2.000000000000000111e-01	1.199999999999999956e+00	4.735920179596998965e-03
9.900000000000000000e+01	-7.052178526948134742e-04	2.182270987637709714e-01	2.462958413431381999e-01	2.000000000000000111e-01	1.199999999999999956e+00	5.090404641410689948e-03
1.000000000000000000e+02	-3.088962820121521748e-05	1.027616618876152355e-01	4.560578655860587638e-01	2.000000000000000111e-01	1.199999999999999956e+00	5.690591654947951827e-03
1.010000000000000000e+02	-2.409305277877678807e-03	2.765857858581737827e-01	1.006342617388309435e-01	2.000000000000000111e-01	1.199999999999999956e+00	7.603753261465589185e-03
1.020000000000000000e+02	1.631349313786066395e-03	2.165352802931953258e-01	1.432139647402093097e-01	2.000000000000000111e-01	1.199999999999999956e+00	8.584633260519376405e-03
1.030000000000000000e+02	8.767897624015570039e-05	2.341285831556289554e-01	1.059222955205965100e-01	2.000000000000000111e-01	1.199999999999999956e+00	5.823435494005215277e-03
1.040000000000000000e+02	-1.797514451094895521e-02	7.629528789664815625e-01	-1.168192911987265603e+00	2.000000000000000111e-01	1.199999999999999956e+00	1.218811808641507947e-02
1.050000000000000000e+02	2.373674143746261084e-03	2.842987499100118609e-01	-1.120705900748846240e-01	2.000000000000000111e-01	1.199999999999999956e+00	5.963328555619554217e-03
1.060000000000000000e+02	1.882305026419053492e-03	1.226262331489735707e-01	5.219700546618923909e-01	2.000000000000000111e-01	1.199999999999999956e+00	1.744196032687736139e-02
1.070000000000000000e+02	4.171511218550730607e-03	2.416456273504548058e-01	-1.488478875170859972e-01	2.000000000000000111e-01	1.199999999999999956e+00	5.633869306203878775e-03
1.080000000000000000e+02	-6.509392899419847757e-03	5.617322856242706886e-01	-1.117553845287638126e+00	2.000000000000000111e-01	1.199999999999999956e+00	8.316134988453236995e-03
1.090000000000000000e+02	4.625201579457187428e-04	1.440035878662510316e-01	4.783573884636740381e-01	2.000000000000000111e-01	1.199999999999999956e+00	9.019605917643227014e-03
1.100000000000000000e+02	1.372737648132218644e-03	1.690137635107612502e-01	1.595236502281043300e-01	2.000000000000000111e-01	1.199999999999999956e+00	6.467380870176300811e-03
1.110000000000000000e+02	-9.046451467203747102e-04	2.598607481619841231e-01	3.511215672070111538e-02	2.000000000000000111e-01	1.199999999999999956e+00	5.881040769950514509e-03
1.120000000000000000e+02	8.729490744999445504e-04	4.906319458217613116e-02	5.896683084364022776e-01	2.000000000000000111e-01	1.199999999999999956e+00	2.736853375127087408e-03
1.130000000000000000e+02	2.012961943340294078e-03	8.553822499119222156e-02	4.112406183543502181e-01	2.000000000000000111e-01	1.199999999999999956e+00	6.107959575944263246e-03
1.140000000000000000e+02	-1.569784433135537811e-04	2.639811281974255852e-01	-8.413934983048321214e-03	2.000000000000000111e-01	1.199999999999999956e+00	5.140657298772934210e-03
1.150000000000000000e+02	6.810001705698977433e-05	1.940081240886322445e-01	2.874054203190827828e-01	2.000000000000000111e-01	1.199999999999999956e+00	7.503362839121803692e-03
1.160000000000000000e+02	-5.580833661574652587e-05	1.824453729267593582e-01	3.789169793653415219e-01	2.000000000000000111e-01	1.199999999999999956e+00	3.289583024569548656e-03
1.170000000000000000e+02	3.094966368234081892e-03	4.906519694474667515e-01	-9.060572423470905079e-01	2.000000000000000111e-01	1.199999999999999956e+00	5.442002752530985046e-03
1.180000000000000000e+02	3.369425951276122167e-05	1.891563207574683270e-01	3.860695247897623084e-01	2.000000000000000111e-01	1.199999999999999956e+00	1.087887376925602764e-02
1.190000000000000000e+02	-1.699578070481432522e-03	3.832035689950096802e-01	-7.100977433342769984e-02	2.000000000000000111e-01	1.199999999999999956e+00	9.708151059140284617e-03
1.200000000000000000e+02	3.226526616973189945e-04	1.922938456817690489e-01	3.073613825278540546e-01	2.000000000000000111e-01	1.199999999999999956e+00	7.370798283344384867e-03
1.210000000000000000e+02	-3.042747174899918059e-03	2.603621344895435952e-01	-4.967509680343979994e-01	2.000000000000000111e-01	1.199999999999999956e+00	3.054398967875762358e-02
1.220000000000000000e+02	6.358715544108196459e-04	2.854214696918164207e-01	-2.638618786401978333e-01	2.000000000000000111e-01	1.199999999999999956e+00	4.463015640628369661e-03
1.230000000000000000e+02	1.003483074699756906e-03	3.110556849117095957e-01	-5.423204970803352509e-02	2.000000000000000111e-01	1.199999999999999956e+00	1.003607541663241801e-02
1.240000000000000000e+02	-1.366941146185515505e-03	2.478916970481923332e-01	1.090375294399379413e-01	2.000000000000000111e-01	1.199999999999999956e+00	8.863586462014757736e-03
1.250000000000000000e+02	-1.078661914440801409e-02	5.986115018871990268e-01	-9.682965419682361130e-01	2.000000000000000111e-01	1.199999999999999956e+00	1.190903697351233977e-02
1.260000000000000000e+02	-7.907759117782095157e-03	5.819532723447928824e-01	-5.150735494825688932e-01	2.000000000000000111e-01	1.199999999999999956e+00	8.406611448641089154e-03
1.270000000000000000e+02	3.905191722369341558e-03	1.161203442778914463e-01	4.889023300959070006e-01	2.000000000000000111e-01	1.199999999999999956e+00	1.758601622236138570e-02
1.280000000000000000e+02	1.084434716361574015e-03	1.681159295840559675e-01	2.825428191428525082e-01	2.000000000000000111e-01	1.199999999999999956e+00	1.023759670819202397e-02
1.290000000000000000e+02	-9.456695944370042874e-04	2.009372993579179312e-01	3.516134144351954482e-01	2.000000000000000111e-01	1.199999999999999956e+00	7.344710392872010919e-03
1.300000000000000000e+02	-7.148081034678589567e-03	5.829699689873449886e-01	-9.195162261164906425e-01	2.000000000000000111e-01	1.199999999999999956e+00	5.641046716580784548e-03
1.310000000000000000e+02	-1.117448570066391887e-02	6.962783796042343321e-01	-1.001560236773229917e+00	2.000000000000000111e-01	1.199999999999999956e+00	7.074630114520091481e-03
1.320000000000000000e+02	-2.086207745483097467e-02	7.428083326985892576e-01	-8.677872454600201735e-01	2.000000000000000111e-01	1.199999999999999956e+00	1.393908775891363264e-02
1.330000000000000000e+02	-9.505040453645564880e-03	5.419741178116764813e-01	-1.859861495234564899e-01	2.000000000000000111e-01	1.199999999999999956e+00	1.645902928750533206e-02
1.340000000000000000e+02	-4.736049948754250498e-03	3.578449714815945537e-01	-1.173626231662998620e-01	2.000000000000000111e-01	1.199999999999999956e+00	6.947005573419889717e-03
1.350000000000000000e+02	7.633973608818564851e-04	1.077734911551307961e-01	4.203806207319522592e-01	2.000000000000000111e-01	1.199999999999999956e+00	4.005629495849787579e-03
1.360000000000000000e+02	-6.366533382489051457e-03	4.067407777551799164e-01	-9.054784588245823329e-01	2.000000000000000111e-01	1.199999999999999956e+00	2.966007264349664746e-02
1.370000000000000000e+02	3.014752014696262970e-04	1.479309148949002894e-01	2.018225617402005234e-01	2.000000000000000111e-01	1.199999999999999956e+00	3.286707331451512761e-03
1.380000000000000000e+02	2.600814862508179798e-03	8.233598148397557048e-02	5.387110267506931560e-01	2.000000000000000111e-01	1.199999999999999956e+00	7.117277149343279909e-03
1.390000000000000000e+02	6.048573679978594929e-04	2.305560025204690944e-01	2.312469736533895315e-02	2.000000000000000111e-01	1.199999999999999956e+00	2.950338647618328588e-03
1.400000000000000000e+02	-7.115485334353246864e-03	4.790326513434634559e-01	-5.477290139988095774e-01	2.000000000000000111e-01	1.199999999999999956e+00	7.188338270763281433e-03
1.410000000000000000e+02	6.557799319027098365e-04	1.186818764226706818e-01	4.685669498727378368e-01	2.000000000000000111e-01	1.199999999999999956e+00	2.513191209019452477e-02
1.420000000000000000e+02	3.693688006050509145e-03	1.157703786202836232e-01	3.247129477166190714e-01	2.000000000000000111e-01	1.199999999999999956e+00	2.933223906756733494e-03
1.430000000000000000e+02	-2.477031653254730347e-04	2.684043470020284206e-01	-1.980919846576383314e-01	2.000000000000000111e-01	1.199999999999999956e+00	3.829692569158749636e-03
1.440000000000000000e+02	-1.692598919458556837e-03	2.662617141169656421e-01	7.401576288920530544e-02	2.000000000000000111e-01	1.199999999999999956e+00	6.809920129561338777e-03
1.450000000000000000e+02	9.892445904052180050e-04	1.079226665662207790e-01	4.848084954651161738e-01	2.000000000000000111e-01	1.199999999999999956e+00	7.367992238745247821e-03
1.460000000000000000e+02	-1.477583336808303014e-03	3.033596688361490656e-01	-4.088015708543597526e-01	2.000000000000000111e-01	1.199999999999999956e+00	8.117472909580479221e-03
1.470000000000000000e+02	-3.637410172747151428e-03	3.262933637752829519e-01	-1.050388215570885464e-01	2.000000000000000111e-01	1.199999999999999956e+00	9.914588286391409072e-03
1.480000000000000000e+02	-1.801285004773361953e-03	2.657936230635274955e-01	-1.018684662062225854e-01	2.000000000000000111e-01	1.199999999999999956e+00	3.788813082652179188e-03
1.490000000000000000e+02	-9.105279515292517833e-03	5.668931412164901484e-01	-1.219014154532414018e+00	2.000000000000000111e-01	1.199999999999999956e+00	4.431766573612729541e-03
1.500000000000000000e+02	1.498080489074732260e-03	3.093815348488951344e-01	-2.230732820929408611e-01	2.000000000000000111e-01	1.199999999999999956e+00	4.653629253173432144e-03
1.510000000000000000e+02	7.407066983147360525e-04	2.016568065311209190e-01	2.263308930847878209e-01	2.000000000000000111e-01	1.199999999999999956e+00	7.476430853477343541e-03
1.520000000000000000e+02	-3.507025961156272614e-03	2.758379895059541176e-01	-1.492746895157894826e-01	2.000000000000000111e-01	1.199999999999999956e+00	7.228549542603150690e-02
1.530000000000000000e+02	5.472752468695053687e-04	1.107334878814059814e-01	4.928691628579260353e-01	2.000000000000000111e-01	1.199999999999999956e+00	7.702754315901809076e-03
1.540000000000000000e+02	-3.844854530598634020e-03	4.294215384106346844e-01	-4.849039526958316415e-01	2.000000000000000111e-01	1.199999999999999956e+00	6.121870961340155660e-03
1.550000000000000000e+02	-1.844741532849860808e-03	2.705840578490237291e-01	1.317711553784679523e-01	2.000000000000000111e-01	1.199999999999999956e+00	2.798237427184403162e-03
1.560000000000000000e+02	3.908268638466633194e-03	8.084620685007684604e-02	5.344295148886779590e-01	2.000000000000000111e-01	1.199999999999999956e+00	2.029820858985612736e-02
1.570000000000000000e+02	-3.291215329231002816e-03	4.032376732454014956e-01	-4.311942373294677111e-01	2.000000000000000111e-01	1.199999999999999956e+00	6.260511011335728217e-03
1.580000000000000000e+02	-5.368963291369896994e-03	4.581954638634639365e-01	-4.334498247566225260e-01	2.000000000000000111e-01	1.199999999999999956e+00	1.492861383528523191e-02
1.590000000000000000e+02	1.830874321724336104e-03	2.354294608033114800e-01	-5.598319313255828433e-03	2.000000000000000111e-01	1.199999999999999956e+00	1.231466814519477371e-02
1.600000000000000000e+02	-3.593382268908109495e-02	1.190755212366874982e+00	-2.501932444780397446e+00	2.000000000000000111e-01	1.199999999999999956e+00	4.102837647806382125e-03
1.610000000000000000e+02	-4.502374331336220573e-03	3.578708433567290292e-01	-1.870561946296378508e-01	2.000000000000000111e-01	1.199999999999999956e+00	8.279785823136556755e-03
1.620000000000000000e+02	-2.415208045884503947e-04	2.288514161285358506e-01	1.519955147007086005e-01	2.000000000000000111e-01	1.199999999999999956e+00	7.064726713388076382e-03
1.630000000000000000e+02	-1.597396555392116254e-03	2.773898348337868747e-01	-1.472695360688680566e-01	2.000000000000000111e-01	1.199999999999999956e+00	3.927752040123595918e-03
1.640000000000000000e+02	1.167382037659329659e-03	1.469367645127438726e-01	2.937242931838484061e-01	2.000000000000000111e-01	1.199999999999999956e+00	4.508580351783241305e-03
1.650000000000000000e+02	-4.091439460208894964e-03	3.691547945733278380e-01	-3.160651709474571192e-01	2.000000000000000111e-01	1.199999999999999956e+00	9.877221568663000634e-03
1.660000000000000000e+02	7.709997940300250758e-04	1.829330297126329774e-01	1.890758793976301533e-01	2.000000000000000111e-01	1.199999999999999956e+00	5.061200045847767497e-03
1.670000000000000000e+02	3.621989409885854362e-03	9.397502435202186033e-02	4.312327582293320472e-01	2.000000000000000111e-01	1.199999999999999956e+00	6.434423531614350510e-03
1.680000000000000000e+02	1.420730471369232749e-03	1.246895578775116809e-01	5.357006358234310817e-01	2.000000000000000111e-01	1.199999999999999956e+00	1.203906473125003311e-02
1.690000000000000000e+02	9.641344168921432657e-04	1.449514531033979092e-01	1.806044530685144700e-01	2.000000000000000111e-01	1.199999999999999956e+00	4.986422549252479339e-03
1.700000000000000000e+02	-1.309153124254118679e-03	4.063986272460865523e-01	-4.407693095993501231e-01	2.000000000000000111e-01	1.199999999999999956e+00	3.156823791075651173e-03
1.710000000000000000e+02	-5.883473362101196424e-03	6.797323204216276782e-01	-9.278153189726934258e-01	2.000000000000000111e-01	1.199999999999999956e+00	8.690929461343281301e-03
1.720000000000000000e+02	-3.221491399429874639e-04	1.435507546534740830e-01	3.529743077815816754e-01	2.000000000000000111e-01	1.199999999999999956e+00	7.515013476022959840e-03
1.730000000000000000e+02	-2.820952819158310137e-04	2.146794400362234678e-01	8.337610491950098179e-02	2.000000000000000111e-01	1.199999999999999956e+00	4.179542005167007947e-03
1.740000000000000000e+02	-2.202912133723237357e-03	3.347007240164332487e-01	-2.889296589435899065e-01	2.000000000000000111e-01	1.199999999999999956e+00	3.456009080397552669e-03
1.750000000000000000e+02	-1.504208193356929013e-02	6.147581474156249559e-01	-1.363965742312162277e+00	2.000000000000000111e-01	1.199999999999999956e+00	2.598695929203687083e-02
1.760000000000000000e+02	2.366467977936324233e-04	1.701908078887332532e-01	1.438962119713953491e-01	2.000000000000000111e-01	1.199999999999999956e+00	8.813157567335505246e-03
1.770000000000000000e+02	-4.058057770333143091e-03	4.031509536115857606e-01	-2.745841535930271249e-01	2.000000000000000111e-01	1.199999999999999956e+00	4.512068002314705874e-03
1.780000000000000000e+02	-1.702040374926507092e-03	2.754058333235079870e-01	1.338811516160811621e-01	2.000000000000000111e-01	1.199999999999999956e+00	1.007258230182957355e-02
1.790000000000000000e+02	-1.146216529417326373e-02	7.001449646779287495e-01	-2.130707286914785392e+00	2.000000000000000111e-01	1.199999999999999956e+00	2.092527653211080120e-03
1.800000000000000000e+02	-1.949681584464301939e-02	7.299142072810502757e-01	-8.712631671838515501e-01	2.000000000000000111e-01	1.199999999999999956e+00	1.816211186497224822e-02
1.810000000000000000e+02	-1.887559744699226008e-02	8.972814399154336318e-01	-1.930691436236037895e+00	2.000000000000000111e-01	1.199999999999999956e+00	4.611952367644474651e-03
1.820000000000000000e+02	1.445166344867537204e-03	9.037486169481903642e-02	4.775801818107963115e-01	2.000000000000000111e-01	1.199999999999999956e+00	5.266588066185983776e-03
1.830000000000000000e+02	-7.009261729795983331e-02	1.451358544010186158e+00	-2.653549744074377159e+00	2.000000000000000111e-01	1.199999999999999956e+00	1.220723983334438545e-01
1.840000000000000000e+02	-5.393131821006625975e-04	2.066102369966050512e-01	1.858517581201564184e-01	2.000000000000000111e-01	1.199999999999999956e+00	2.072423031516905725e-03
1.850000000000000000e+02	-3.518502946897141600e-04	2.834384649867206507e-01	-7.024823213926945087e-02	2.000000000000000111e-01	1.199999999999999956e+00	6.664008778338244461e-03
1.860000000000000000e+02	3.063082886864645915e-02	3.111098437259818827e-01	-5.503912051818198314e-01	2.000000000000000111e-01	1.199999999999999956e+00	1.131495628257965340e-02
1.870000000000000000e+02	-2.647552312063182868e-04	2.407406906866196294e-01	1.213261159796590327e-01	2.000000000000000111e-01	1.199999999999999956e+00	1.023332161995527990e-02
1.880000000000000000e+02	3.760553685504957298e-03	1.383428192570117510e-01	2.738545299278718481e-01	2.000000000000000111e-01	1.199999999999999956e+00	1.535072734743663306e-02
1.890000000000000000e+02	-2.926231465925717336e-04	1.779222198324387494e-01	3.245229795138153683e-01	2.000000000000000111e-01	1.199999999999999956e+00	3.878440226367604274e-03
1.900000000000000000e+02	-2.399095156704057243e-03	3.377513983106983919e-01	-2.159105166516086527e-01	2.000000000000000111e-01	1.199999999999999956e+00	9.502033356167395931e-03
1.910000000000000000e+02	-2.187978828677850226e-04	1.271769804019312056e-01	5.333986128301910767e-01	2.000000000000000111e-01	1.199999999999999956e+00	6.553369728927972530e-03
1.920000000000000000e+02	2.675028520302109424e-03	2.193423608213183607e-01	9.045006554931767084e-02	2.000000000000000111e-01	1.199999999999999956e+00	6.847285679092802654e-03
1.930000000000000000e+02	1.390453626935739045e-03	4.590637985436446522e-01	-6.035945642998234995e-01	2.000000000000000111e-01	1.199999999999999956e+00	5.702155639508173397e-03
1.940000000000000000e+02	-4.142347548114476440e-04	1.867303921640952602e-01	2.165993953983771370e-01	2.000000000000000111e-01	1.199999999999999956e+00	4.015431244976328147e-03
1.950000000000000000e+02	1.298449978114349194e-03	9.476684990756159555e-02	4.919817411404729945e-01	2.000000000000000111e-01	1.199999999999999956e+00	4.948880871393965784e-03
1.960000000000000000e+02	1.005046541931416300e-03	1.561159166536487675e-01	7.420353519122047103e-02	2.000000000000000111e-01	1.199999999999999956e+00	2.809658741182496488e-03
1.970000000000000000e+02	9.566333107365195508e-04	1.361604500495717796e-01	2.433490382957197440e-01	2.000000000000000111e-01	1.199999999999999956e+00	2.183370637807768855e-03
1.980000000000000000e+02	1.502919320240104746e-03	1.262770016379634874e-01	3.682871055128482674e-01	2.000000000000000111e-01	1.199999999999999956e+00	4.275017672781344404e-03
1.990000000000000000e+02	8.453900167817695590e-04	9.027477281598202119e-02	4.429275067042950376e-01	2.000000000000000111e-01	1.199999999999999956e+00	3.988335864359751279e-03
2.000000000000000000e+02	1.823267596300027094e-03	1.536093344099657421e-01	3.172955287382910328e-01	2.000000000000000111e-01	1.199999999999999956e+00	7.716149506058456696e-03
2.010000000000000000e+02	-2.828401129380032648e-03	3.369783977226221139e-01	2.596122126728950263e-02	2.000000000000000111e-01	1.199999999999999956e+00	1.083138786862658000e-02
2.020000000000000000e+02	7.155856666694346366e-04	1.645932380541286488e-01	2.950049900098359323e-01	2.000000000000000111e-01	1.199999999999999956e+00	7.708048186555266357e-03
2.030000000000000000e+02	1.202887265313468818e-03	1.457424641429011236e-01	4.741430374017996385e-01	2.000000000000000111e-01	1.199999999999999956e+00	6.987163539920142677e-03
2.040000000000000000e+02	4.059931741239800572e-03	1.329040697919222913e-01	3.727280774342884850e-01	2.000000000000000111e-01	1.199999999999999956e+00	1.083988956252454616e-02
2.050000000000000000e+02	3.452508281709770928e-03	5.446939724749824130e-01	-1.282005710743733928e+00	2.000000000000000111e-01	1.199999999999999956e+00	4.984975636410583950e-03
2.060000000000000000e+02	4.745328328967241406e-04	8.600448314039220443e-02	5.199239523576824062e-01	2.000000000000000111e-01	1.199999999999999956e+00	5.330791991819490774e-03
2.070000000000000000e+02	-7.398436218982736880e-03	4.937972278416964955e-01	-5.484479553005510155e-01	2.000000000000000111e-01	1.199999999999999956e+00	9.002066353871173224e-03
2.080000000000000000e+02	1.794136298418081419e-04	1.788648603064207365e-01	3.547200917112571794e-01	2.000000000000000111e-01	1.199999999999999956e+00	6.183181446422052370e-03
2.090000000000000000e+02	3.642442148219340956e-03	1.581969949064040426e-01	2.938576567277468854e-01	2.000000000000000111e-01	1.199999999999999956e+00	6.453119857105277593e-03
2.100000000000000000e+02	-2.106179689579324322e-03	3.050304281698786313e-01	-3.459670998088615335e-02	2.000000000000000111e-01	1.199999999999999956e+00	8.392527875840010212e-03
2.110000000000000000e+02	-4.199382137011637914e-03	3.856180968921718022e-01	-2.922584789170334929e-01	2.000000000000000111e-01	1.199999999999999956e+00	7.582770997953305024e-03
2.120000000000000000e+02	5.014880765330802410e-04	1.224078263342327499e-01	3.091516979094284245e-01	2.000000000000000111e-01	1.199999999999999956e+00	5.095804351164511317e-03
2.130000000000000000e+02	-2.117903239240407243e-04	1.146713474853518905e-01	2.573765282819140410e-01	2.000000000000000111e-01	1.199999999999999956e+00	8.632000061423309931e-03
2.140000000000000000e+02	1.468671091071928325e-04	7.354531873855296720e-02	5.806203985534956757e-01	2.000000000000000111e-01	1.199999999999999956e+00	5.611586571445691986e-03
2.150000000000000000e+02	-9.317024391387544041e-03	4.802857699390639667e-01	-1.135786699526146748e+00	2.000000000000000111e-01	1.199999999999999956e+00	3.540656219374626462e-02
2.160000000000000000e+02	8.968098578350792690e-04	3.175129504591900909e-01	-1.719439295620519559e-01	2.000000000000000111e-01	1.199999999999999956e+00	7.167441841092657417e-03
2.170000000000000000e+02	-1.157627057876438499e-03	3.773501272460900169e-01	-1.912119824826472581e-01	2.000000000000000111e-01	1.199999999999999956e+00	4.072302299758963177e-03
2.180000000000000000e+02	3.205478152466244594e-04	4.072608937368051296e-01	-3.723027591565091221e-01	2.000000000000000111e-01	1.199999999999999956e+00	1.062253171213638561e-02
2.190000000000000000e+02	-9.684183002166424012e-03	5.171190975718535920e-01	-7.218312858491824358e-01	2.000000000000000111e-01	1.199999999999999956e+00	7.256820415910867142e-03
2.200000000000000000e+02	-2.204858338507768932e-05	1.616704677182522754e-01	3.336603872464367626e-01	2.000000000000000111e-01	1.199999999999999956e+00	4.068128882717630609e-03
2.210000000000000000e+02	3.583072718482702233e-03	1.428683403630496007e-01	3.822433746032776192e-01	2.000000000000000111e-01	1.199999999999999956e+00	7.582204519848881330e-03
2.220000000000000000e+02	-4.003417853713749433e-04	2.089302733515969734e-01	1.990045389972072698e-01	2.000000000000000111e-01	1.199999999999999956e+00	7.171858239672971279e-03
2.230000000000000000e+02	9.301075237167635368e-04	2.679261617653440619e-01	1.655632892661746958e-01	2.000000000000000111e-01	1.199999999999999956e+00	8.354163153407456396e-03
2.240000000000000000e+02	-2.539378352125305598e-03	3.330842675202204117e-01	1.129389393145601161e-01	2.000000000000000111e-01	1.199999999999999956e+00	1.591028467420488313e-02
2.250000000000000000e+02	-1.378440286488410993e-02	6.058308636309148731e-01	-1.358698577274373598e+00	2.000000000000000111e-01	1.199999999999999956e+00	2.617864203898178505e-02
2.260000000000000000e+02	2.128838041148466771e-04	2.744182514698350062e-01	-7.370235619049836373e-02	2.000000000000000111e-01	1.199999999999999956e+00	6.150199237802839343e-03
2.270000000000000000e+02	1.625585040673928339e-03	2.056886380824421157e-01	3.849703575528451438e-02	2.000000000000000111e-01	1.199999999999999956e+00	3.545807761217968646e-03
2.280000000000000000e+02	7.524392228683716359e-05	9.349735788216612109e-02	5.209036965685234222e-01	2.000000000000000111e-01	1.199999999999999956e+00	4.678897675089782257e-03
2.290000000000000000e+02	-4.061825842349057829e-04	2.186724771825782621e-01	2.471579321045402899e-01	2.000000000000000111e-01	1.199999999999999956e+00	7.418608426103119949e-03
2.300000000000000000e+02	-2.203648260674213443e-03	2.421579868709303751e-01	2.436033162540258701e-01	2.000000000000000111e-01	1.199999999999999956e+00	7.934558491467057564e-03
2.310000000000000000e+02	-4.460698775020784448e-03	4.637933339252243159e-01	-5.009169119977103790e-01	2.000000000000000111e-01	1.199999999999999956e+00	7.074271359115876824e-03
2.320000000000000000e+02	1.793563947483042299e-03	2.098027263251529551e-01	2.391639830718590432e-01	2.000000000000000111e-01	1.199999999999999956e+00	5.283350346148818835e-03
2.330000000000000000e+02	3.119446080481569003e-03	1.896966942645117726e-01	-8.722040823272303456e-02	2.000000000000000111e-01	1.199999999999999956e+00	3.062880629836129028e-03
2.340000000000000000e+02	1.650860338538619534e-03	1.438164929703905637e-01	4.049172780698113705e-01	2.000000000000000111e-01	1.199999999999999956e+00	8.592920318878146529e-03
2.350000000000000000e+02	5.150135007303566301e-04	1.348949757974380326e-01	3.966763801176562687e-01	2.000000000000000111e-01	1.199999999999999956e+00	4.447835343860595189e-03
2.360000000000000000e+02	-6.606853165837799644e-04	3.478339575915702642e-01	-3.161366128256366537e-01	2.000000000000000111e-01	1.199999999999999956e+00	7.851210259196538324e-03
2.370000000000000000e+02	4.384369515477372532e-03	4.827254438901015798e-02	5.754939309280195925e-01	2.000000000000000111e-01	1.199999999999999956e+00	1.648780711830120579e-02
2.380000000000000000e+02	-1.283089940252648414e-02	7.834737372642629483e-01	-1.491012763558240195e+00	2.000000000000000111e-01	1.199999999999999956e+00	8.198140952506427492e-03
2.390000000000000000e+02	1.366421010351404888e-03	2.447966780459207847e-01	7.091561512457511540e-02	2.000000000000000111e-01	1.199999999999999956e+00	8.792952163130784635e-03
2.400000000000000000e+02	-1.077434888678958707e-03	2.305987068974509058e-01	8.828359289273191024e-02	2.000000000000000111e-01	1.199999999999999956e+00	5.061159323753382580e-03
2.410000000000000000e+02	-1.040336586474526273e-03	2.321513016743413371e-01	1.659786509092811002e-01	2.000000000000000111e-01	1.199999999999999956e+00	7.796056370993888381e-03
2.420000000000000000e+02	-3.016084828179908372e-03	4.601699034829220825e-01	-5.042745947262288198e-01	2.000000000000000111e-01	1.199999999999999956e+00	4.792498717112282820e-03
2.430000000000000000e+02	8.036344827414891546e-04	1.177754130578776010e-01	2.980987676542379283e-01	2.000000000000000111e-01	1.199999999999999956e+00	3.374827710407084670e-03
2.440000000000000000e+02	1.223938537097178951e-03	7.901488262558095665e-02	5.278579885092065105e-01	2.000000000000000111e-01	1.199999999999999956e+00	5.264321372279390232e-03
2.450000000000000000e+02	7.472796371431241749e-04	1.211481563398180417e-01	4.132331781864282405e-01	2.000000000000000111e-01	1.199999999999999956e+00	6.254953451441900951e-03
2.460000000000000000e+02	2.473377820660637230e-03	1.543988793054850150e-01	3.986420579657989904e-01	2.000000000000000111e-01	1.199999999999999956e+00	8.460556831209537984e-03
2.470000000000000000e+02	1.237114268635419343e-03	1.627699800501086758e-01	2.896472540514118954e-01	2.000000000000000111e-01	1.199999999999999956e+00	3.432417281804906774e-03
2.480000000000000000e+02	9.245223627789906544e-04	1.517627166909549241e-01	2.143573248101997564e-01	2.000000000000000111e-01	1.199999999999999956e+00	3.904533802328062891e-03
2.490000000000000000e+02	-1.893218287656072210e-02	9.157719166074538286e-01	-2.082806649971669977e+00	2.000000000000000111e-01	1.199999999999999956e+00	7.736875872598842838e-03
2.500000000000000000e+02	6.942987270285089956e-04	4.734167066915172251e-02	7.001497374923657535e-01	2.000000000000000111e-01	1.199999999999999956e+00	1.030842435168349315e-02
2.510000000000000000e+02	-1.016950881982145970e-02	5.983840669101134768e-01	-1.339691495104849750e+00	2.000000000000000111e-01	1.199999999999999956e+00	3.340248081413585597e-03
2.520000000000000000e+02	5.881848454731061901e-04	1.691809073336593972e-01	3.432929584643482634e-01	2.000000000000000111e-01	1.199999999999999956e+00	4.890038931504553377e-03
2.530000000000000000e+02	-9.288925622058998022e-03	6.460209918705595022e-01	-9.766203232758510211e-01	2.000000000000000111e-01	1.199999999999999956e+00	2.366480210136495243e-03
2.540000000000000000e+02	-4.498183301933733440e-03	3.980870184567301684e-01	-3.399601063489816610e-01	2.000000000000000111e-01	1.199999999999999956e+00	4.499456178424294205e-03
2.550000000000000000e+02	-9.276259565199055550e-04	2.885560009808255666e-01	-8.827430086235565909e-02	2.000000000000000111e-01	1.199999999999999956e+00	3.745587649342423022e-03
2.560000000000000000e+02	-6.825555449100195911e-03	4.503550496573957562e-01	-4.174155777189056948e-01	2.000000000000000111e-01	1.199999999999999956e+00	8.524170589146812249e-03
2.570000000000000000e+02	-9.935554262446889828e-04	2.395302890876041813e-01	1.883680677378154478e-01	2.000000000000000111e-01	1.199999999999999956e+00	1.104400569844538917e-02
2.580000000000000000e+02	3.356203764961764816e-03	3.094084511095137047e-01	-2.933724144646179255e-01	2.000000000000000111e-01	1.199999999999999956e+00	3.303197848806854135e-03
2.590000000000000000e+02	6.330890790097322245e-03	4.704383376258363669e-01	-5.866544897227021771e-01	2.000000000000000111e-01	1.199999999999999956e+00	1.113355943465915536e-02
2.600000000000000000e+02	-4.927518670832394497e-03	3.282280748572941054e-01	-2.864005943455349978e-01	2.000000000000000111e-01	1.199999999999999956e+00	3.861153366905605705e-02
2.610000000000000000e+02	4.809209903857066502e-03	2.684332513397498787e-01	8.405840823451837807e-02	2.000000000000000111e-01	1.199999999999999956e+00	8.743613896020978674e-03
2.620000000000000000e+02	2.746564932411640902e-03	1.262055128925994030e-01	2.762762043595463624e-01	2.000000000000000111e-01	1.199999999999999956e+00	1.251788923439213150e-02
2.630000000000000000e+02	-5.346925939746539035e-03	4.476821030226997844e-01	-2.418449253596230974e-01	2.000000000000000111e-01	1.199999999999999956e+00	8.076309182319059421e-03
2.640000000000000000e+02	5.547522543052440733e-03	2.210341273409708318e-01	-1.817574003445203701e-01	2.000000000000000111e-01	1.199999999999999956e+00	1.044707688423175129e-01
2.650000000000000000e+02	8.599898360338139452e-03	4.145377287525192633e-01	-5.396315947268561786e-01	2.000000000000000111e-01	1.199999999999999956e+00	6.073345772839119049e-03
2.660000000000000000e+02	-1.007718479121430359e-03	2.502452488158775634e-01	3.215259209977094912e-02	2.000000000000000111e-01	1.199999999999999956e+00	3.145740258676685275e-03
2.670000000000000000e+02	-5.823860722606996089e-03	9.701428197922132846e-01	-1.770070405834017535e+00	2.000000000000000111e-01	1.199999999999999956e+00	8.268852191874443563e-03
2.680000000000000000e+02	9.074688996724450017e-05	1.179060121450604681e-01	4.398849875589090352e-01	2.000000000000000111e-01	1.199999999999999956e+00	6.306962392476968618e-03
2.690000000000000000e+02	-7.252251807540767686e-04	2.269370506894714257e-01	2.715777433946380270e-01	2.000000000000000111e-01	1.199999999999999956e+00	1.623667114679805748e-02
2.700000000000000000e+02	2.491312380567647575e-03	3.548462174907942024e-01	-4.528850546259444165e-01	2.000000000000000111e-01	1.199999999999999956e+00	3.507468496976772800e-03
2.710000000000000000e+02	1.258946831471773964e-03	1.552639831453631603e-01	4.102640257439853499e-01	2.000000000000000111e-01	1.199999999999999956e+00	3.364678600401536501e-03
2.720000000000000000e+02	-7.375868601955806270e-05	2.351336313853659432e-01	5.527061119512222120e-02	2.000000000000000111e-01	1.199999999999999956e+00	5.893487987165679266e-03
2.730000000000000000e+02	7.239542736970636713e-04	1.242242155961454930e-01	3.095402245626024396e-01	2.000000000000000111e-01	1.199999999999999956e+00	3.649009556806514457e-03
2.740000000000000000e+02	-9.915082090313819332e-04	1.847068438819507163e-01	2.220097806181602351e-01	2.000000000000000111e-01	1.199999999999999956e+00	6.990404613035352925e-03
2.750000000000000000e+02	9.652868817567915923e-04	1.960232556546059324e-01	2.526066918656675320e-01	2.000000000000000111e-01	1.199999999999999956e+00	8.121758774650137194e-03
2.760000000000000000e+02	9.770881276905279446e-04	1.478307353718633366e-01	2.890149101796848363e-01	2.000000000000000111e-01	1.199999999999999956e+00	4.538687030605358108e-03
2.770000000000000000e+02	6.189748928218222245e-04	1.797457074225573548e-01	-6.193513600521649565e-02	2.000000000000000111e-01	1.199999999999999956e+00	2.752745097366616524e-03
2.780000000000000000e+02	3.049319939089814580e-03	8.140543137813727181e-02	4.797209332627674350e-01	2.000000000000000111e-01	1.199999999999999956e+00	4.598187197067703409e-03
2.790000000000000000e+02	3.377155022098762664e-03	1.692898746524071629e-01	1.494920424761883027e-01	2.000000000000000111e-01	1.199999999999999956e+00	7.597717224087978567e-03
2.800000000000000000e+02	2.951184939718194677e-03	5.635474875430650926e-02	5.877072892528655279e-01	2.000000000000000111e-01	1.199999999999999956e+00	6.374597697854755829e-03
2.810000000000000000e+02	8.393010551708356528e-04	1.627260531699505908e-01	2.989589228406805965e-01	2.000000000000000111e-01	1.199999999999999956e+00	2.902982138094860332e-03
2.820000000000000000e+02	-2.836841296511307797e-03	3.183063179823220068e-01	-2.443360196872399470e-01	2.000000000000000111e-01	1.199999999999999956e+00	7.879917992711133953e-03
2.830000000000000000e+02	-3.168716216593635195e-03	3.378820667137332756e-01	-5.107540529440450783e-01	2.000000000000000111e-01	1.199999999999999956e+00	3.045371314894521411e-02
2.840000000000000000e+02	4.629948127226458612e-05	2.535312637093328214e-01	-2.516572126140386167e-01	2.000000000000000111e-01	1.199999999999999956e+00	3.808477186410287596e-03
2.850000000000000000e+02	2.368472902912056150e-04	1.459817086008908527e-01	2.076678462136487546e-01	2.000000000000000111e-01	1.199999999999999956e+00	1.986422476584209004e-03
2.860000000000000000e+02	2.319446506000887205e-03	1.550659338917092789e-01	3.257619605803454554e-01	2.000000000000000111e-01	1.199999999999999956e+00	8.409698469042678134e-03
2.870000000000000000e+02	1.073843262246345189e-03	7.563515141566293232e-02	4.494200374631636130e-01	2.000000000000000111e-01	1.199999999999999956e+00	2.970894752531317608e-03
2.880000000000000000e+02	5.488275607929982971e-04	3.789456198548961652e-01	-3.037052900286911772e-01	2.000000000000000111e-01	1.199999999999999956e+00	8.098919181648475338e-03
2.890000000000000000e+02	5.008319657806482470e-04	1.264785384185813377e-01	4.119516015463235981e-01	2.000000000000000111e-01	1.199999999999999956e+00	7.394435071257455215e-03
2.900000000000000000e+02	2.284975822412480418e-03	2.876000628814198712e-01	-2.474456907201183498e-01	2.000000000000000111e-01	1.199999999999999956e+00	2.085944686398851118e-03
2.910000000000000000e+02	-2.694271044174404404e-03	3.002591900543000736e-01	7.072575615976361973e-02	2.000000000000000111e-01	1.199999999999999956e+00	8.071096782599951683e-03
2.920000000000000000e+02	5.067541403344866463e-04	2.417055497677033093e-01	2.730152122818907401e-02	2.000000000000000111e-01	1.199999999999999956e+00	4.949906853936499214e-03
2.930000000000000000e+02	-2.564375401217544896e-04	1.313996000213981663e-01	2.117405045282487741e-01	2.000000000000000111e-01	1.199999999999999956e+00	5.980148800115861821e-03
2.940000000000000000e+02	3.120030727799273304e-03	1.810003096167557557e-01	2.498445127954980194e-01	2.000000000000000111e-01	1.199999999999999956e+00	4.441379517625133368e-03
2.950000000000000000e+02	-3.846551077229686433e-04	3.324281186797559129e-01	-4.238880698764058153e-01	2.000000000000000111e-01	1.199999999999999956e+00	4.758366937390469918e-03
2.960000000000000000e+02	-1.524866622005245122e-02	6.857240942478290968e-01	-1.226002164664073746e+00	2.000000000000000111e-01	1.199999999999999956e+00	9.685893947502240836e-03
2.970000000000000000e+02	-1.026174694599869732e-03	3.249891210756124527e-01	-1.588564202043798446e-01	2.000000000000000111e-01	1.199999999999999956e+00	5.293131478881793993e-03
2.980000000000000000e+02	2.052318944015185491e-03	1.039401296167844352e-01	4.265256944499542513e-01	2.000000000000000111e-01	1.199999999999999956e+00	5.677186236214352630e-03
2.990000000000000000e+02	1.410197786195465687e-03	1.621996718159368078e-01	3.498818049036613864e-01	2.000000000000000111e-01	1.199999999999999956e+00	1.229067230867719393e-02
3.000000000000000000e+02	-5.062789290436871432e-03	3.975789699640417396e-01	-1.735861289501459126e-01	2.000000000000000111e-01	1.199999999999999956e+00	1.858208650052719027e-02
3.010000000000000000e+02	9.077598469562413335e-06	2.226983411341792729e-01	4.826929949063663017e-02	2.000000000000000111e-01	1.199999999999999956e+00	6.188484333228723433e-03
3.020000000000000000e+02	4.948672269345231111e-04	9.522184177857145881e-02	5.605263370318063210e-01	2.000000000000000111e-01	1.199999999999999956e+00	6.422058951882847304e-03
3.030000000000000000e+02	3.083788728116027174e-04	1.866213161119204267e-01	1.927424657635756766e-01	2.000000000000000111e-01	1.199999999999999956e+00	8.035177284398647979e-03
3.040000000000000000e+02	8.778452548641025146e-04	7.951280767859748855e-02	6.558176036258485109e-01	2.000000000000000111e-01	1.199999999999999956e+00	2.429894061301705183e-02
3.050000000000000000e+02	1.180580645686009518e-03	8.335094649007844525e-02	5.538741680953951363e-01	2.000000000000000111e-01	1.199999999999999956e+00	7.851028534867068517e-03
3.060000000000000000e+02	-5.596221275648263077e-03	5.389285645958130644e-01	-7.873944017936027606e-01	2.000000000000000111e-01	1.199999999999999956e+00	7.668624509060842712e-03
3.070000000000000000e+02	3.225416516270411885e-03	3.477067638900340207e-01	-5.293014398811970445e-01	2.000000000000000111e-01	1.199999999999999956e+00	7.371150189053854093e-03
3.080000000000000000e+02	2.154743624775930840e-04	7.300979351426575836e-02	6.587939040228354415e-01	2.000000000000000111e-01	1.199999999999999956e+00	1.184530732809723798e-02
3.090000000000000000e+02	-7.326272812686847932e-04	2.031652232299102911e-01	1.767660706518818792e-01	2.000000000000000111e-01	1.199999999999999956e+00	6.129631763763721507e-03
3.100000000000000000e+02	2.207140530724453764e-03	8.503181526388270406e-02	5.366850248642622834e-01	2.000000000000000111e-01	1.199999999999999956e+00	6.868790596410753735e-03
3.110000000000000000e+02	-5.925648814281025576e-04	3.183501696037023265e-01	3.245389014051802690e-03	2.000000000000000111e-01	1.199999999999999956e+00	6.941293887531669975e-03
3.120000000000000000e+02	1.894641588724767798e-04	1.838149128562900914e-01	2.665450197605214733e-01	2.000000000000000111e-01	1.199999999999999956e+00	6.714118384599015651e-03
3.130000000000000000e+02	1.151933883065609437e-04	2.126517327477016328e-01	1.600043539031559270e-01	2.000000000000000111e-01	1.199999999999999956e+00	9.628364570455778468e-03
3.140000000000000000e+02	1.925673011231216619e-03	2.123786747889144233e-01	-1.953335983888515592e-01	2.000000000000000111e-01	1.199999999999999956e+00	2.860020979039160516e-03
3.150000000000000000e+02	7.615684403244954090e-04	9.411889019740705964e-02	5.119792784896208815e-01	2.000000000000000111e-01	1.199999999999999956e+00	3.994369394163671538e-03
3.160000000000000000e+02	3.506337727277813055e-03	1.206131116571762113e-01	4.517257655664153049e-01	2.000000000000000111e-01	1.199999999999999956e+00	1.054871873245017376e-02
3.170000000000000000e+02	1.618851325035332994e-03	6.721996390594961457e-02	5.284815008657395285e-01	2.000000000000000111e-01	1.199999999999999956e+00	5.580174424945057686e-03
3.180000000000000000e+02	1.003999669532757572e-03	1.400400161074863703e-01	4.233668311887877067e-01	2.000000000000000111e-01	1.199999999999999956e+00	9.166360438082093304e-03
3.190000000000000000e+02	-2.316491013734811848e-03	4.365913990758330532e-01	-8.247279377088574392e-01	2.000000000000000111e-01	1.199999999999999956e+00	7.421490988200331665e-03
3.200000000000000000e+02	-5.483049814837322872e-03	3.951529694353499433e-01	-3.813104142689871523e-01	2.000000000000000111e-01	1.199999999999999956e+00	4.755113263537734218e-03
3.210000000000000000e+02	7.730236837778722836e-04	3.037698648385772290e-02	6.975294998138625857e-01	2.000000000000000111e-01	1.199999999999999956e+00	1.316942791541252274e-02
3.220000000000000000e+02	1.568729741260721467e-03	1.203490992870019233e-01	4.177492431941849382e-01	2.000000000000000111e-01	1.199999999999999956e+00	7.566737621288780434e-03
3.230000000000000000e+02	3.717904364354443600e-04	1.885241169478920342e-01	2.164657660430258090e-01	2.000000000000000111e-01	1.199999999999999956e+00	8.411325672102013679e-03
3.240000000000000000e+02	-4.227563242583651237e-03	3.714213846134236663e-01	-2.235123133468022161e-01	2.000000000000000111e-01	1.199999999999999956e+00	3.961173064983269758e-03
3.250000000000000000e+02	-3.130185542550045536e-04	1.363260420836024389e-01	4.928978335752760565e-01	2.000000000000000111e-01	1.199999999999999956e+00	4.855039435156695629e-03
3.260000000000000000e+02	3.042942495522058151e-04	1.134498928299608050e-01	5.090942514791567675e-01	2.000000000000000111e-01	1.199999999999999956e+00	5.702214765268354482e-03
3.270000000000000000e+02	-1.699512946747267416e-03	4.282739414149852042e-01	-2.844760056135937631e-01	2.000000000000000111e-01	1.199999999999999956e+00	5.277069497853496827e-03
3.280000000000000000e+02	3.396998400855216023e-04	2.266175839960844762e-01	1.493522981837411834e-01	2.000000000000000111e-01	1.199999999999999956e+00	8.507728236065785835e-03
3.290000000000000000e+02	2.799389320781470614e-03	2.135293562290894454e-01	2.634932737434101391e-01	2.000000000000000111e-01	1.199999999999999956e+00	1.261214568870847562e-02
3.300000000000000000e+02	6.291953047500482583e-04	5.666845063194350662e-02	5.953600706506732010e-01	2.000000000000000111e-01	1.199999999999999956e+00	7.104937677967432599e-03
3.310000000000000000e+02	-1.604970867220209324e-03	2.309488933081868534e-01	9.437519729537147128e-02	2.000000000000000111e-01	1.199999999999999956e+00	9.430598604117558167e-03
3.320000000000000000e+02	-6.132494871848820188e-04	1.888564236117761808e-01	2.395210908329055144e-01	2.000000000000000111e-01	1.199999999999999956e+00	4.592990741454609435e-03
3.330000000000000000e+02	-2.654938172872347863e-03	2.956082936001501738e-01	-5.997766533094406327e-02	2.000000000000000111e-01	1.199999999999999956e+00	6.519658479632160601e-03
3.340000000000000000e+02	4.432287292933168098e-04	3.700362910220848789e-02	6.888543591390994258e-01	2.000000000000000111e-01	1.199999999999999956e+00	7.697837735271654235e-03
3.350000000000000000e+02	4.878134716882224164e-04	8.780665067834192428e-02	5.742325493282876003e-01	2.000000000000000111e-01	1.199999999999999956e+00	8.398680941957187979e-03
3.360000000000000000e+02	-5.048733564438874022e-05	3.867608028420132515e-01	-4.184594586728769272e-01	2.000000000000000111e-01	1.199999999999999956e+00	6.566536493030780686e-03
3.370000000000000000e+02	1.244244559802716588e-03	1.034132272160675353e-01	4.292570043407692992e-01	2.000000000000000111e-01	1.199999999999999956e+00	6.763361214254593953e-03
3.380000000000000000e+02	-1.469658345068951266e-03	1.726121454902873331e-01	5.780003874813210984e-02	2.000000000000000111e-01	1.199999999999999956e+00	1.559806131216434633e-02
3.390000000000000000e+02	1.844242673002759918e-03	5.381304058656425499e-02	5.217487842293986322e-01	2.000000000000000111e-01	1.199999999999999956e+00	3.279393698964678909e-03
3.400000000000000000e+02	-1.236682102658170392e-03	2.900298149944098847e-01	1.481754284496101803e-01	2.000000000000000111e-01	1.199999999999999956e+00	7.589479729937864162e-03
3.410000000000000000e+02	2.486163823435380213e-03	1.340650886534570374e-01	4.618005804579228268e-01	2.000000000000000111e-01	1.199999999999999956e+00	3.589216129515747627e-03
3.420000000000000000e+02	-4.933616056079560309e-04	1.005724835464724826e-01	3.690622999120565240e-01	2.000000000000000111e-01	1.199999999999999956e+00	3.721626346712571948e-02
3.430000000000000000e+02	1.211724116899295326e-03	1.496760671285801980e-01	3.104844766845573645e-01	2.000000000000000111e-01	1.199999999999999956e+00	4.723419386690393650e-03
3.440000000000000000e+02	-5.390467567118681358e-03	4.124658204198573541e-01	-2.668975112365004065e-01	2.000000000000000111e-01	1.199999999999999956e+00	6.089283974665317227e-03
3.450000000000000000e+02	-9.935394876418050987e-05	2.048621955900401803e-01	2.337479781722868744e-01	2.000000000000000111e-01	1.199999999999999956e+00	9.033602134267260456e-03
3.460000000000000000e+02	2.522305509109085153e-04	4.770250092902895978e-02	5.974503649373494873e-01	2.000000000000000111e-01	1.199999999999999956e+00	3.836148500006423580e-03
3.470000000000000000e+02	-1.721734904462659220e-03	2.783193584236161588e-01	-2.527650701253332244e-01	2.000000000000000111e-01	1.199999999999999956e+00	1.095091271968417698e-02
3.480000000000000000e+02	3.788636245206372525e-04	1.235484769910058234e-01	4.546793991019946191e-01	2.000000000000000111e-01	1.199999999999999956e+00	4.295866871614976990e-03
3.490000000000000000e+02	6.006953709414606475e-04	1.596287809606956043e-01	3.160454205078155887e-01	2.000000000000000111e-01	1.199999999999999956e+00	1.025582069895244683e-02
3.500000000000000000e+02	-2.824922276464050114e-03	2.960137210829318910e-01	1.596591869840988664e-01	2.000000000000000111e-01	1.199999999999999956e+00	1.292446142765663920e-02
3.510000000000000000e+02	2.349410544741652900e-04	1.574259537498394479e-01	4.673728966788384120e-01	2.000000000000000111e-01	1.199999999999999956e+00	1.596035433158617470e-02
3.520000000000000000e+02	-2.817025938465778090e-04	1.566584318569432810e-01	4.591617164445298549e-01	2.000000000000000111e-01	1.199999999999999956e+00	1.793316385895570714e-02
3.530000000000000000e+02	1.672455435346832577e-03	8.190354524121509772e-02	4.978217062553784711e-01	2.000000000000000111e-01	1.199999999999999956e+00	4.417102002412331627e-03
3.540000000000000000e+02	3.317015733811797765e-04	4.364736341379920476e-02	6.062594228618503056e-01	2.000000000000000111e-01	1.199999999999999956e+00	6.038534704196592447e-03
3.550000000000000000e+02	7.299048514291199942e-04	3.666957180200485222e-01	-2.678520646176512088e-01	2.000000000000000111e-01	1.199999999999999956e+00	5.701454161760772209e-03
3.560000000000000000e+02	3.353491969312960086e-04	1.813504491626485027e-01	3.826094142480145344e-01	2.000000000000000111e-01	1.199999999999999956e+00	4.244591400188679753e-02
3.570000000000000000e+02	1.638014186658822216e-03	1.179051714156509195e-01	4.038435511529412381e-01	2.000000000000000111e-01	1.199999999999999956e+00	2.409401519354182741e-03
3.580000000000000000e+02	-4.722666819321109260e-04	1.464688078092356849e-01	4.983724241239029240e-01	2.000000000000000111e-01	1.199999999999999956e+00	1.788493326938778855e-02
3.590000000000000000e+02	3.388004003389077988e-04	1.154613344049665036e-01	3.426407074892652282e-01	2.000000000000000111e-01	1.199999999999999956e+00	7.764161613716978605e-03
3.600000000000000000e+02	-1.307925140344278273e-02	5.211393797952693641e-01	-8.955456325663426753e-01	2.000000000000000111e-01	1.199999999999999956e+00	2.925316537531555960e-01
3.610000000000000000e+02	1.849440567700770879e-03	1.053869479678904986e-01	4.147328531603831081e-01	2.000000000000000111e-01	1.199999999999999956e+00	4.512104809716871966e-03
3.620000000000000000e+02	4.984169312791769771e-05	1.251892670060269774e-01	4.623037379731540497e-01	2.000000000000000111e-01	1.199999999999999956e+00	1.931989801445246598e-03
3.630000000000000000e+02	-2.192631778280796587e-03	4.417189079910524563e-01	-6.892163918865215066e-01	2.000000000000000111e-01	1.199999999999999956e+00	4.309230993115024076e-03
3.640000000000000000e+02	3.255927956156733690e-04	6.568844996247798218e-02	5.838481599456746274e-01	2.000000000000000111e-01	1.199999999999999956e+00	3.535053894628558974e-03
3.650000000000000000e+02	1.728298405801828737e-04	9.704982360258358753e-02	4.778835925958908604e-01	2.000000000000000111e-01	1.199999999999999956e+00	7.060029453534356556e-03
3.660000000000000000e+02	4.891196657543377168e-04	1.587509177627166312e-01	2.729888918890508442e-01	2.000000000000000111e-01	1.199999999999999956e+00	5.166556829840622533e-03
3.670000000000000000e+02	-1.320880953583647346e-03	2.077850518403632218e-01	3.033031139618671546e-01	2.000000000000000111e-01	1.199999999999999956e+00	1.467861175266572428e-02
3.680000000000000000e+02	1.280454690465076921e-03	3.032393642012736756e-01	-2.025748211835982637e-01	2.000000000000000111e-01	1.199999999999999956e+00	6.739445185884525812e-03
3.690000000000000000e+02	-2.030578182817161913e-03	2.133493417552710936e-01	-4.085823011288090001e-01	2.000000000000000111e-01	1.199999999999999956e+00	2.650414727057152225e-02
3.700000000000000000e+02	7.031395927058681954e-04	9.303005307862531603e-02	4.956649401323569570e-01	2.000000000000000111e-01	1.199999999999999956e+00	3.709371419282992376e-03
3.710000000000000000e+02	8.213994701712954523e-04	1.210211012955021981e-01	4.214688673650761608e-01	2.000000000000000111e-01	1.199999999999999956e+00	4.115256885809928308e-03
3.720000000000000000e+02	1.191734212730289179e-03	3.629397593997400473e-01	-3.425212816382292580e-01	2.000000000000000111e-01	1.199999999999999956e+00	5.777606928914915708e-03
3.730000000000000000e+02	1.459972820147942534e-03	9.898637075485383630e-02	3.186401616644460866e-01	2.000000000000000111e-01	1.199999999999999956e+00	6.116504243445233628e-03
3.740000000000000000e+02	-2.961112302653887314e-04	1.670002268418442071e-01	3.981585502676918686e-01	2.000000000000000111e-01	1.199999999999999956e+00	7.767977644695954302e-03
3.750000000000000000e+02	1.798364808623428845e-03	7.363965849971321198e-02	4.294299730871118381e-01	2.000000000000000111e-01	1.199999999999999956e+00	3.809074744118018906e-03
3.760000000000000000e+02	-7.439528176798116017e-03	5.684953613231615854e-01	-7.899992851076929057e-01	2.000000000000000111e-01	1.199999999999999956e+00	4.650544646743391859e-03
3.770000000000000000e+02	1.273063024405932412e-03	1.430450146513256859e-01	1.917893893462800925e-01	2.000000000000000111e-01	1.199999999999999956e+00	4.998254309643341935e-03
3.780000000000000000e+02	-7.963853950290219032e-05	1.553338374944550626e-01	3.307500607097795253e-01	2.000000000000000111e-01	1.199999999999999956e+00	7.606538523187955127e-03
3.790000000000000000e+02	6.963108673777415776e-04	6.767145072283935192e-02	5.693105753617377918e-01	2.000000000000000111e-01	1.199999999999999956e+00	7.962625893815319586e-03
3.800000000000000000e+02	5.213856002356627916e-04	6.146506840660443532e-02	6.735705969610668031e-01	2.000000000000000111e-01	1.199999999999999956e+00	1.205204161720048635e-02
3.810000000000000000e+02	1.870395063499234690e-03	6.298210875283727361e-02	5.000329630013511384e-01	2.000000000000000111e-01	1.199999999999999956e+00	3.330073895052564851e-03
3.820000000000000000e+02	-1.169087599087557938e-02	6.811950693669051038e-01	-8.516814946002533304e-01	2.000000000000000111e-01	1.199999999999999956e+00	1.447125216821188755e-02
3.830000000000000000e+02	8.931158146312597910e-04	8.468085021988645822e-02	5.797365175259230341e-01	2.000000000000000111e-01	1.199999999999999956e+00	5.146891698692348562e-03
