0.000000000000000000e+00	2.308529425808647593e-03	1.426257757673791704e-01	3.168736602129560431e-01	2.000000000000000111e-01	1.199999999999999956e+00	3.047003169744666191e-03
1.000000000000000000e+00	2.825029077533148473e-03	1.777635522358288200e-01	2.021379753192662498e-01	2.000000000000000111e-01	1.199999999999999956e+00	1.035307171220201106e-02
2.000000000000000000e+00	8.036476646441585020e-03	2.458348583530644005e-01	-1.125904622258273591e-01	2.000000000000000111e-01	1.199999999999999956e+00	5.038214855379035025e-03
3.000000000000000000e+00	3.491692393638085468e-03	2.353164793091342133e-01	4.074435352105076902e-02	2.000000000000000111e-01	1.199999999999999956e+00	5.633023831425518733e-03
4.000000000000000000e+00	8.361979608255093281e-04	3.834126404622589801e-01	-7.021140516654660324e-01	2.000000000000000111e-01	1.199999999999999956e+00	1.736272546536677536e-02
5.000000000000000000e+00	5.412922460183888958e-04	5.963533008736114915e-01	-7.938371244123549886e-01	2.000000000000000111e-01	1.199999999999999956e+00	6.464162934038080247e-03
6.000000000000000000e+00	6.804401513694087987e-03	2.175590399921271678e-01	2.173387092293173062e-01	2.000000000000000111e-01	1.199999999999999956e+00	8.785614983755874255e-03
7.000000000000000000e+00	3.494376758701509596e-03	2.814384343811378586e-01	-1.165102948237528580e-02	2.000000000000000111e-01	1.199999999999999956e+00	5.774849687675583446e-03
8.000000000000000000e+00	9.593364763468011092e-03	4.135856557560057545e-01	-9.040519500407939724e-01	2.000000000000000111e-01	1.199999999999999956e+00	7.656512539974147727e-03
9.000000000000000000e+00	7.566842860529813912e-03	5.200487136563465285e-01	-1.002457081888219026e+00	2.000000000000000111e-01	1.199999999999999956e+00	4.754098785998335866e-03
1.000000000000000000e+01	-1.483043620820502680e-02	6.534624815259304498e-01	-1.700262408915813594e+00	2.000000000000000111e-01	1.199999999999999956e+00	2.967647998917080643e-02
1.100000000000000000e+01	-5.222626292093231204e-02	1.340050323933863696e+00	-3.474048868382533684e+00	2.000000000000000111e-01	1.199999999999999956e+00	2.371597193857407845e-02
1.200000000000000000e+01	1.922297424553880228e-03	4.449735860966828049e-01	-7.192486244579603394e-01	2.000000000000000111e-01	1.199999999999999956e+00	5.206091633148433352e-03
1.300000000000000000e+01	2.187884232012183520e-03	2.533122362706887731e-01	7.848444516426500428e-02	2.000000000000000111e-01	1.199999999999999956e+00	8.495226579953562424e-03
1.400000000000000000e+01	6.115735964665818328e-03	2.762858866730224516e-01	-8.979067484549707601e-02	2.000000000000000111e-01	1.199999999999999956e+00	3.487578740157147670e-03
1.500000000000000000e+01	-5.381484310545730371e-03	6.376937171593318743e-01	-1.083710370517799504e+00	2.000000000000000111e-01	1.199999999999999956e+00	8.600940716441201131e-03
1.600000000000000000e+01	7.990491139938122461e-03	1.341873893800102913e-01	2.698844172442163014e-01	2.000000000000000111e-01	1.199999999999999956e+00	6.890203125032963276e-03
1.700000000000000000e+01	1.103912957853071461e-02	1.035048171272471285e-01	2.907227701528896091e-01	2.000000000000000111e-01	1.199999999999999956e+00	7.865409096247078305e-03
1.800000000000000000e+01	2.518578545670200914e-03	3.913487224300519346e-02	5.702757933679803992e-01	2.000000000000000111e-01	1.199999999999999956e+00	3.497880923104367771e-03
1.900000000000000000e+01	3.741619531697651033e-03	2.231642140977060651e-01	-1.136990545961595878e-01	2.000000000000000111e-01	1.199999999999999956e+00	3.234534747890220521e-03
2.000000000000000000e+01	-4.736446455112504166e-03	4.932513876719847312e-01	-5.758131160086437106e-01	2.000000000000000111e-01	1.199999999999999956e+00	6.708534928162311270e-03
2.100000000000000000e+01	1.700485396863892504e-03	1.488675599769856694e-01	2.639606339802189616e-01	2.000000000000000111e-01	1.199999999999999956e+00	3.790873333769224657e-03
2.200000000000000000e+01	3.225820533171591415e-03	1.698068363551928361e-01	1.944998589172159953e-01	2.000000000000000111e-01	1.199999999999999956e+00	1.041365566181340699e-02
2.300000000000000000e+01	3.859443360925969395e-03	1.457937336642527448e-01	3.535790329686210320e-01	2.000000000000000111e-01	1.199999999999999956e+00	5.322297460763535971e-03
2.400000000000000000e+01	6.133428363967766313e-03	3.858808368503939823e-01	-5.750586238639101566e-01	2.000000000000000111e-01	1.199999999999999956e+00	3.581553571259667949e-03
2.500000000000000000e+01	3.930058331019914766e-03	2.144888047316907079e-03	7.459587719113800475e-01	2.000000000000000111e-01	1.199999999999999956e+00	7.410150827774282176e-03
2.600000000000000000e+01	3.375180921645412092e-03	3.789644804534915701e-01	-4.644337158880733618e-01	2.000000000000000111e-01	1.199999999999999956e+00	4.541033477246059387e-03
2.700000000000000000e+01	8.157961548941944016e-03	2.693545718088942165e-01	-2.963519844178157392e-01	2.000000000000000111e-01	1.199999999999999956e+00	5.025868673068751950e-03
2.800000000000000000e+01	4.190119987011962574e-03	4.207787501530530494e-01	-6.627043291449736806e-01	2.000000000000000111e-01	1.199999999999999956e+00	4.289460633291510526e-03
2.900000000000000000e+01	-6.712380177278853485e-04	3.586244752928283708e-01	-2.339325028693313158e-01	2.000000000000000111e-01	1.199999999999999956e+00	9.096451474572374643e-03
3.000000000000000000e+01	1.333422034085865330e-03	1.702628725148564170e-01	1.003104937279615250e-01	2.000000000000000111e-01	1.199999999999999956e+00	3.481972823400118332e-03
3.100000000000000000e+01	-5.503643173259534227e-03	6.714654910513411235e-01	-1.244711632387227596e+00	2.000000000000000111e-01	1.199999999999999956e+00	5.636322763484388591e-03
3.200000000000000000e+01	3.665794625462838636e-03	2.406922278460421338e-01	-2.697271047991827153e-01	2.000000000000000111e-01	1.199999999999999956e+00	9.153218962231172637e-03
3.300000000000000000e+01	2.060690014793888775e-03	1.388789231286212678e-01	3.928743599515751583e-01	2.000000000000000111e-01	1.199999999999999956e+00	7.026509187122391593e-03
3.400000000000000000e+01	3.864985839876270996e-03	6.942947922005906491e-01	-1.641094893697446544e+00	2.000000000000000111e-01	1.199999999999999956e+00	4.369477136466548214e-03
3.500000000000000000e+01	2.639329158181165803e-03	7.713581267069356817e-02	5.511802607869760173e-01	2.000000000000000111e-01	1.199999999999999956e+00	9.238550024213174755e-03
3.600000000000000000e+01	-3.103639450432054119e-03	8.640279019411715167e-01	-1.656436718424482812e+00	2.000000000000000111e-01	1.199999999999999956e+00	6.005388970889327660e-03
3.700000000000000000e+01	4.749725889919919654e-03	2.078176375435535073e-01	7.980402926697482968e-02	2.000000000000000111e-01	1.199999999999999956e+00	1.083558389172746203e-02
3.800000000000000000e+01	1.555669163581393545e-02	2.407147157803402882e-01	-2.548458884524604784e-01	2.000000000000000111e-01	1.199999999999999956e+00	4.578836340540842244e-03
3.900000000000000000e+01	3.211497721657190826e-03	1.719112918776244947e-01	7.783482508396311061e-02	2.000000000000000111e-01	1.199999999999999956e+00	5.056477371891644410e-03
4.000000000000000000e+01	1.017844334541830910e-02	2.457923153763519053e-01	-2.320267809339839893e-01	2.000000000000000111e-01	1.199999999999999956e+00	4.860148796172926097e-03
4.100000000000000000e+01	1.526263274864237025e-02	2.390177520769790065e-01	-4.228562384413785402e-01	2.000000000000000111e-01	1.199999999999999956e+00	5.833061742855701927e-03
4.200000000000000000e+01	5.485697139841776496e-03	9.227415689436281598e-02	3.902709346531800794e-01	2.000000000000000111e-01	1.199999999999999956e+00	4.860033916967945733e-03
4.300000000000000000e+01	5.112295558849663801e-03	2.237703155783686282e-01	9.273134571709906737e-02	2.000000000000000111e-01	1.199999999999999956e+00	3.937819211861621517e-03
4.400000000000000000e+01	1.643223455281110981e-02	1.250825322228810710e-01	1.487707976517400610e-01	2.000000000000000111e-01	1.199999999999999956e+00	1.375089648580975210e-02
4.500000000000000000e+01	7.355831860663851994e-03	3.171487233478833545e-01	-1.468707666895316954e-01	2.000000000000000111e-01	1.199999999999999956e+00	8.735668939741165345e-03
4.600000000000000000e+01	3.596011087057693605e-03	1.175057972580569321e-01	2.873245991314106185e-01	2.000000000000000111e-01	1.199999999999999956e+00	3.316380443287688523e-03
4.700000000000000000e+01	4.050573027972534032e-03	1.811967104769360293e-01	2.450574402410055086e-02	2.000000000000000111e-01	1.199999999999999956e+00	5.515737127975068634e-03
4.800000000000000000e+01	-4.897781004698497156e-03	5.805599322301473464e-01	-1.166735663052961947e+00	2.000000000000000111e-01	1.199999999999999956e+00	1.004680220234316183e-02
4.900000000000000000e+01	3.260853850821515427e-03	2.356368912844272745e-01	-7.680565155489293971e-02	2.000000000000000111e-01	1.199999999999999956e+00	5.369040858174029505e-03
5.000000000000000000e+01	3.147274522991237809e-03	2.276350418528202413e-01	8.209066446449098109e-02	2.000000000000000111e-01	1.199999999999999956e+00	8.948191088509081445e-03
5.100000000000000000e+01	2.061500503802162973e-02	2.135313033504046831e-01	-1.797679236688389803e-01	2.000000000000000111e-01	1.199999999999999956e+00	3.435088019218111247e-03
5.200000000000000000e+01	2.427083050332444827e-03	3.308699518023844321e-01	-3.832471028204946784e-01	2.000000000000000111e-01	1.199999999999999956e+00	7.039159889964503695e-03
5.300000000000000000e+01	-2.751075111667152916e-03	2.148257449053198320e-01	1.729762418162845705e-01	2.322580645161289870e-01	1.199999999999999956e+00	1.274563719298481106e-02
5.400000000000000000e+01	2.488561698021874487e-03	3.613579039398733816e-01	-3.435735294336295098e-01	2.000000000000000111e-01	1.199999999999999956e+00	6.846596507889908881e-03
5.500000000000000000e+01	8.425611468951151733e-03	2.554533887922587065e-01	-2.311389129007404009e-01	2.000000000000000111e-01	1.199999999999999956e+00	7.454543703412321552e-03
5.600000000000000000e+01	8.936082676328038418e-03	2.194377919748954631e-01	-1.713884260867315490e-02	2.000000000000000111e-01	1.199999999999999956e+00	4.620419556725646228e-03
5.700000000000000000e+01	1.542285487643071549e-03	1.019672792576233611e-01	3.800350603741549094e-01	2.000000000000000111e-01	1.199999999999999956e+00	3.692229824188637821e-02
5.800000000000000000e+01	2.891493327440417850e-03	1.347465980210422742e-01	3.201569594410451636e-01	2.000000000000000111e-01	1.199999999999999956e+00	3.908923648934314876e-02
5.900000000000000000e+01	-6.717069818307027816e-04	1.842803650399103543e-01	-4.098995213861122977e-01	2.000000000000000111e-01	1.199999999999999956e+00	6.074276583529795992e-02
6.000000000000000000e+01	5.571509707306547196e-03	2.059702380607097150e-01	1.734604358310627426e-01	2.000000000000000111e-01	1.199999999999999956e+00	9.724326425635795856e-03
6.100000000000000000e+01	-1.230519606491345917e-02	5.515946849362044491e-01	-9.963669783853870143e-01	2.000000000000000111e-01	1.199999999999999956e+00	2.209688995415334464e-02
6.200000000000000000e+01	8.677044349668228476e-03	2.590845202068163267e-01	-1.789526354223140991e-01	2.000000000000000111e-01	1.199999999999999956e+00	3.631249165384994350e-03
6.300000000000000000e+01	3.307363252068276204e-03	3.131316375975475297e-01	-2.942216041280558692e-01	2.000000000000000111e-01	1.199999999999999956e+00	1.523452571278578922e-02
6.400000000000000000e+01	7.539507438335814674e-03	2.407258355061411559e-01	-1.125324022225875353e-01	2.000000000000000111e-01	1.199999999999999956e+00	3.887346437132694048e-03
6.500000000000000000e+01	-6.377734118013168169e-03	7.635651676694571455e-01	-1.700171305690259871e+00	2.000000000000000111e-01	1.199999999999999956e+00	6.188905698935475222e-03
6.600000000000000000e+01	1.893626577167775021e-02	1.014617718842110716e-01	3.395202412368071299e-01	2.000000000000000111e-01	1.199999999999999956e+00	6.900067363407571576e-03
6.700000000000000000e+01	9.089193630526746018e-03	2.001604369398069516e-01	1.402614892645903666e-02	2.000000000000000111e-01	1.199999999999999956e+00	6.924783221468403839e-03
6.800000000000000000e+01	-8.360852025922547309e-03	4.917684111561091420e-01	-1.181873802198433410e+00	2.000000000000000111e-01	1.199999999999999956e+00	3.806830997715193732e-02
6.900000000000000000e+01	5.007712622815097339e-03	3.233141120629576259e-01	-3.473950707269706228e-01	2.000000000000000111e-01	1.199999999999999956e+00	4.759471258475376880e-03
7.000000000000000000e+01	2.833136346666979399e-03	1.782954527452882965e-01	1.350925499219748360e-01	2.000000000000000111e-01	1.199999999999999956e+00	8.616262287686559870e-03
7.100000000000000000e+01	-5.608136255616569255e-03	3.621899198816712073e-01	-4.678976122141422778e-01	2.000000000000000111e-01	1.199999999999999956e+00	3.043298618502054270e-02
7.200000000000000000e+01	1.001243865009803814e-02	3.785520526605608005e-01	-7.273468858131137971e-01	2.000000000000000111e-01	1.199999999999999956e+00	3.443849323616874746e-03
7.300000000000000000e+01	3.645200260541666282e-03	1.788652276925232210e-01	9.728535548077399397e-02	2.000000000000000111e-01	1.199999999999999956e+00	5.548552704861137337e-03
7.400000000000000000e+01	2.590244963749128992e-02	6.569000443725611094e-01	-1.665062947748588762e+00	2.000000000000000111e-01	1.199999999999999956e+00	5.813621143419787050e-03
7.500000000000000000e+01	8.516968016577879455e-03	1.528438745682552391e-01	2.424867825237559948e-01	2.000000000000000111e-01	1.199999999999999956e+00	7.072479461664798843e-03
7.600000000000000000e+01	6.431519904189898426e-03	3.485043236392866839e-01	-4.965196103038258535e-01	2.000000000000000111e-01	1.199999999999999956e+00	7.279950463585310207e-03
7.700000000000000000e+01	-3.357116289474848005e-03	4.547971679391911159e-01	-7.048801850706603034e-01	2.000000000000000111e-01	1.199999999999999956e+00	5.886211835488838404e-03
7.800000000000000000e+01	5.205097223729610034e-03	1.677011898698815284e-01	5.726932097477321904e-02	2.000000000000000111e-01	1.199999999999999956e+00	3.624202081411631322e-03
7.900000000000000000e+01	5.071635330201711145e-03	2.605966450200156159e-01	2.792388103083043305e-02	2.000000000000000111e-01	1.199999999999999956e+00	3.639034332118413258e-03
8.000000000000000000e+01	1.069422703603413981e-02	5.311389863991096139e-01	-1.470534777093272183e+00	2.000000000000000111e-01	1.199999999999999956e+00	4.556683232006661886e-03
8.100000000000000000e+01	8.673959451244500282e-03	2.314059857711844581e-01	-1.018021485924296421e-01	2.000000000000000111e-01	1.199999999999999956e+00	4.574627088615145984e-03
8.200000000000000000e+01	2.710158420543790507e-05	4.497328150995851259e-01	-6.312702205226949914e-01	2.000000000000000111e-01	1.199999999999999956e+00	7.928755083017755001e-03
8.300000000000000000e+01	-1.229533637189563974e-02	6.682998489480217463e-01	-1.239050742570245944e+00	2.000000000000000111e-01	1.199999999999999956e+00	1.013328623443103191e-02
8.400000000000000000e+01	2.622080257506120490e-02	4.354606374505424517e-03	3.293892091881198692e-01	2.000000000000000111e-01	1.199999999999999956e+00	5.701840584013322631e-03
8.500000000000000000e+01	1.074381261002332931e-03	9.839437343744469877e-02	3.483111801735749857e-01	2.000000000000000111e-01	1.199999999999999956e+00	4.631625297127255417e-03
8.600000000000000000e+01	7.944621967022582470e-03	6.066064325216501824e-02	5.554199034498343845e-01	2.000000000000000111e-01	1.199999999999999956e+00	7.549016126680839836e-03
8.700000000000000000e+01	1.976506211230764486e-03	2.055772045256192559e-01	-4.448423903619014297e-02	2.000000000000000111e-01	1.199999999999999956e+00	5.872931055091576771e-03
8.800000000000000000e+01	1.934049539873403979e-03	3.829345779641114000e-01	-2.426561264757105540e-01	2.000000000000000111e-01	1.199999999999999956e+00	9.722969591502577530e-03
8.900000000000000000e+01	1.270090121980259421e-03	2.398992326826658306e-01	-1.949374635555298774e-01	2.000000000000000111e-01	1.199999999999999956e+00	4.696415531689702473e-03
9.000000000000000000e+01	-1.762755885204450590e-02	7.252601656126353991e-01	-1.907994456543733008e+00	2.000000000000000111e-01	1.199999999999999956e+00	3.870205292421786958e-02
9.100000000000000000e+01	-4.621077530064880679e-04	3.061460403425225740e-01	-2.509946074004796301e-01	2.000000000000000111e-01	1.199999999999999956e+00	6.162515311055720597e-03
9.200000000000000000e+01	3.586053170795024895e-03	3.050345422732747003e-01	-4.660205352291502123e-02	2.000000000000000111e-01	1.199999999999999956e+00	6.415541136908243722e-03
9.300000000000000000e+01	-2.118974475750014935e-03	3.868884307023470748e-01	-4.159475959525718025e-01	2.000000000000000111e-01	1.199999999999999956e+00	1.037268035665001899e-02
9.400000000000000000e+01	-1.282737239567383405e-02	7.804327789873215515e-01	-1.546849482316022595e+00	2.000000000000000111e-01	1.199999999999999956e+00	8.934943275733898266e-03
9.500000000000000000e+01	5.165938034196009693e-02	-4.485694885418217009e-02	3.476089410317546591e-01	2.000000000000000111e-01	1.199999999999999956e+00	9.767366604411940184e-03
9.600000000000000000e+01	1.379863780804137414e-02	6.841423790869617660e-02	4.755661336431403763e-01	2.000000000000000111e-01	1.199999999999999956e+00	1.183538120303451006e-02
9.700000000000000000e+01	3.114744543047515829e-03	1.944884130015871737e-01	2.349068936751592673e-01	2.000000000000000111e-01	1.199999999999999956e+00	8.607092120636507943e-03
9.800000000000000000e+01	-5.657994805286255605e-03	7.764968844469726239e-01	-1.844756055191409061e+00	2.000000000000000111e-01	1.199999999999999956e+00	5.517601558099551398e-03
9.900000000000000000e+01	9.297184856264588751e-03	3.086856227783178475e-01	-3.884667074535990139e-01	2.000000000000000111e-01	1.199999999999999956e+00	6.549642951174155549e-03
1.000000000000000000e+02	5.047725125483402617e-03	1.964971181449700621e-01	-5.803024993943894927e-02	2.000000000000000111e-01	1.199999999999999956e+00	3.628227649841332149e-03
1.010000000000000000e+02	1.805510365877596377e-02	2.524651649902880934e-01	-3.777021937099167559e-02	2.000000000000000111e-01	1.199999999999999956e+00	6.685797107816885028e-03
1.020000000000000000e+02	6.758589610345319167e-03	1.511492124050436980e-01	4.306291192154143577e-01	2.000000000000000111e-01	1.199999999999999956e+00	1.024395665784920417e-02
1.030000000000000000e+02	5.033208759682771503e-03	6.324569790405670799e-02	5.716971237312022946e-01	2.000000000000000111e-01	1.199999999999999956e+00	6.062346270637393279e-03
1.040000000000000000e+02	1.323547705610517069e-03	3.264574278543272978e-01	-8.520879168360564471e-01	2.000000000000000111e-01	1.199999999999999956e+00	6.323283589695583018e-03
1.050000000000000000e+02	1.841789325312886971e-02	-7.210853894870115216e-03	6.883193647228301737e-01	2.000000000000000111e-01	1.199999999999999956e+00	1.345527105742149766e-02
1.060000000000000000e+02	8.410450988408647551e-04	3.528399065698915593e-01	-2.812893238054030576e-01	2.000000000000000111e-01	1.199999999999999956e+00	1.156240018662796527e-02
1.070000000000000000e+02	6.270198254551623100e-03	2.580782080983318183e-01	-1.217489860052065609e-01	2.000000000000000111e-01	1.199999999999999956e+00	1.423295914806585113e-02
1.080000000000000000e+02	4.596947085725318002e-03	6.522586057828887451e-01	-1.876736694227254532e+00	2.000000000000000111e-01	1.199999999999999956e+00	4.284716612168972677e-03
1.090000000000000000e+02	1.127346250307049644e-02	2.241993894447095181e-01	-1.213047670983060655e-01	2.000000000000000111e-01	1.199999999999999956e+00	5.186788577065253557e-03
1.100000000000000000e+02	6.326430118699959658e-03	2.422261451311172598e-01	1.393723517619527286e-02	2.000000000000000111e-01	1.199999999999999956e+00	4.572636520545657508e-03
1.110000000000000000e+02	7.124992755995252641e-03	9.387264498620587205e-02	3.335856980266564964e-01	2.000000000000000111e-01	1.199999999999999956e+00	8.571844862461873091e-03
1.120000000000000000e+02	1.357165401794068957e-03	2.252955799742995258e-01	1.255349901759670317e-01	2.000000000000000111e-01	1.199999999999999956e+00	3.571814667240622541e-03
1.130000000000000000e+02	7.986125167845716660e-03	3.396434995302727855e-01	-6.687136488038669668e-01	2.000000000000000111e-01	1.199999999999999956e+00	6.190769422735897982e-03
1.140000000000000000e+02	1.875353350773463143e-02	2.332314899110751460e-01	-2.975178139489174090e-01	2.000000000000000111e-01	1.199999999999999956e+00	6.556101952162158956e-03
1.150000000000000000e+02	1.086206792012030763e-02	5.166015274190229045e-03	7.390483748901219840e-01	2.000000000000000111e-01	1.199999999999999956e+00	1.105852137043943605e-02
1.160000000000000000e+02	1.478505423836818863e-02	6.614037495823649193e-02	4.355860706255753056e-01	2.000000000000000111e-01	1.199999999999999956e+00	1.483982883935350619e-02
1.170000000000000000e+02	-9.229622417878326386e-04	1.424549305272885813e-01	1.811256517319428383e-01	2.000000000000000111e-01	1.199999999999999956e+00	1.573098345955386071e-02
1.180000000000000000e+02	-5.268617590565821684e-03	5.203949661101063828e-01	-7.129411016994922079e-01	2.000000000000000111e-01	1.199999999999999956e+00	8.891873227852972392e-03
1.190000000000000000e+02	8.571656244058516866e-03	4.439047977848359916e-01	-6.469652241952790206e-01	2.000000000000000111e-01	1.199999999999999956e+00	6.912847947766898558e-03
1.200000000000000000e+02	-9.068598804633206181e-03	5.012548689348762521e-01	-1.089040883665302495e+00	2.000000000000000111e-01	1.199999999999999956e+00	2.286130049177235307e-02
1.210000000000000000e+02	7.865573521702390325e-03	1.810363256537987353e-01	5.768909317669068670e-02	2.000000000000000111e-01	1.199999999999999956e+00	4.392027056680091780e-03
1.220000000000000000e+02	4.469597028107577530e-04	4.829275504091038451e-01	-7.283692036123570190e-01	2.000000000000000111e-01	1.199999999999999956e+00	6.535129214961872719e-03
1.230000000000000000e+02	-9.861201655213820694e-03	4.855008260087406713e-01	-1.056242631669832122e+00	2.000000000000000111e-01	1.199999999999999956e+00	1.921034979875855739e-02
1.240000000000000000e+02	7.320032586134546035e-03	2.841817457778753608e-01	-6.316686057181719605e-02	2.000000000000000111e-01	1.199999999999999956e+00	5.697196339614282734e-03
1.250000000000000000e+02	6.400580991367815645e-04	9.329919684537003877e-02	4.478545827720679107e-01	2.000000000000000111e-01	1.199999999999999956e+00	3.471086144608279828e-02
1.260000000000000000e+02	1.343774827436919860e-02	2.390201827142327817e-01	-3.990936126019435370e-01	2.000000000000000111e-01	1.199999999999999956e+00	7.036351945884719225e-03
1.270000000000000000e+02	1.621999951514324287e-02	5.331544549189518034e-02	2.670695862175509472e-01	2.000000000000000111e-01	1.199999999999999956e+00	3.829542299385653437e-03
1.280000000000000000e+02	5.333440671292575402e-03	1.036004730296220255e-01	3.427696298542821651e-01	2.000000000000000111e-01	1.199999999999999956e+00	3.415280084293080467e-03
1.290000000000000000e+02	2.050458591207747049e-03	2.132108557463361365e-01	1.851272217462192060e-01	2.000000000000000111e-01	1.199999999999999956e+00	7.903301320741278752e-03
1.300000000000000000e+02	-2.718317735758643289e-03	2.294394861970145416e-01	-6.932865960140421890e-02	2.322580645161289870e-01	1.199999999999999956e+00	2.051177939557522010e-03
1.310000000000000000e+02	3.383116471037474031e-03	2.687211173784532781e-01	-3.871742890878806520e-01	2.000000000000000111e-01	1.199999999999999956e+00	4.542269808317929772e-03
1.320000000000000000e+02	3.640653303259366608e-03	2.243443850549257101e-01	1.486553013403320023e-01	2.000000000000000111e-01	1.199999999999999956e+00	7.442898569709731522e-03
1.330000000000000000e+02	7.337495211746637887e-03	1.747352091384262174e-01	1.573934232975351399e-01	2.000000000000000111e-01	1.199999999999999956e+00	4.546852282963553295e-03
1.340000000000000000e+02	8.956059470431735822e-03	8.840578754600436628e-02	4.070437283209250579e-01	2.000000000000000111e-01	1.199999999999999956e+00	6.656978743677177159e-03
1.350000000000000000e+02	8.334184442832648712e-03	2.225147531820488578e-01	-2.002607902571513776e-01	2.000000000000000111e-01	1.199999999999999956e+00	5.470912234128815811e-03
1.360000000000000000e+02	5.594928389456096593e-03	1.051763655351639903e-01	3.908758857766030381e-01	2.000000000000000111e-01	1.199999999999999956e+00	5.191829987073387671e-03
1.370000000000000000e+02	1.024597839016254744e-02	1.695340713151539391e-01	2.053748606154044420e-01	2.000000000000000111e-01	1.199999999999999956e+00	8.753201396025620667e-03
1.380000000000000000e+02	9.151661082322994079e-03	1.158102891405955182e-01	2.417334274128097871e-01	2.000000000000000111e-01	1.199999999999999956e+00	5.198892349291834268e-03
1.390000000000000000e+02	5.503469113219878334e-03	1.502714409831003572e-01	2.717463533253718921e-01	2.000000000000000111e-01	1.199999999999999956e+00	9.775647471201078312e-03
1.400000000000000000e+02	8.354502581254497420e-03	2.891129398706533959e-01	-1.485477244657573692e-01	2.000000000000000111e-01	1.199999999999999956e+00	8.246349131252037057e-03
1.410000000000000000e+02	-3.992804755016840686e-03	7.404687079609317824e-01	-1.466460970041185696e+00	2.000000000000000111e-01	1.199999999999999956e+00	4.430475412495713493e-03
1.420000000000000000e+02	6.034014301591893691e-03	2.303479334522920419e-01	7.687731876347037030e-02	2.000000000000000111e-01	1.199999999999999956e+00	1.356364212523423519e-02
1.430000000000000000e+02	3.898846729498865044e-03	2.450288298420980893e-01	7.795722564480378480e-02	2.000000000000000111e-01	1.199999999999999956e+00	8.841762333963982742e-03
1.440000000000000000e+02	6.308207299993284257e-03	1.208874248955213587e-01	3.551709812256083065e-01	2.000000000000000111e-01	1.199999999999999956e+00	5.957957054464895104e-03
1.450000000000000000e+02	6.793978533114989650e-03	2.576896928126359843e-01	-5.791364882115557222e-02	2.000000000000000111e-01	1.199999999999999956e+00	3.106911388738184399e-03
1.460000000000000000e+02	7.972618067154016832e-04	3.918527661142101048e-01	-4.904793373446545424e-01	2.000000000000000111e-01	1.199999999999999956e+00	5.692962616704424703e-03
1.470000000000000000e+02	2.492600753433540147e-03	2.806571693378046017e-01	-3.296729319895166377e-01	2.000000000000000111e-01	1.199999999999999956e+00	7.867882689450909212e-03
1.480000000000000000e+02	6.178598213038009532e-03	3.315780979468071488e-01	-1.817789260009705643e-01	2.000000000000000111e-01	1.199999999999999956e+00	8.107146267693824543e-03
1.490000000000000000e+02	-3.831093482327714702e-04	3.111532770923750579e-01	-3.791701797219486636e-01	2.000000000000000111e-01	1.199999999999999956e+00	3.327184649593375142e-03
1.500000000000000000e+02	3.485156853756904687e-03	1.770350128790285776e-02	6.739365138841968417e-01	2.000000000000000111e-01	1.199999999999999956e+00	7.034524916818879828e-03
1.510000000000000000e+02	3.252367243895274568e-03	5.748504237026881292e-01	-1.256387682330768918e+00	2.000000000000000111e-01	1.199999999999999956e+00	5.744049061069300861e-03
1.520000000000000000e+02	7.459105749673328352e-03	3.415603967053105205e-01	-3.279456445671740106e-01	2.000000000000000111e-01	1.199999999999999956e+00	7.029209027111995613e-03
1.530000000000000000e+02	-7.873332135815421656e-03	4.670093585881152087e-01	-9.529087124660007291e-01	2.000000000000000111e-01	1.199999999999999956e+00	5.344753655188737990e-02
1.540000000000000000e+02	8.721152856967458178e-03	2.024861900548911298e-01	-8.740583876404084407e-02	2.000000000000000111e-01	1.199999999999999956e+00	2.698321763236454646e-02
1.550000000000000000e+02	-5.635286893714518824e-03	5.501585513848732401e-01	-6.328997840147012610e-01	2.000000000000000111e-01	1.199999999999999956e+00	7.633018636326334601e-03
1.560000000000000000e+02	1.256814206611474999e-02	2.350781017124170535e-01	-4.592650584970083827e-01	2.000000000000000111e-01	1.199999999999999956e+00	1.321493412013888084e-02
1.570000000000000000e+02	-1.730560653490950673e-02	7.012467618876755404e-01	-1.605832802478440513e+00	2.000000000000000111e-01	1.199999999999999956e+00	2.048460949396644498e-02
1.580000000000000000e+02	-2.346897029917215864e-04	3.113040945627564282e-01	-1.015907208876090095e-01	2.000000000000000111e-01	1.199999999999999956e+00	3.888138758334888558e-03
1.590000000000000000e+02	4.856559997511181170e-03	4.085176140969607600e-02	5.635736114861640278e-01	2.000000000000000111e-01	1.199999999999999956e+00	1.014748613372218160e-02
1.600000000000000000e+02	7.506213381883706376e-03	4.167536953211826642e-03	7.470307073967912270e-01	2.000000000000000111e-01	1.199999999999999956e+00	1.361676992012685050e-02
1.610000000000000000e+02	-4.171247841895505890e-03	3.443998471468459055e-01	-1.036126002717193018e+00	2.000000000000000111e-01	1.199999999999999956e+00	4.606185665918632877e-02
1.620000000000000000e+02	9.828326237019933270e-03	4.593380140007611440e-02	4.710120560054669725e-01	2.000000000000000111e-01	1.199999999999999956e+00	5.412678290028044743e-03
1.630000000000000000e+02	2.102798294274995858e-02	3.465356228808854494e-02	3.376485916622250505e-01	2.000000000000000111e-01	1.199999999999999956e+00	3.744695852480065673e-02
1.640000000000000000e+02	-5.723206152011103137e-03	4.333888761573286841e-01	-7.388367158011037716e-01	2.000000000000000111e-01	1.199999999999999956e+00	3.795822557104405054e-02
1.650000000000000000e+02	-3.130039413585980826e-03	5.830530620151487264e-01	-8.645721863276429886e-01	2.000000000000000111e-01	1.199999999999999956e+00	6.922453197844979401e-03
1.660000000000000000e+02	5.795660849007307387e-03	1.109216535231835332e-01	3.430211700864538305e-01	2.000000000000000111e-01	1.199999999999999956e+00	5.588289476282840181e-03
1.670000000000000000e+02	5.241662335378683389e-03	1.149151106051682220e-01	2.738357827625659269e-01	2.000000000000000111e-01	1.199999999999999956e+00	5.436085084865832466e-03
1.680000000000000000e+02	1.214041575568106275e-02	1.871930752772594797e-01	3.534366952956147223e-02	2.000000000000000111e-01	1.199999999999999956e+00	8.194705923756767305e-03
1.690000000000000000e+02	9.806794043663871752e-03	2.063346958493518235e-01	-1.629323344382496153e-01	2.000000000000000111e-01	1.199999999999999956e+00	3.147631872734265625e-03
1.700000000000000000e+02	3.982683671220271088e-03	2.527006616783626924e-01	-4.713862243643651695e-02	2.000000000000000111e-01	1.199999999999999956e+00	7.141212772126850385e-03
1.710000000000000000e+02	2.750839445083768167e-03	2.640780270392692475e-01	-3.480307270710754075e-01	2.000000000000000111e-01	1.199999999999999956e+00	5.653215897587206447e-03
1.720000000000000000e+02	3.200731435182198065e-03	2.067141101935257297e-01	1.040072674963914423e-01	2.000000000000000111e-01	1.199999999999999956e+00	8.275986657029943405e-03
1.730000000000000000e+02	-1.596702574613256093e-04	2.789915912895196137e-01	-1.362707003329388655e-01	2.000000000000000111e-01	1.199999999999999956e+00	4.469484893077972816e-03
1.740000000000000000e+02	1.411250988864514539e-03	2.426031057379268718e-01	-2.002015705325557171e-01	2.000000000000000111e-01	1.199999999999999956e+00	7.855665343860174232e-03
1.750000000000000000e+02	-8.470347978173817238e-02	1.834704947782360929e+00	-3.756536434037258232e+00	2.000000000000000111e-01	1.199999999999999956e+00	7.036017454612337671e-03
1.760000000000000000e+02	-2.900866341407607688e-03	6.651137468133423436e-01	-1.085194694365756440e+00	2.000000000000000111e-01	1.199999999999999956e+00	1.040778153289956612e-02
1.770000000000000000e+02	-1.145849887652267878e-03	4.705424122834949707e-01	-6.497726885468377844e-01	2.000000000000000111e-01	1.199999999999999956e+00	1.849494161927975680e-02
1.780000000000000000e+02	9.175065181956282984e-03	2.464340831374169649e-01	-9.332213180835013944e-02	2.000000000000000111e-01	1.199999999999999956e+00	3.865521903547017822e-03
1.790000000000000000e+02	1.386928075684526473e-02	-3.520756856235528892e-02	8.603709510847022957e-01	2.000000000000000111e-01	1.199999999999999956e+00	2.125150994631470197e-02
1.800000000000000000e+02	1.535465391902814981e-02	4.027119662450062143e-01	-8.638568124661460956e-01	2.000000000000000111e-01	1.199999999999999956e+00	5.019722686467778354e-03
1.810000000000000000e+02	2.385997288979877298e-03	1.821118333471530570e-01	2.460232449743426919e-01	2.000000000000000111e-01	1.199999999999999956e+00	9.468263080430963305e-03
1.820000000000000000e+02	1.447799880055070793e-02	3.189435460037431391e-01	-7.542573894556920955e-01	2.000000000000000111e-01	1.199999999999999956e+00	6.236307006877999000e-03
1.830000000000000000e+02	4.695166434342926826e-03	1.920901288273637597e-01	2.104084737821390050e-01	2.000000000000000111e-01	1.199999999999999956e+00	1.155585326252193436e-02
1.840000000000000000e+02	-9.831610032816748626e-03	8.437713838130191935e-01	-2.044439235635531205e+00	2.000000000000000111e-01	1.199999999999999956e+00	3.693688182874096167e-03
1.850000000000000000e+02	4.017344785256503001e-03	3.646267174959592627e-01	-6.420109347021361046e-01	2.000000000000000111e-01	1.199999999999999956e+00	6.076199703058156841e-03
1.860000000000000000e+02	5.181687790665255415e-03	3.175774704038430429e-01	-1.702985126446110442e-01	2.000000000000000111e-01	1.199999999999999956e+00	5.950175559253351350e-03
1.870000000000000000e+02	-6.407066055646296054e-03	4.997759202743301543e-01	-4.881920858236501459e-01	2.000000000000000111e-01	1.199999999999999956e+00	9.104214478276501099e-03
1.880000000000000000e+02	7.853992898219287755e-03	1.680698613823966847e-01	-3.206886897532621461e-01	2.000000000000000111e-01	1.199999999999999956e+00	2.636591582214753166e-03
1.890000000000000000e+02	9.856871226103644176e-03	1.735288534399594407e-01	8.852198229666918827e-02	2.000000000000000111e-01	1.199999999999999956e+00	5.521812668164768380e-03
1.900000000000000000e+02	-1.191484127748710297e-03	1.454652269966592304e-01	7.012324423242688454e-02	2.322580645161289870e-01	1.199999999999999956e+00	1.484194228791934321e-02
1.910000000000000000e+02	-7.507054935638183451e-04	4.420991484500073621e-01	-6.862940885917963030e-01	2.000000000000000111e-01	1.199999999999999956e+00	7.122448281945061022e-03
1.920000000000000000e+02	-3.201888614561850584e-03	5.787146885495193516e-01	-1.041010677962370679e+00	2.000000000000000111e-01	1.199999999999999956e+00	6.984128128853979607e-03
1.930000000000000000e+02	6.409094817158500317e-03	7.763399815294763640e-02	4.938324898044732514e-01	2.000000000000000111e-01	1.199999999999999956e+00	1.139189579556953991e-02
1.940000000000000000e+02	2.179994904142012330e-03	1.431452023481500080e-01	3.103167018636980856e-01	2.000000000000000111e-01	1.199999999999999956e+00	6.744486062132876159e-03
1.950000000000000000e+02	9.583152116584971875e-03	2.280077767090779861e-01	-2.497506027708600307e-01	2.000000000000000111e-01	1.199999999999999956e+00	3.112746568611119129e-03
1.960000000000000000e+02	-1.714473219750597705e-03	3.257785238352212676e-01	-1.410799736308625540e-01	2.000000000000000111e-01	1.199999999999999956e+00	7.283784055611495188e-03
1.970000000000000000e+02	2.502893827438208013e-02	2.603944047588598876e-01	-3.226688284752832203e-01	2.000000000000000111e-01	1.199999999999999956e+00	1.050518245079224908e-02
1.980000000000000000e+02	9.809959820322138382e-03	-1.553560748936344896e-02	7.827900772596815271e-01	2.000000000000000111e-01	1.199999999999999956e+00	3.465752997373632016e-02
1.990000000000000000e+02	3.220009641792275380e-03	2.735911017203984108e-01	-2.334237439247104362e-01	2.000000000000000111e-01	1.199999999999999956e+00	4.144774675538111068e-03
2.000000000000000000e+02	3.353942578875354717e-03	1.750246803719410216e-01	2.729705380485913935e-02	2.000000000000000111e-01	1.199999999999999956e+00	3.218885659026023312e-03
2.010000000000000000e+02	9.382717239361834660e-03	6.485972021011258970e-02	4.526805654807244395e-01	2.000000000000000111e-01	1.199999999999999956e+00	7.793660263967601247e-03
2.020000000000000000e+02	5.774014181036199109e-03	1.728802995403870557e-01	1.377459305497614750e-01	2.000000000000000111e-01	1.199999999999999956e+00	5.788363240849886404e-03
2.030000000000000000e+02	2.947682458533092652e-03	3.027506124747568750e-01	-2.425534593789686610e-01	2.000000000000000111e-01	1.199999999999999956e+00	2.972511502564659583e-02
2.040000000000000000e+02	-1.545418812863175000e-02	7.605789344722735379e-01	-1.709138605235006381e+00	2.000000000000000111e-01	1.199999999999999956e+00	4.770938277842876052e-03
2.050000000000000000e+02	1.118022417917017251e-02	3.254351354909058580e-01	-5.339569981910403662e-01	2.000000000000000111e-01	1.199999999999999956e+00	4.604577280812848124e-03
2.060000000000000000e+02	-1.497138756113917425e-03	3.085096162104848383e-01	-3.596349317728853023e-01	2.000000000000000111e-01	1.199999999999999956e+00	3.457100509081144357e-02
2.070000000000000000e+02	3.610914187451628229e-03	2.587276417528244221e-01	-1.089922945983108349e-01	2.000000000000000111e-01	1.199999999999999956e+00	1.426312539007919093e-02
2.080000000000000000e+02	4.896901289514764971e-03	2.844404613478251354e-01	-1.476784721732067318e-01	2.000000000000000111e-01	1.199999999999999956e+00	6.983528885859952365e-03
2.090000000000000000e+02	1.066671923614236246e-02	1.646958550049786030e-02	6.802905839603526905e-01	2.000000000000000111e-01	1.199999999999999956e+00	1.055606165581289210e-02
2.100000000000000000e+02	-1.127814664710286149e-03	1.714992018566555143e-01	1.434238075672684687e-01	2.000000000000000111e-01	1.199999999999999956e+00	1.466628106648597447e-02
2.110000000000000000e+02	6.558763830602738938e-03	3.196721053435610527e-01	-3.081373411453229849e-01	2.000000000000000111e-01	1.199999999999999956e+00	5.656982967738472326e-03
2.120000000000000000e+02	3.809495061946386804e-03	1.672169759337665540e-01	2.689202554145695423e-01	2.000000000000000111e-01	1.199999999999999956e+00	4.364552299250859177e-03
2.130000000000000000e+02	6.578527440649342348e-03	4.198095999290032410e-01	-5.002989564612385642e-01	2.000000000000000111e-01	1.199999999999999956e+00	4.973708239673986682e-03
2.140000000000000000e+02	9.175721230727766284e-03	1.856309590347419436e-01	8.254256218574074211e-02	2.000000000000000111e-01	1.199999999999999956e+00	3.972844992834230309e-03
2.150000000000000000e+02	2.766716375093846185e-04	4.311990132839548795e-01	-6.404110907116384865e-01	2.000000000000000111e-01	1.199999999999999956e+00	6.214313105880535197e-03
2.160000000000000000e+02	8.988671158709722608e-03	-7.548638167533380794e-02	1.001658459249173294e+00	2.000000000000000111e-01	1.199999999999999956e+00	8.004946007878569955e-03
2.170000000000000000e+02	1.020507884157894826e-02	5.909478740377168554e-02	5.516859877713287119e-01	2.000000000000000111e-01	1.199999999999999956e+00	5.236055286669884234e-02
2.180000000000000000e+02	2.920630863109171822e-03	1.677502520561199029e-01	2.761591684096220689e-01	2.000000000000000111e-01	1.199999999999999956e+00	6.450003384016235637e-03
2.190000000000000000e+02	1.855710540136004671e-02	8.400810598530390749e-02	2.036097398116852863e-01	2.000000000000000111e-01	1.199999999999999956e+00	8.621395186926816487e-03
2.200000000000000000e+02	-2.213524606635164111e-03	6.197263783524566971e-01	-1.376044682660919172e+00	2.000000000000000111e-01	1.199999999999999956e+00	9.765478817318163848e-03
2.210000000000000000e+02	5.995570860627056145e-03	1.105561444840186258e-01	3.202170836814215438e-01	2.000000000000000111e-01	1.199999999999999956e+00	6.023438690438502260e-03
2.220000000000000000e+02	4.660356196342434545e-03	2.929343559089983562e-01	-4.524470625971912519e-01	2.000000000000000111e-01	1.199999999999999956e+00	3.498810569162874584e-03
2.230000000000000000e+02	-1.342057530428446841e-03	5.936246555390828350e-01	-1.224355556759447516e+00	2.000000000000000111e-01	1.199999999999999956e+00	3.983822380932612421e-03
2.240000000000000000e+02	-1.168847522721135762e-02	5.543606944588981289e-01	-1.365530352146871351e+00	2.000000000000000111e-01	1.199999999999999956e+00	1.911086700473762015e-02
2.250000000000000000e+02	3.365239765881941972e-03	5.655633674024647395e-02	5.878241476839204394e-01	2.000000000000000111e-01	1.199999999999999956e+00	4.870809400935253129e-03
2.260000000000000000e+02	4.951306284378205816e-03	5.741393011326217238e-02	5.872115384336495936e-01	2.000000000000000111e-01	1.199999999999999956e+00	7.585875532174763194e-03
2.270000000000000000e+02	1.107905691947518728e-02	1.578314238380467693e-01	1.437808512437896979e-01	2.000000000000000111e-01	1.199999999999999956e+00	4.982227347216127041e-03
2.280000000000000000e+02	-3.564683474579159739e-03	4.714016911603124971e-01	-1.130415168421913918e+00	2.000000000000000111e-01	1.199999999999999956e+00	7.897467352454711279e-03
2.290000000000000000e+02	4.896867144584906607e-03	1.501773861711734603e-01	1.003478341714028055e-01	2.000000000000000111e-01	1.199999999999999956e+00	1.966528602763393044e-02
2.300000000000000000e+02	2.583410092344259803e-03	1.011290998211220454e-01	4.752511233108294153e-01	2.000000000000000111e-01	1.199999999999999956e+00	4.177226331330208264e-02
2.310000000000000000e+02	-2.082427199210242896e-03	3.858170189611365708e-01	-5.707742035588143636e-01	2.000000000000000111e-01	1.199999999999999956e+00	3.457817464115370276e-02
2.320000000000000000e+02	-2.757045173561821667e-03	2.994211266565152685e-01	-6.976866371019561086e-01	2.000000000000000111e-01	1.199999999999999956e+00	2.733538769176072775e-02
2.330000000000000000e+02	1.387738756132620051e-02	3.940851776282794372e-01	-1.003182505068395791e+00	2.000000000000000111e-01	1.199999999999999956e+00	3.126367656454125989e-03
2.340000000000000000e+02	8.520424242295261946e-04	2.687690262356360882e-01	-5.436974731821431206e-02	2.000000000000000111e-01	1.199999999999999956e+00	9.756234416763152548e-03
2.350000000000000000e+02	-6.882190374149648598e-03	4.690214712990924406e-01	-1.272301369895153300e+00	2.000000000000000111e-01	1.199999999999999956e+00	2.667801697262239466e-02
2.360000000000000000e+02	-1.139514469839903853e-03	1.638456928253007316e-01	1.619093715204193984e-01	2.000000000000000111e-01	1.199999999999999956e+00	2.503960917248710880e-02
2.370000000000000000e+02	-9.760660193325711772e-04	2.787541541198251260e-01	-4.752947296554079770e-01	2.000000000000000111e-01	1.199999999999999956e+00	3.321080447100711874e-02
2.380000000000000000e+02	2.994264967725388492e-03	1.611191310100751339e-01	2.866160268036352932e-01	2.000000000000000111e-01	1.199999999999999956e+00	1.687421154889626662e-03
2.390000000000000000e+02	1.672157564819919204e-03	2.765130094271691097e-01	-2.793128696702726899e-01	2.000000000000000111e-01	1.199999999999999956e+00	4.180636230738368243e-03
2.400000000000000000e+02	6.546238654855367212e-03	2.864722191038091559e-01	-8.842331382013668417e-02	2.000000000000000111e-01	1.199999999999999956e+00	6.812990643949227813e-03
2.410000000000000000e+02	4.114051011437449591e-03	5.808704132509243806e-02	4.942364141771455888e-01	2.000000000000000111e-01	1.199999999999999956e+00	6.670056548392582808e-03
2.420000000000000000e+02	-3.176858994545657053e-03	4.543980332245418086e-01	-5.152706212763069615e-01	2.000000000000000111e-01	1.199999999999999956e+00	3.577493497902706210e-03
2.430000000000000000e+02	7.838723049144263877e-03	1.260814491721413966e-01	2.183031876229069024e-01	2.000000000000000111e-01	1.199999999999999956e+00	3.343777398263392351e-03
2.440000000000000000e+02	1.708139434152183183e-03	4.879479883422022657e-01	-7.120119663381396791e-01	2.000000000000000111e-01	1.199999999999999956e+00	7.737491943538245785e-03
2.450000000000000000e+02	5.911007164273006029e-03	-1.434565598497100462e-02	8.268208681057771514e-01	2.000000000000000111e-01	1.199999999999999956e+00	1.154461412386984485e-02
2.460000000000000000e+02	1.054941055283671256e-02	1.289717185483513218e-01	3.603480338071576305e-01	2.000000000000000111e-01	1.199999999999999956e+00	9.438055108406133778e-03
2.470000000000000000e+02	9.438760324295773427e-03	3.038462116455452056e-01	-2.617629668804548615e-01	2.000000000000000111e-01	1.199999999999999956e+00	3.587303365090115711e-03
2.480000000000000000e+02	-2.854888472888017677e-03	2.860468324014587838e-01	-7.489781784087385930e-01	2.000000000000000111e-01	1.199999999999999956e+00	7.605679589189318079e-02
2.490000000000000000e+02	3.842529174761402742e-03	6.389011219719301082e-02	5.826306444480880975e-01	2.000000000000000111e-01	1.199999999999999956e+00	1.428829608772434930e-02
2.500000000000000000e+02	1.428905040137340952e-02	1.688315694752565432e-01	6.608347948530290950e-02	2.000000000000000111e-01	1.199999999999999956e+00	4.608991344945752300e-03
2.510000000000000000e+02	8.286368633778016732e-03	2.502493466358960417e-01	-2.623793986071696338e-01	2.000000000000000111e-01	1.199999999999999956e+00	4.594082251816075137e-03
2.520000000000000000e+02	1.876050415574531324e-02	3.896699380818353931e-02	5.330173797746751152e-01	2.000000000000000111e-01	1.199999999999999956e+00	1.950384669537097090e-02
2.530000000000000000e+02	2.505655548275890696e-03	1.858845955556785168e-01	2.428878634579114681e-01	2.000000000000000111e-01	1.199999999999999956e+00	8.989103595559587781e-03
2.540000000000000000e+02	5.779045696148720499e-04	1.229228067429917748e-01	1.741873142072156710e-01	2.000000000000000111e-01	1.199999999999999956e+00	5.039830924944353231e-03
2.550000000000000000e+02	-1.418950215113955280e-03	1.906941358661159713e-01	-3.162507913600558496e-01	2.000000000000000111e-01	1.199999999999999956e+00	1.579759244459593912e-02
2.560000000000000000e+02	1.758324341351719371e-03	2.805162450199313873e-01	-7.722515437759103207e-02	2.000000000000000111e-01	1.199999999999999956e+00	1.222226783902449765e-02
2.570000000000000000e+02	3.021434705921480050e-03	2.259543658852813386e-01	7.460774845456308313e-02	2.000000000000000111e-01	1.199999999999999956e+00	5.534595154916892475e-03
2.580000000000000000e+02	5.941493421430242214e-03	1.676586482151033175e-01	6.556316947745521873e-02	2.000000000000000111e-01	1.199999999999999956e+00	7.025534293261276320e-03
2.590000000000000000e+02	-6.735712583392533970e-04	3.805675532386974536e-01	-2.995329914067843546e-01	2.000000000000000111e-01	1.199999999999999956e+00	6.417077784005994004e-03
2.600000000000000000e+02	-4.759116020699668409e-03	3.404138160352404019e-01	-4.670885029728646387e-01	2.000000000000000111e-01	1.199999999999999956e+00	1.869276579810122754e-02
2.610000000000000000e+02	-7.250408434001122111e-05	4.983172781178394906e-01	-7.183438373029815693e-01	2.000000000000000111e-01	1.199999999999999956e+00	4.524858670712993483e-03
2.620000000000000000e+02	7.432653026636237489e-03	1.227728526708975060e-01	2.259756759744047105e-01	2.000000000000000111e-01	1.199999999999999956e+00	4.446940912305097707e-03
2.630000000000000000e+02	1.989994616727491263e-03	7.010413761562190871e-01	-1.909819766099735361e+00	2.000000000000000111e-01	1.199999999999999956e+00	6.400519488143756666e-03
2.640000000000000000e+02	5.042043093909429237e-03	1.604668095988103782e-01	3.199813648824378909e-01	2.000000000000000111e-01	1.199999999999999956e+00	1.033518213964096551e-02
2.650000000000000000e+02	7.368753457272532795e-03	1.210934588688841046e-01	3.969595706656621203e-01	2.000000000000000111e-01	1.199999999999999956e+00	1.259521692709310130e-02
2.660000000000000000e+02	4.032761801867237698e-03	1.622167787907218828e-01	7.625099564550730236e-02	2.000000000000000111e-01	1.199999999999999956e+00	1.107624986909671108e-02
2.670000000000000000e+02	4.118130920464803564e-03	1.628085030616865658e-01	2.193066477231906397e-01	2.000000000000000111e-01	1.199999999999999956e+00	6.435968983473686414e-03
2.680000000000000000e+02	2.363237448937916593e-03	3.815889574141179130e-01	-6.728400159372047717e-01	2.000000000000000111e-01	1.199999999999999956e+00	3.460468842459862252e-03
2.690000000000000000e+02	-1.744094126309571379e-03	2.891634379727862081e-01	-3.832675881125879869e-02	2.000000000000000111e-01	1.199999999999999956e+00	7.608339026578321562e-03
2.700000000000000000e+02	1.286225583669286902e-02	2.339510206167734474e-01	5.054258728468274953e-02	2.000000000000000111e-01	1.199999999999999956e+00	1.288989621828457756e-02
2.710000000000000000e+02	5.798116025373460138e-03	9.366594018638803310e-02	2.511027737145976602e-01	2.000000000000000111e-01	1.199999999999999956e+00	3.686029931348769328e-03
2.720000000000000000e+02	-1.812179167665068215e-04	2.405209191443981043e-01	4.721385765827701420e-03	2.000000000000000111e-01	1.199999999999999956e+00	5.657569436637568429e-03
2.730000000000000000e+02	6.864193877445639571e-04	3.587162794769617191e-01	-6.846729344434399067e-02	2.000000000000000111e-01	1.199999999999999956e+00	1.056349140965516520e-02
2.740000000000000000e+02	5.648567952460374630e-03	1.659389253788566554e-01	1.690743347626577631e-01	2.000000000000000111e-01	1.199999999999999956e+00	5.255338268683721996e-03
2.750000000000000000e+02	-1.103362824251461274e-02	6.162348930495485932e-01	-1.392855779250597337e+00	2.000000000000000111e-01	1.199999999999999956e+00	3.165960498580355081e-02
2.760000000000000000e+02	4.903906399996531100e-03	3.607805831213913850e-01	-4.077983078323543786e-01	2.000000000000000111e-01	1.199999999999999956e+00	7.914571584701195900e-03
2.770000000000000000e+02	7.358523689838583452e-03	1.065740640924444094e-01	2.992631263263760832e-01	2.000000000000000111e-01	1.199999999999999956e+00	3.016673703554082712e-03
2.780000000000000000e+02	1.583173810251946268e-03	2.056424242018541626e-01	8.953487640963553318e-02	2.000000000000000111e-01	1.199999999999999956e+00	3.707404924939804950e-03
2.790000000000000000e+02	-3.681719894558668858e-03	3.279724770026966052e-01	-8.665227645107949073e-01	2.000000000000000111e-01	1.199999999999999956e+00	3.968842120322189915e-02
2.800000000000000000e+02	5.754018570707763666e-03	2.237011581064298760e-01	2.210824645849025494e-01	2.000000000000000111e-01	1.199999999999999956e+00	8.501139121151347205e-03
2.810000000000000000e+02	7.137073945573604514e-03	1.316599610353054450e-01	2.920132305041738263e-01	2.000000000000000111e-01	1.199999999999999956e+00	4.543849694649176700e-03
2.820000000000000000e+02	2.658312755242806143e-03	2.116370661472216363e-01	-3.305175409837390887e-02	2.000000000000000111e-01	1.199999999999999956e+00	6.067268878025952952e-03
2.830000000000000000e+02	1.572657121934684793e-02	1.635786690178234470e-01	-1.567928615107720969e-01	2.000000000000000111e-01	1.199999999999999956e+00	1.338640482792373410e-02
2.840000000000000000e+02	4.527459932636670320e-03	2.192251940464812476e-01	1.156644174999623687e-01	2.000000000000000111e-01	1.199999999999999956e+00	7.740295285962811057e-03
2.850000000000000000e+02	1.606796948426310323e-03	2.028181134374149597e-01	2.138029859753420858e-01	2.000000000000000111e-01	1.199999999999999956e+00	4.505778749879359342e-03
2.860000000000000000e+02	3.199397195922636106e-02	-3.834423135885513950e-02	6.169342512819505631e-01	2.000000000000000111e-01	1.199999999999999956e+00	1.232029078060922940e-02
2.870000000000000000e+02	-1.192514943154569275e-02	5.659257136717049663e-01	-1.531379930615525353e+00	2.000000000000000111e-01	1.199999999999999956e+00	3.760914749472565877e-02
2.880000000000000000e+02	4.535592835000134757e-03	2.126479309038462329e-01	1.624971802815560196e-01	2.000000000000000111e-01	1.199999999999999956e+00	1.041512926579149338e-02
2.890000000000000000e+02	3.856837661582237457e-03	2.971311443712678635e-01	-2.976191964414414137e-01	2.000000000000000111e-01	1.199999999999999956e+00	3.080713349724840348e-03
2.900000000000000000e+02	2.277244807957868461e-03	4.076588950316063775e-02	6.013733491892665484e-01	2.000000000000000111e-01	1.199999999999999956e+00	2.945310872994798875e-03
2.910000000000000000e+02	-2.261339881481043770e-03	2.701029270276942285e-01	-4.938864452101929814e-01	2.000000000000000111e-01	1.199999999999999956e+00	1.985143254154745837e-02
2.920000000000000000e+02	3.382829235629298582e-03	7.665869481963778764e-02	4.617933140464960395e-01	2.000000000000000111e-01	1.199999999999999956e+00	8.072526882609893165e-03
2.930000000000000000e+02	5.182177785026951915e-03	2.063997391348273147e-01	1.333419702743237067e-01	2.000000000000000111e-01	1.199999999999999956e+00	5.948260825421615959e-03
2.940000000000000000e+02	-7.223699485237014724e-04	1.426617936064748238e-01	-2.562478330264328363e-01	2.000000000000000111e-01	1.199999999999999956e+00	3.561743383265595503e-02
2.950000000000000000e+02	1.059555774684603838e-02	2.184059099156887215e-02	6.090539025275609752e-01	2.000000000000000111e-01	1.199999999999999956e+00	2.175992212977833490e-02
2.960000000000000000e+02	8.427276276602913355e-03	2.133650750775026028e-01	-1.175563356123783265e-01	2.000000000000000111e-01	1.199999999999999956e+00	1.744068766233623519e-03
2.970000000000000000e+02	9.111114924913343849e-03	2.684551626319416351e-01	-1.246392090215606707e-01	2.000000000000000111e-01	1.199999999999999956e+00	6.734724357780753033e-03
2.980000000000000000e+02	-3.059677406436092911e-03	3.957030444312772399e-01	-2.935002924479599429e-01	2.000000000000000111e-01	1.199999999999999956e+00	5.999886262156246645e-03
2.990000000000000000e+02	6.348193921503785843e-03	1.063164906543540011e-01	1.624553758212963217e-01	2.000000000000000111e-01	1.199999999999999956e+00	6.611438691523591725e-03
3.000000000000000000e+02	3.089845357156794075e-03	1.336330051223806326e-01	2.620314903730629474e-01	2.000000000000000111e-01	1.199999999999999956e+00	8.941981975401219751e-03
3.010000000000000000e+02	2.352207501098057055e-02	6.904089751846223533e-02	4.479816600551408401e-01	2.000000000000000111e-01	1.199999999999999956e+00	2.515441647370610795e-02
3.020000000000000000e+02	-5.457020747003843474e-04	3.529572915161099944e-01	-3.501984781744473807e-01	2.000000000000000111e-01	1.199999999999999956e+00	6.305440274517781600e-03
3.030000000000000000e+02	3.281662265701376993e-03	5.498370580654910605e-02	5.332683867274029543e-01	2.000000000000000111e-01	1.199999999999999956e+00	5.783799275732845468e-03
3.040000000000000000e+02	5.739518598676815464e-03	1.303899366258589876e-01	2.679732991936070174e-01	2.000000000000000111e-01	1.199999999999999956e+00	6.874167773997554888e-03
3.050000000000000000e+02	2.451053945131102633e-03	1.607808722732037565e-01	5.230290741526699705e-02	2.000000000000000111e-01	1.199999999999999956e+00	2.387502777772022248e-03
3.060000000000000000e+02	2.007995803680323078e-03	1.633024528948342213e-01	2.472270449965501271e-01	2.000000000000000111e-01	1.199999999999999956e+00	7.977031837882748305e-03
3.070000000000000000e+02	-2.187606555923289967e-03	2.833445368920399776e-01	-5.142017648554384479e-01	2.000000000000000111e-01	1.199999999999999956e+00	3.329350480252950273e-02
3.080000000000000000e+02	1.822502861717716083e-02	2.370048319480996535e-01	-1.251139508512837395e-01	2.000000000000000111e-01	1.199999999999999956e+00	6.370228877704596851e-03
3.090000000000000000e+02	9.750705225485998065e-03	2.713531997779371485e-01	-2.394353902065526896e-02	2.000000000000000111e-01	1.199999999999999956e+00	6.026998236211003439e-03
3.100000000000000000e+02	2.336883609309952856e-03	2.457166256162200413e-01	-7.089320083074390766e-03	2.000000000000000111e-01	1.199999999999999956e+00	4.865654718896360482e-03
3.110000000000000000e+02	1.000734368545458559e-02	9.748149402991017343e-02	2.968557859013245537e-01	2.000000000000000111e-01	1.199999999999999956e+00	6.426413614568919803e-03
3.120000000000000000e+02	4.290211260548943036e-03	2.596560127953579933e-01	-1.311922260229021475e-01	2.000000000000000111e-01	1.199999999999999956e+00	6.170468135538211864e-03
3.130000000000000000e+02	1.118430363483116988e-02	2.404495265101198320e-01	-4.454512681566358268e-01	2.000000000000000111e-01	1.199999999999999956e+00	5.428652798343044407e-03
3.140000000000000000e+02	8.259691441025727651e-03	1.496041739023529216e-01	7.312406184444131263e-02	2.000000000000000111e-01	1.199999999999999956e+00	3.646179584313041355e-03
3.150000000000000000e+02	4.432067187522078199e-03	1.672281886463065081e-01	-4.664751785188858690e-02	2.000000000000000111e-01	1.199999999999999956e+00	2.583074196726940601e-03
3.160000000000000000e+02	1.110776752364348204e-02	6.498986878127277489e-02	5.142231083125793356e-01	2.000000000000000111e-01	1.199999999999999956e+00	1.787990931811744844e-02
3.170000000000000000e+02	4.839541408470232620e-03	3.421941727683994183e-01	-3.861293455810743680e-02	2.000000000000000111e-01	1.199999999999999956e+00	6.089198316895606637e-03
3.180000000000000000e+02	-8.391406779196981802e-03	4.817853906985267720e-01	-1.092435865834572972e+00	2.000000000000000111e-01	1.199999999999999956e+00	1.888240782331991260e-02
3.190000000000000000e+02	2.011928813418096835e-03	6.260701074532364074e-02	6.148926482218262102e-01	2.000000000000000111e-01	1.199999999999999956e+00	7.986884258695748501e-03
3.200000000000000000e+02	3.194339552404268194e-03	1.506973998023477812e-01	1.888912014822987651e-01	2.000000000000000111e-01	1.199999999999999956e+00	6.751780489660338946e-03
3.210000000000000000e+02	6.343240900084146962e-04	2.368509155304392155e-01	-7.988702848007545043e-02	2.000000000000000111e-01	1.199999999999999956e+00	3.858032133039470454e-03
3.220000000000000000e+02	5.556630639371725605e-03	3.236860861916636134e-01	-2.080968886513714367e-01	2.000000000000000111e-01	1.199999999999999956e+00	8.380279274987634253e-03
3.230000000000000000e+02	5.327215549980809754e-03	1.901984520535380807e-01	-6.690221396828821554e-02	2.000000000000000111e-01	1.199999999999999956e+00	4.783207276392186305e-03
3.240000000000000000e+02	7.228713676197485918e-04	2.787816807392243246e-01	-4.233054823917692389e-02	2.000000000000000111e-01	1.199999999999999956e+00	1.509648684497819082e-02
3.250000000000000000e+02	-3.427021346586732985e-03	5.555384095850407489e-01	-1.020314870620444125e+00	2.000000000000000111e-01	1.199999999999999956e+00	6.111330149506622247e-03
3.260000000000000000e+02	3.715125470165813511e-03	1.231044101189820161e-01	3.217651450190124329e-01	2.000000000000000111e-01	1.199999999999999956e+00	8.602281018365633483e-03
3.270000000000000000e+02	1.756379164585115688e-03	2.484583817131253147e-01	3.506489161114778597e-02	2.000000000000000111e-01	1.199999999999999956e+00	8.388852401103355852e-03
3.280000000000000000e+02	4.488563350960700707e-03	2.090857845233841730e-02	7.039514282999331796e-01	2.000000000000000111e-01	1.199999999999999956e+00	6.532064733664274918e-03
3.290000000000000000e+02	5.023449160402039017e-03	2.788561371083745910e-01	-2.150199950007767313e-01	2.000000000000000111e-01	1.199999999999999956e+00	4.135835942359476942e-03
3.300000000000000000e+02	2.479321979739947199e-03	1.780277306819122995e-01	1.722691149663404531e-01	2.000000000000000111e-01	1.199999999999999956e+00	9.708205472102035549e-03
3.310000000000000000e+02	6.982506182815100167e-03	6.639172746795850288e-02	5.840165120613008964e-01	2.000000000000000111e-01	1.199999999999999956e+00	1.459309637141697168e-02
3.320000000000000000e+02	-6.000309957243063139e-03	5.663957379422864813e-01	-6.855187278189065481e-01	2.000000000000000111e-01	1.199999999999999956e+00	7.993300240193370459e-03
3.330000000000000000e+02	2.970681768005314048e-03	1.241133887969166245e-03	7.950204863578320680e-01	2.000000000000000111e-01	1.199999999999999956e+00	1.073026150544820548e-02
3.340000000000000000e+02	9.885672159695589947e-03	2.121022701046437753e-01	1.718795041385057232e-03	2.000000000000000111e-01	1.199999999999999956e+00	6.253074541122867827e-03
3.350000000000000000e+02	6.187889624844064747e-03	2.325324837692359925e-01	-2.353390129089172333e-02	2.000000000000000111e-01	1.199999999999999956e+00	5.723167730956130184e-03
3.360000000000000000e+02	4.752809502970411180e-03	1.491173757533417743e-01	2.206314293559947792e-01	2.000000000000000111e-01	1.199999999999999956e+00	8.940449574885654324e-03
3.370000000000000000e+02	8.067645823656119028e-03	2.274259189547104265e-01	-5.275722494298058507e-01	2.000000000000000111e-01	1.199999999999999956e+00	7.812964725003415309e-03
3.380000000000000000e+02	2.566780534420388862e-03	5.563074920196248163e-02	5.801579385136926836e-01	2.000000000000000111e-01	1.199999999999999956e+00	5.591208537320049854e-03
3.390000000000000000e+02	1.052831700481288331e-02	3.380499849913380650e-02	4.736687834219108773e-01	2.000000000000000111e-01	1.199999999999999956e+00	5.606121982758226728e-03
3.400000000000000000e+02	8.002816075965646370e-03	5.019282062900790597e-01	-7.290307981315362618e-01	2.000000000000000111e-01	1.199999999999999956e+00	6.716912709447687459e-03
3.410000000000000000e+02	1.754570737527257529e-04	1.162990882997544800e-01	3.683382032216342417e-01	2.000000000000000111e-01	1.199999999999999956e+00	5.046433678804639056e-02
3.420000000000000000e+02	-1.055358181511018185e-02	5.010676859875373701e-01	-1.137977723234451233e+00	2.000000000000000111e-01	1.199999999999999956e+00	3.519820331344960390e-02
3.430000000000000000e+02	8.627931891895798677e-03	1.235799918257927676e-01	3.940034407693671081e-01	2.000000000000000111e-01	1.199999999999999956e+00	1.184540622940515216e-02
3.440000000000000000e+02	5.069451234703461519e-03	1.205948705421902439e-01	2.558401562799157425e-01	2.000000000000000111e-01	1.199999999999999956e+00	6.128529673348960538e-03
3.450000000000000000e+02	1.031354408581253634e-03	1.981350573495329337e-01	1.242289501507465310e-01	2.000000000000000111e-01	1.199999999999999956e+00	4.442660137079664645e-03
3.460000000000000000e+02	4.560681239456719667e-03	1.732677301611999232e-01	-4.381690398716830970e-02	2.000000000000000111e-01	1.199999999999999956e+00	3.627012646396448291e-03
3.470000000000000000e+02	-2.707702448198997212e-03	8.710401258038029670e-01	-2.069300790393845624e+00	2.000000000000000111e-01	1.199999999999999956e+00	9.141450626454482656e-03
3.480000000000000000e+02	-1.054725322124689182e-03	1.424799348118442333e-01	1.870881888727726761e-02	2.322580645161289870e-01	1.199999999999999956e+00	7.233119208865441963e-03
3.490000000000000000e+02	7.538073611477512891e-03	3.193161075141946470e-01	-3.073748295354863380e-01	2.000000000000000111e-01	1.199999999999999956e+00	5.404445205995096757e-03
3.500000000000000000e+02	-1.284657344436039616e-03	4.180086896582755340e-01	-4.186018386410994552e-01	2.000000000000000111e-01	1.199999999999999956e+00	5.687668553126232207e-03
3.510000000000000000e+02	7.591005676843685761e-03	4.242297173161160839e-01	-4.888537892722784051e-01	2.000000000000000111e-01	1.199999999999999956e+00	9.881731682013065315e-03
3.520000000000000000e+02	2.107102771790668287e-03	1.038059970354457406e-01	4.455335589673246055e-01	2.000000000000000111e-01	1.199999999999999956e+00	6.103679025441120440e-03
3.530000000000000000e+02	1.186534225939210249e-02	2.957315616910856648e-01	-2.567753776539642985e-01	2.000000000000000111e-01	1.199999999999999956e+00	7.473077722281570336e-03
3.540000000000000000e+02	2.178401676142403733e-03	1.777505302489522931e-01	2.639559248917398016e-01	2.000000000000000111e-01	1.199999999999999956e+00	5.448528305782501975e-03
3.550000000000000000e+02	8.537520669090081782e-03	2.533706311378439713e-01	3.605923597860671848e-02	2.000000000000000111e-01	1.199999999999999956e+00	1.290659351574986562e-02
3.560000000000000000e+02	-9.806376120938707294e-03	4.972197798110026268e-01	-1.436794447107830663e+00	2.000000000000000111e-01	1.199999999999999956e+00	3.107397017962335375e-02
3.570000000000000000e+02	8.270143696794693758e-03	3.402919546827774533e-01	-3.364690167512076613e-01	2.000000000000000111e-01	1.199999999999999956e+00	1.100829690840476709e-02
3.580000000000000000e+02	5.904249880164454426e-04	2.671021291257457131e-01	-2.531955414072006860e-02	2.000000000000000111e-01	1.199999999999999956e+00	3.522237378943898507e-03
3.590000000000000000e+02	1.165430683779055884e-02	1.026589527290769355e-01	2.946777746297002398e-01	2.000000000000000111e-01	1.199999999999999956e+00	7.674006284532240360e-03
3.600000000000000000e+02	1.592731069229782288e-03	3.303811265054914514e-01	-3.569327914348474629e-01	2.000000000000000111e-01	1.199999999999999956e+00	7.524796130609583307e-03
3.610000000000000000e+02	-3.384562299656168616e-03	4.965586826834400003e-01	-5.768149003785731921e-01	2.000000000000000111e-01	1.199999999999999956e+00	7.641625554304512860e-03
3.620000000000000000e+02	2.456175031956814043e-03	5.397597868318713132e-01	-1.051136270966411601e+00	2.000000000000000111e-01	1.199999999999999956e+00	1.115761014331964965e-02
3.630000000000000000e+02	3.133362745457398714e-03	3.637716884120200667e-01	-3.209961941051751033e-01	2.000000000000000111e-01	1.199999999999999956e+00	2.844028751952838718e-03
3.640000000000000000e+02	7.866267726566939997e-03	-2.582904221100246200e-02	1.011523166287837228e+00	2.000000000000000111e-01	1.199999999999999956e+00	3.416489949452392733e-02
3.650000000000000000e+02	3.625992259403599486e-03	3.890656623004291881e-02	6.333029113042499825e-01	2.000000000000000111e-01	1.199999999999999956e+00	1.256396956887258047e-02
3.660000000000000000e+02	6.192613675782275865e-04	4.088296078193682792e-01	-8.767685665141531359e-01	2.000000000000000111e-01	1.199999999999999956e+00	7.400021349242375153e-03
3.670000000000000000e+02	8.812590797120031794e-03	1.478266914903397511e-01	2.780402275875251128e-01	2.000000000000000111e-01	1.199999999999999956e+00	3.967267779670308366e-03
3.680000000000000000e+02	3.332165999800814835e-03	1.180363142835898910e-01	3.966877979549143785e-01	2.000000000000000111e-01	1.199999999999999956e+00	3.911519967060491515e-02
3.690000000000000000e+02	3.857355803581540097e-03	2.874957905343684672e-01	-3.944036592835060695e-01	2.000000000000000111e-01	1.199999999999999956e+00	6.790896129608760615e-03
3.700000000000000000e+02	-1.634815812442556773e-03	2.837219627267459354e-01	-2.352855818718513348e-02	2.000000000000000111e-01	1.199999999999999956e+00	2.578123034696327281e-03
3.710000000000000000e+02	2.272061675732025155e-03	5.264970213468087579e-01	-7.180609302133218463e-01	2.000000000000000111e-01	1.199999999999999956e+00	3.870725936677384734e-03
3.720000000000000000e+02	1.290534732298500957e-02	2.519434503041442786e-02	5.922502549016404050e-01	2.000000000000000111e-01	1.199999999999999956e+00	7.082394782585666945e-03
3.730000000000000000e+02	-1.878125125448160343e-03	2.523081995135549871e-01	-1.565810547117658658e-01	2.000000000000000111e-01	1.199999999999999956e+00	3.842474621817003333e-02
3.740000000000000000e+02	9.205869285299525528e-03	1.457988501758326338e-01	2.584911491605630385e-01	2.000000000000000111e-01	1.199999999999999956e+00	4.433257388129954735e-03
3.750000000000000000e+02	9.603176625556427565e-03	1.247505731033431986e-01	2.437723140036944791e-01	2.000000000000000111e-01	1.199999999999999956e+00	5.091398298338959891e-03
3.760000000000000000e+02	5.155931031850032910e-03	1.593025100953355810e-01	1.396442250539422503e-01	2.000000000000000111e-01	1.199999999999999956e+00	4.722220061277545601e-03
3.770000000000000000e+02	1.065851239820383295e-02	1.641785187290050740e-01	4.820763740038125356e-02	2.000000000000000111e-01	1.199999999999999956e+00	3.064515254749990928e-03
3.780000000000000000e+02	1.862944731038247790e-03	2.041829824271929883e-01	6.835001990667688432e-02	2.000000000000000111e-01	1.199999999999999956e+00	7.294566594086026624e-03
3.790000000000000000e+02	4.988643287415904515e-03	1.044152232502752603e-01	4.072641752325887321e-01	2.000000000000000111e-01	1.199999999999999956e+00	9.298523680861833438e-03
3.800000000000000000e+02	4.142234489552093155e-03	1.434527164201688521e-01	3.117890289674001281e-01	2.000000000000000111e-01	1.199999999999999956e+00	6.792602201964009767e-03
3.810000000000000000e+02	-4.259309880359230145e-03	4.225960592247305359e-01	-8.370381695163180424e-01	2.000000000000000111e-01	1.199999999999999956e+00	2.692389402355966840e-02
3.820000000000000000e+02	-5.280286839534759340e-04	1.166960893315748954e-01	2.640452500357461929e-01	2.000000000000000111e-01	1.199999999999999956e+00	1.784793742019318355e-02
3.830000000000000000e+02	5.394529948803532607e-03	2.868705190975716079e-01	-3.015468659708950838e-01	2.000000000000000111e-01	1.199999999999999956e+00	8.220085336346735425e-03
