0.000000000000000000e+00	-5.042705478776593649e-03	5.969363254052139078e-01	-8.687587831187748577e-01	2.000000000000000111e-01	1.199999999999999956e+00	8.019288614372444696e-03
1.000000000000000000e+00	3.942812741217400357e-03	8.157243774797307001e-02	5.150514736948199612e-01	2.000000000000000111e-01	1.199999999999999956e+00	6.581894687410236831e-03
2.000000000000000000e+00	9.453750418658098988e-04	1.549182564854854338e-01	2.712629763153007190e-01	2.000000000000000111e-01	1.199999999999999956e+00	4.095457362844631341e-03
3.000000000000000000e+00	1.459867050612242111e-02	1.063908415141195246e-01	2.570357592600165386e-01	2.000000000000000111e-01	1.199999999999999956e+00	4.893444314899137414e-03
4.000000000000000000e+00	1.182393535621392841e-03	1.294512127052595274e-01	2.473083547329446574e-01	2.000000000000000111e-01	1.199999999999999956e+00	5.354988427864563853e-03
5.000000000000000000e+00	1.696806466510483811e-03	1.708529627839705245e-01	1.746658418779434285e-01	2.000000000000000111e-01	1.199999999999999956e+00	2.910931130925721502e-03
6.000000000000000000e+00	1.805794268702491786e-03	8.220411117844420024e-02	5.455752758401000158e-01	2.000000000000000111e-01	1.199999999999999956e+00	5.360857464873143574e-03
7.000000000000000000e+00	-4.402166238492842445e-04	1.227113905711203073e-01	3.020673897452113010e-01	2.000000000000000111e-01	1.199999999999999956e+00	5.406534538340458662e-02
8.000000000000000000e+00	2.262800249791246856e-03	1.030319503752954030e-01	3.582395112081078192e-01	2.000000000000000111e-01	1.199999999999999956e+00	3.569879751042574247e-03
9.000000000000000000e+00	6.332353705734429863e-03	4.477994542851094703e-03	7.822881932462890653e-01	2.000000000000000111e-01	1.199999999999999956e+00	2.887177865603643770e-02
1.000000000000000000e+01	6.726433262267143744e-04	9.292115044503511390e-02	5.558407002684289111e-01	2.000000000000000111e-01	1.199999999999999956e+00	6.822385630016729145e-03
1.100000000000000000e+01	9.618630121366575402e-04	2.002539264248604789e-01	2.940815451105982525e-01	2.000000000000000111e-01	1.199999999999999956e+00	6.240365040638057477e-03
1.200000000000000000e+01	-7.516568549661340913e-04	2.780046246940656163e-01	4.151661915756665877e-02	2.000000000000000111e-01	1.199999999999999956e+00	6.901053191300180432e-03
1.300000000000000000e+01	1.960153011217138832e-03	1.128383663680011112e-01	3.932074155433720186e-01	2.000000000000000111e-01	1.199999999999999956e+00	2.767244006610276429e-03
1.400000000000000000e+01	1.168923352591297402e-03	1.542888715443661019e-01	4.346607369430919299e-01	2.000000000000000111e-01	1.199999999999999956e+00	9.026690226443411305e-03
1.500000000000000000e+01	1.925954284088657667e-03	2.317268069078348147e-01	-8.289133357575995120e-02	2.000000000000000111e-01	1.199999999999999956e+00	4.199038577976633123e-03
1.600000000000000000e+01	2.067481344888485312e-03	5.727723497194725510e-02	5.089908471981290372e-01	2.000000000000000111e-01	1.199999999999999956e+00	7.381024588774016439e-03
1.700000000000000000e+01	2.711207068842453206e-03	1.131388998235557802e-01	4.873208050523014645e-01	2.000000000000000111e-01	1.199999999999999956e+00	7.242603402737781727e-03
1.800000000000000000e+01	1.429070452083630680e-03	4.890826381553527863e-02	5.588335282320757713e-01	2.000000000000000111e-01	1.199999999999999956e+00	5.806945415425727661e-03
1.900000000000000000e+01	3.304005694302249315e-04	2.702738167919403467e-01	2.567956812749594420e-02	2.000000000000000111e-01	1.199999999999999956e+00	2.536349327545079409e-03
2.000000000000000000e+01	1.362320826442724349e-03	1.107020452384901016e-01	4.511828849409069697e-01	2.000000000000000111e-01	1.199999999999999956e+00	2.798299977644702792e-03
2.100000000000000000e+01	-5.998296535053746718e-04	2.320572451367347022e-01	1.518022226731221558e-01	2.000000000000000111e-01	1.199999999999999956e+00	5.770885100217444490e-03
2.200000000000000000e+01	8.036899759556267618e-04	1.012781567727326359e-01	4.518009099405548845e-01	2.000000000000000111e-01	1.199999999999999956e+00	1.964129352903915948e-03
2.300000000000000000e+01	1.035828157671353760e-03	9.825626395463704643e-02	4.268975225876698865e-01	2.000000000000000111e-01	1.199999999999999956e+00	3.591788709660831674e-03
2.400000000000000000e+01	9.056059021379207633e-04	1.733571825869596461e-01	3.658798311265751835e-01	2.000000000000000111e-01	1.199999999999999956e+00	9.863568560808584976e-03
2.500000000000000000e+01	5.834323157767484390e-04	1.296299945423476097e-01	4.255499006894201131e-01	2.000000000000000111e-01	1.199999999999999956e+00	7.820546934268517852e-03
2.600000000000000000e+01	3.184115842395905151e-03	2.389968287696047355e-01	2.008226028171953281e-01	2.000000000000000111e-01	1.199999999999999956e+00	8.290228447064552225e-03
2.700000000000000000e+01	-1.054610978422975765e-03	2.683410799011055614e-01	6.674324985108270880e-02	2.000000000000000111e-01	1.199999999999999956e+00	6.112327233261815110e-03
2.800000000000000000e+01	-7.122607734571678479e-05	1.091690309521172048e-01	3.518065010541175930e-01	2.000000000000000111e-01	1.199999999999999956e+00	2.778660688274537695e-03
2.900000000000000000e+01	1.833688866668185770e-03	9.022749647721667321e-02	4.574871404593003898e-01	2.000000000000000111e-01	1.199999999999999956e+00	3.084285047503972522e-03
3.000000000000000000e+01	9.504532079196199726e-04	1.523410793596350898e-01	4.523401374055278090e-01	2.000000000000000111e-01	1.199999999999999956e+00	1.055072834029986868e-02
3.100000000000000000e+01	2.484476794319481069e-03	3.943279505188569678e-02	6.578744927122164299e-01	2.000000000000000111e-01	1.199999999999999956e+00	7.744473899255303016e-03
3.200000000000000000e+01	-3.026166820176205870e-03	3.927201428581502118e-01	-4.693522586837239885e-01	2.000000000000000111e-01	1.199999999999999956e+00	3.746435247975563043e-03
3.300000000000000000e+01	2.173666987337230082e-03	1.767673446715521124e-01	2.657224814364713694e-01	2.000000000000000111e-01	1.199999999999999956e+00	3.855920307765119907e-03
3.400000000000000000e+01	6.726492629330391333e-03	1.766492682552234794e-01	7.767038549674021297e-02	2.000000000000000111e-01	1.199999999999999956e+00	3.482822138342818973e-03
3.500000000000000000e+01	1.104396048691228460e-03	1.750762920399476508e-01	2.542560426280831010e-01	2.000000000000000111e-01	1.199999999999999956e+00	5.070421657666626322e-03
3.600000000000000000e+01	2.416860130767040267e-03	1.994499477966222567e-01	3.107126640023798458e-01	2.000000000000000111e-01	1.199999999999999956e+00	2.097332546914358956e-02
3.700000000000000000e+01	-2.484843815775333604e-03	4.292179709012661215e-01	-5.920761919751855729e-01	2.000000000000000111e-01	1.199999999999999956e+00	6.527337304888356992e-03
3.800000000000000000e+01	1.537332422696034945e-04	1.794253486925327656e-01	1.489751424873140273e-01	2.000000000000000111e-01	1.199999999999999956e+00	5.721580070942908214e-03
3.900000000000000000e+01	2.194769480102593158e-03	2.143001585015504862e-01	9.736465930585680439e-02	2.000000000000000111e-01	1.199999999999999956e+00	3.989497778238795291e-03
4.000000000000000000e+01	2.363005133388832151e-03	1.960880559629432640e-01	2.161626513538719152e-01	2.000000000000000111e-01	1.199999999999999956e+00	3.450410893511939459e-03
4.100000000000000000e+01	-5.004077123202066392e-04	2.296281018795585105e-01	1.586444114751586199e-01	2.000000000000000111e-01	1.199999999999999956e+00	2.930887894135289322e-03
4.200000000000000000e+01	1.456230696590140802e-03	1.049365709294458465e-01	4.147482586936832583e-01	2.000000000000000111e-01	1.199999999999999956e+00	7.902612590147108096e-03
4.300000000000000000e+01	-4.503922999951318247e-05	2.189673783882389868e-01	-3.455150464559864076e-02	2.000000000000000111e-01	1.199999999999999956e+00	2.640939114794002562e-03
4.400000000000000000e+01	-4.337057770491878697e-03	4.929812390613687589e-01	-5.272822908776255701e-01	2.000000000000000111e-01	1.199999999999999956e+00	1.301098646373746205e-02
4.500000000000000000e+01	1.228762071430889195e-03	1.799573164852013296e-01	1.826705879607426475e-01	2.000000000000000111e-01	1.199999999999999956e+00	7.657343831823225366e-03
4.600000000000000000e+01	-1.290478398711708032e-03	3.515852326824451257e-01	-1.933087965281909959e-02	2.000000000000000111e-01	1.199999999999999956e+00	6.938081871969889111e-03
4.700000000000000000e+01	-1.231277888536840698e-03	2.309193697874658280e-01	2.599991762767546177e-01	2.000000000000000111e-01	1.199999999999999956e+00	7.236187130461305649e-03
4.800000000000000000e+01	8.792464892150887723e-04	1.903466451229222089e-01	2.768339650805993202e-01	2.000000000000000111e-01	1.199999999999999956e+00	7.299260838168693429e-03
4.900000000000000000e+01	2.922490021591297570e-03	1.421146181917794515e-01	2.638710204186214270e-01	2.000000000000000111e-01	1.199999999999999956e+00	6.069488484386387391e-03
5.000000000000000000e+01	1.594141188071628674e-03	6.105903517517103501e-02	5.106360449564659731e-01	2.000000000000000111e-01	1.199999999999999956e+00	4.775580254378674998e-03
5.100000000000000000e+01	-3.879927911252960054e-04	1.675258192286672998e-01	3.100955359170498582e-01	2.000000000000000111e-01	1.199999999999999956e+00	5.808047121526281435e-03
5.200000000000000000e+01	5.479155141000123345e-03	2.061701889077495742e-01	-8.310688070476590639e-02	2.000000000000000111e-01	1.199999999999999956e+00	6.061354301936722720e-03
5.300000000000000000e+01	2.071095006068441116e-03	3.987905604076559807e-01	-7.118070423433482397e-01	2.000000000000000111e-01	1.199999999999999956e+00	4.303390573918771701e-03
5.400000000000000000e+01	2.541413777619427362e-03	1.377609357130407941e-01	4.119845920640501369e-01	2.000000000000000111e-01	1.199999999999999956e+00	6.850451148926897313e-03
5.500000000000000000e+01	-4.098715468664152904e-04	2.137933818128426589e-01	2.319430928043670903e-01	2.000000000000000111e-01	1.199999999999999956e+00	6.993464421417609593e-03
5.600000000000000000e+01	6.004493572892346046e-03	1.543016485113089253e-01	2.845872646704001863e-01	2.000000000000000111e-01	1.199999999999999956e+00	7.140291362139884919e-03
5.700000000000000000e+01	1.123491841169236432e-04	2.610471591037448746e-01	1.501487394358891336e-02	2.000000000000000111e-01	1.199999999999999956e+00	9.898190803312596417e-03
5.800000000000000000e+01	-2.381637100510868976e-03	3.527992174153589677e-01	-1.072089632012298566e-01	2.000000000000000111e-01	1.199999999999999956e+00	3.373111728898286598e-03
5.900000000000000000e+01	2.345596217072279561e-03	1.444419938772316392e-01	3.783683575714138492e-01	2.000000000000000111e-01	1.199999999999999956e+00	5.663062893621506610e-03
6.000000000000000000e+01	1.184072146350875635e-03	7.923558931952795481e-02	6.348777503064617633e-01	2.000000000000000111e-01	1.199999999999999956e+00	7.365967624801753044e-02
6.100000000000000000e+01	2.467085684037358811e-03	1.075504599518633531e-01	5.745769695013589473e-01	2.000000000000000111e-01	1.199999999999999956e+00	1.397497140768981690e-02
6.200000000000000000e+01	3.874734863416324018e-03	7.867233783007780701e-02	4.932028388985183476e-01	2.000000000000000111e-01	1.199999999999999956e+00	9.138721845298538454e-03
6.300000000000000000e+01	9.049707066177923318e-04	6.778376125965157595e-02	5.916576343217918588e-01	2.000000000000000111e-01	1.199999999999999956e+00	7.227621702924159029e-03
6.400000000000000000e+01	1.580125332824225794e-03	1.436173675073365852e-01	2.723678911839928496e-01	2.000000000000000111e-01	1.199999999999999956e+00	4.719702314964028048e-03
6.500000000000000000e+01	5.911582832676981914e-04	6.468264888555602665e-02	5.569035904903509859e-01	2.000000000000000111e-01	1.199999999999999956e+00	2.930757427842589895e-03
6.600000000000000000e+01	4.694011753501513241e-04	1.247616563956473607e-01	4.119642150235058864e-01	2.000000000000000111e-01	1.199999999999999956e+00	7.111293584596552024e-03
6.700000000000000000e+01	4.084032252793726517e-03	1.398812586679529235e-01	2.743037742947764812e-01	2.000000000000000111e-01	1.199999999999999956e+00	5.820125406370258402e-03
6.800000000000000000e+01	5.328524548480168899e-04	7.506106538614229495e-02	5.654679849210642040e-01	2.000000000000000111e-01	1.199999999999999956e+00	5.754733838666195242e-03
6.900000000000000000e+01	7.274006735302441726e-04	6.870258878036680783e-02	5.638663906411252036e-01	2.000000000000000111e-01	1.199999999999999956e+00	5.322140409624804940e-03
7.000000000000000000e+01	-1.526567489733615364e-03	3.479404771478074587e-01	-5.511141873832983151e-01	2.000000000000000111e-01	1.199999999999999956e+00	6.229313913727204353e-03
7.100000000000000000e+01	1.098914737777481132e-03	1.351053752680055620e-01	2.090175149413369127e-01	2.000000000000000111e-01	1.199999999999999956e+00	8.829175146667129701e-03
7.200000000000000000e+01	7.462074005275677428e-04	1.079359909643128335e-01	4.288533841053916440e-01	2.000000000000000111e-01	1.199999999999999956e+00	3.521936475492724004e-03
7.300000000000000000e+01	5.204423392843210774e-03	3.317809351619306901e-01	-2.404238557729643233e-01	2.000000000000000111e-01	1.199999999999999956e+00	7.106864303491402211e-03
7.400000000000000000e+01	5.859900787778339658e-04	1.470647130092955224e-01	4.184193212828946074e-01	2.000000000000000111e-01	1.199999999999999956e+00	6.730027399251002455e-03
7.500000000000000000e+01	-3.601642311810262891e-03	2.703606577723462467e-01	-3.304912902053036561e-01	2.000000000000000111e-01	1.199999999999999956e+00	4.359559465787183480e-02
7.600000000000000000e+01	3.069413258818971466e-03	1.622372754157982988e-01	1.721972479129139089e-01	2.000000000000000111e-01	1.199999999999999956e+00	4.698101644046123390e-03
7.700000000000000000e+01	-2.146318571711155771e-03	3.373513271242223888e-01	-4.396087588185624284e-01	2.000000000000000111e-01	1.199999999999999956e+00	6.522524770218682266e-03
7.800000000000000000e+01	-3.221607233387884352e-04	2.925106643682602869e-01	6.951308791700716583e-02	2.000000000000000111e-01	1.199999999999999956e+00	8.707383004219722625e-03
7.900000000000000000e+01	1.600420375671107037e-03	2.118733584277101012e-01	1.017811096690981465e-01	2.000000000000000111e-01	1.199999999999999956e+00	6.443318347084998725e-03
8.000000000000000000e+01	-2.806344169538130175e-03	3.560155727399094694e-01	-5.301523186516909902e-02	2.000000000000000111e-01	1.199999999999999956e+00	5.956190607045626535e-03
8.100000000000000000e+01	-2.722632703248093443e-03	4.062533152794792768e-01	-2.712605559624989837e-01	2.000000000000000111e-01	1.199999999999999956e+00	5.310309673013778424e-03
8.200000000000000000e+01	2.360663076831857107e-03	6.559955033754491516e-02	5.323777029733101074e-01	2.000000000000000111e-01	1.199999999999999956e+00	9.262751752070240777e-03
8.300000000000000000e+01	2.393519012963247431e-03	1.861274555480163517e-01	2.919863542974794335e-01	2.000000000000000111e-01	1.199999999999999956e+00	6.521830385853332954e-03
8.400000000000000000e+01	-8.153841470136546660e-04	2.667334305894564772e-01	7.103188746373678697e-02	2.000000000000000111e-01	1.199999999999999956e+00	5.935181200633654966e-03
8.500000000000000000e+01	7.170331940092941484e-04	1.199161842264536287e-01	1.777207017458088956e-01	2.000000000000000111e-01	1.199999999999999956e+00	3.210238682904571240e-03
8.600000000000000000e+01	1.311057908142784735e-03	1.284696835773025403e-01	4.141454237445851838e-01	2.000000000000000111e-01	1.199999999999999956e+00	4.523124154042435820e-03
8.700000000000000000e+01	1.807064435441408290e-04	2.484802307624874862e-01	-2.589434043554339482e-02	2.000000000000000111e-01	1.199999999999999956e+00	4.925585802926062129e-03
8.800000000000000000e+01	2.785410625277270815e-03	1.234997814754862505e-01	3.675301087854054849e-01	2.000000000000000111e-01	1.199999999999999956e+00	6.180485916641227651e-03
8.900000000000000000e+01	1.720274108140098157e-03	1.963270571533996811e-01	2.580763338893765635e-01	2.000000000000000111e-01	1.199999999999999956e+00	1.166296631120975792e-02
9.000000000000000000e+01	3.152612843520802635e-03	1.708164426162785132e-01	1.583260490689957223e-01	2.000000000000000111e-01	1.199999999999999956e+00	3.388438786407654835e-03
9.100000000000000000e+01	1.430741135515975959e-03	1.652008819062688594e-01	1.813294696012293095e-01	2.000000000000000111e-01	1.199999999999999956e+00	5.638119251438688910e-03
9.200000000000000000e+01	5.858306170353216749e-04	1.302819821875146056e-01	2.885798437957816098e-01	2.000000000000000111e-01	1.199999999999999956e+00	4.238473738204130183e-03
9.300000000000000000e+01	7.100529889836968821e-04	1.149639530927092784e-01	4.500497376665446581e-01	2.000000000000000111e-01	1.199999999999999956e+00	6.998723687221276510e-03
9.400000000000000000e+01	-4.604570401560349746e-03	4.057461748731031603e-01	-1.715503464141621137e-01	2.000000000000000111e-01	1.199999999999999956e+00	4.913159850377201224e-03
9.500000000000000000e+01	-9.578983816883587853e-05	1.229555723499577979e-01	4.035072081835444635e-01	2.000000000000000111e-01	1.199999999999999956e+00	5.975870475062391649e-03
9.600000000000000000e+01	3.081475782686104916e-03	1.547872818484434532e-01	2.686267578968477565e-01	2.000000000000000111e-01	1.199999999999999956e+00	9.657719741634540611e-03
9.700000000000000000e+01	9.637404420598738803e-04	2.078559516697582876e-01	5.510783768262150772e-02	2.000000000000000111e-01	1.199999999999999956e+00	1.574090653979166171e-03
9.800000000000000000e+01	1.603289920924086702e-03	3.156086702239442598e-02	7.000488144495041754e-01	2.000000000000000111e-01	1.199999999999999956e+00	9.429051132528750920e-03
9.900000000000000000e+01	7.683086353538066656e-04	1.394603178261431820e-01	4.763667315737221131e-01	2.000000000000000111e-01	1.199999999999999956e+00	1.260030409626894735e-02
1.000000000000000000e+02	6.938811623468000992e-04	6.763139161068076888e-02	5.692097979710115663e-01	2.000000000000000111e-01	1.199999999999999956e+00	4.180581997002218685e-03
1.010000000000000000e+02	2.706369079576022665e-04	1.651202907275522436e-01	4.280580758912355677e-01	2.000000000000000111e-01	1.199999999999999956e+00	8.664583439750525931e-03
1.020000000000000000e+02	-1.752680424808822400e-03	3.424292627686626456e-01	-1.146189608585546083e-01	2.000000000000000111e-01	1.199999999999999956e+00	1.155183011664040471e-02
1.030000000000000000e+02	8.763042288955406010e-04	9.701663601619832378e-02	3.926216455882034495e-01	2.000000000000000111e-01	1.199999999999999956e+00	2.206494050741169329e-03
1.040000000000000000e+02	-3.710190317564528205e-04	2.303247314735494822e-01	1.419203382236995381e-01	2.000000000000000111e-01	1.199999999999999956e+00	7.101695982818687428e-03
1.050000000000000000e+02	5.425218976680379682e-03	2.647116712656261694e-01	1.772140949696598966e-02	2.000000000000000111e-01	1.199999999999999956e+00	4.862059013142703244e-03
1.060000000000000000e+02	5.140579023752346599e-03	2.106760299077366227e-01	1.497323380677566540e-01	2.000000000000000111e-01	1.199999999999999956e+00	3.221342326752852508e-02
1.070000000000000000e+02	1.953791109476685824e-03	1.924377012112226393e-01	1.493865324682186468e-01	2.000000000000000111e-01	1.199999999999999956e+00	4.425581319441000173e-03
1.080000000000000000e+02	1.554264522859154707e-03	9.947568237013287851e-02	3.831838955560247229e-01	2.000000000000000111e-01	1.199999999999999956e+00	3.121633973320159672e-03
1.090000000000000000e+02	2.755657903460265699e-03	4.092531973869006912e-01	-5.381525504209405675e-01	2.000000000000000111e-01	1.199999999999999956e+00	1.257692451878902364e-02
1.100000000000000000e+02	4.135740102197869254e-04	1.279262334794702971e-01	2.904837502389918669e-01	2.000000000000000111e-01	1.199999999999999956e+00	4.239497547244473752e-03
1.110000000000000000e+02	2.708233883426479534e-03	1.607360707116155529e-01	3.355582726736678900e-01	2.000000000000000111e-01	1.199999999999999956e+00	1.371047467090502278e-02
1.120000000000000000e+02	6.975389084233424514e-04	2.187704614904401323e-01	-9.641952512657647745e-02	2.000000000000000111e-01	1.199999999999999956e+00	8.147025165580093486e-03
1.130000000000000000e+02	2.099034164697706917e-03	1.306359911705922139e-01	3.646332123665065872e-01	2.000000000000000111e-01	1.199999999999999956e+00	7.892316504238262170e-03
1.140000000000000000e+02	1.307654801657987496e-03	2.257948236662584984e-01	2.842423252024639524e-02	2.000000000000000111e-01	1.199999999999999956e+00	7.166126640827940285e-03
1.150000000000000000e+02	7.740536933915417178e-05	9.614511242264059399e-02	5.400212299712396913e-01	2.000000000000000111e-01	1.199999999999999956e+00	6.937620608248787520e-03
1.160000000000000000e+02	2.779112327290185654e-03	9.637033776180649325e-02	4.536577879260108581e-01	2.000000000000000111e-01	1.199999999999999956e+00	4.314970459853232319e-03
1.170000000000000000e+02	-2.928896635481433378e-03	4.376464019194531985e-01	-4.697587049404807757e-01	2.000000000000000111e-01	1.199999999999999956e+00	5.524354205695588584e-03
1.180000000000000000e+02	4.006581876393628186e-03	1.258206893796448567e-01	4.076463350920958018e-01	2.000000000000000111e-01	1.199999999999999956e+00	3.704306755279317912e-03
1.190000000000000000e+02	1.022350160836242323e-03	8.402373996850748261e-02	4.943529308272096578e-01	2.000000000000000111e-01	1.199999999999999956e+00	7.408134149360476491e-03
1.200000000000000000e+02	1.749801037834963725e-03	1.504719590171907095e-01	3.845181458125623841e-01	2.000000000000000111e-01	1.199999999999999956e+00	1.342145047278282995e-02
1.210000000000000000e+02	3.768779833460539613e-03	1.885365776244651015e-01	1.144108520782993743e-01	2.000000000000000111e-01	1.199999999999999956e+00	5.088430806466237230e-03
1.220000000000000000e+02	1.368490650056219124e-03	5.683468572968669585e-02	6.668965810137115202e-01	2.000000000000000111e-01	1.199999999999999956e+00	1.086358551151964981e-02
1.230000000000000000e+02	4.501572624768139692e-03	9.857501054966442966e-02	3.578460941996866040e-01	2.000000000000000111e-01	1.199999999999999956e+00	3.868354421421120286e-03
1.240000000000000000e+02	-1.431526991350005711e-02	7.850940836172697335e-01	-1.380528320974888423e+00	2.000000000000000111e-01	1.199999999999999956e+00	5.064427597485648448e-03
1.250000000000000000e+02	-2.913642267048756947e-03	3.523376430774773915e-01	-9.660257742141276083e-02	2.000000000000000111e-01	1.199999999999999956e+00	4.369395870982394590e-03
1.260000000000000000e+02	2.346508756815380951e-03	6.925546904737253651e-02	5.154969502742396958e-01	2.000000000000000111e-01	1.199999999999999956e+00	4.486686136220521988e-03
1.270000000000000000e+02	4.204999659997994254e-04	2.434233590505944789e-01	1.262340510171946484e-01	2.000000000000000111e-01	1.199999999999999956e+00	3.395468105993637055e-03
1.280000000000000000e+02	8.659789867248318283e-04	1.117866878583725493e-01	4.412675744600189631e-01	2.000000000000000111e-01	1.199999999999999956e+00	8.323680081223834917e-03
1.290000000000000000e+02	3.034464438124496490e-04	2.184894978362446061e-01	2.138753406700333315e-01	2.000000000000000111e-01	1.199999999999999956e+00	1.038651442521331715e-02
1.300000000000000000e+02	-1.118621536682071710e-05	2.305271966825269137e-01	3.733899572389360877e-01	2.000000000000000111e-01	1.199999999999999956e+00	1.418572395729998138e-02
1.310000000000000000e+02	2.668312134032306136e-04	1.262057982344675366e-01	4.585074407912257399e-01	2.000000000000000111e-01	1.199999999999999956e+00	4.902978632328941488e-03
1.320000000000000000e+02	-9.328283826648657443e-04	1.918213625587285032e-01	3.037978319168908037e-01	2.000000000000000111e-01	1.199999999999999956e+00	7.095081590799574671e-03
1.330000000000000000e+02	2.326300969402782335e-03	6.067573981414474404e-02	4.784955748839763157e-01	2.000000000000000111e-01	1.199999999999999956e+00	1.100318302957016721e-02
1.340000000000000000e+02	1.483515868433030920e-03	1.715153003058758063e-01	3.653512667376541678e-01	2.000000000000000111e-01	1.199999999999999956e+00	9.020985167629868781e-03
1.350000000000000000e+02	7.053288068947000024e-04	7.431370972601358815e-02	4.519634256134632544e-01	2.000000000000000111e-01	1.199999999999999956e+00	1.463200357514623379e-03
1.360000000000000000e+02	-6.862116203573729407e-04	3.057320751251529911e-01	-4.690243359531711675e-01	2.000000000000000111e-01	1.199999999999999956e+00	3.286350224669151721e-03
1.370000000000000000e+02	2.988577822483675425e-03	1.436516586729941203e-01	2.386024512325546354e-01	2.000000000000000111e-01	1.199999999999999956e+00	5.331982302786336669e-03
1.380000000000000000e+02	-2.051146437695142882e-04	1.833645027529595128e-01	1.117691262672280139e-01	2.000000000000000111e-01	1.199999999999999956e+00	2.644093939027553335e-03
1.390000000000000000e+02	5.292371376228260926e-03	3.280925440728380549e-01	-2.125744345101141519e-01	2.000000000000000111e-01	1.199999999999999956e+00	6.086917858144340158e-03
1.400000000000000000e+02	-8.896633474677821500e-04	3.178021415317522913e-01	1.378124638023070503e-02	2.000000000000000111e-01	1.199999999999999956e+00	6.551056939142020641e-03
1.410000000000000000e+02	-9.848678752690260413e-04	2.116268711793674873e-01	2.111017938099042368e-01	2.000000000000000111e-01	1.199999999999999956e+00	6.823924440531378179e-03
1.420000000000000000e+02	-1.859578433160411263e-04	3.399633974254225866e-01	-2.544443047208657660e-01	2.000000000000000111e-01	1.199999999999999956e+00	4.562906516059916408e-03
1.430000000000000000e+02	5.852964650024092058e-04	6.455909146863678116e-02	5.043833629716378830e-01	2.000000000000000111e-01	1.199999999999999956e+00	7.717552329868515235e-03
1.440000000000000000e+02	2.386338987096833959e-03	1.190738427224893731e-01	2.824973348104382609e-01	2.000000000000000111e-01	1.199999999999999956e+00	2.466609801124338124e-03
1.450000000000000000e+02	2.915423799600351095e-04	1.972243811574819206e-01	2.691655464766045114e-01	2.000000000000000111e-01	1.199999999999999956e+00	5.469782159553081106e-03
1.460000000000000000e+02	1.329613993462471031e-03	2.144348992881244254e-01	1.046273911978952142e-01	2.000000000000000111e-01	1.199999999999999956e+00	2.327065691271046604e-03
1.470000000000000000e+02	-6.565851864373512155e-03	3.936869219594519298e-01	-8.346178375606125854e-01	2.000000000000000111e-01	1.199999999999999956e+00	4.808077469839779766e-02
1.480000000000000000e+02	6.761268465980036640e-03	2.095437724015316583e-01	6.376067012736275075e-02	2.000000000000000111e-01	1.199999999999999956e+00	7.999132912861190228e-03
1.490000000000000000e+02	-5.358061063376349858e-04	1.172827291570221753e-01	1.740360915277010534e-01	2.000000000000000111e-01	1.199999999999999956e+00	3.591577379722298013e-02
1.500000000000000000e+02	-4.120408875700970822e-04	2.122615242603131669e-01	-3.258941521951719267e-02	2.000000000000000111e-01	1.199999999999999956e+00	7.351168183328813006e-03
1.510000000000000000e+02	6.676392195281598795e-03	2.259447487322763515e-01	-1.692332042550548366e-01	2.000000000000000111e-01	1.199999999999999956e+00	5.038387527227198605e-03
1.520000000000000000e+02	5.787570893188429596e-04	6.240947097808945132e-02	5.407697478082851283e-01	2.000000000000000111e-01	1.199999999999999956e+00	5.941550627030179818e-03
1.530000000000000000e+02	2.828074320619474412e-03	6.029093023691171199e-02	5.903832962906174764e-01	2.000000000000000111e-01	1.199999999999999956e+00	1.155847163097260821e-02
1.540000000000000000e+02	-8.567900424536959228e-03	5.671168822117735875e-01	-8.040311578570875639e-01	2.000000000000000111e-01	1.199999999999999956e+00	5.843566851538974441e-03
1.550000000000000000e+02	-1.149620251728345702e-03	3.182830221060670151e-01	-1.323272341651868800e-01	2.000000000000000111e-01	1.199999999999999956e+00	3.176850538243714515e-03
1.560000000000000000e+02	2.434122310906762943e-03	1.910667343983717126e-01	-9.026617442335904684e-02	2.000000000000000111e-01	1.199999999999999956e+00	5.476874520766484254e-03
1.570000000000000000e+02	9.224198009949248532e-04	1.283796944278252083e-01	2.864374552134325569e-01	2.000000000000000111e-01	1.199999999999999956e+00	6.140311215837817096e-03
1.580000000000000000e+02	2.282850032215119791e-03	6.952116475480020485e-02	5.064482106606880141e-01	2.000000000000000111e-01	1.199999999999999956e+00	4.979515290564064459e-03
1.590000000000000000e+02	5.920483594010903438e-04	1.602697473938245742e-01	3.445860077850748660e-01	2.000000000000000111e-01	1.199999999999999956e+00	8.042495627068808536e-03
1.600000000000000000e+02	3.047492025792005420e-03	1.496566601379450689e-01	2.501312068272101286e-01	2.000000000000000111e-01	1.199999999999999956e+00	6.278527938045438093e-03
1.610000000000000000e+02	-2.988014827137563945e-03	3.345602694800896559e-01	-1.736324291821098598e-01	2.000000000000000111e-01	1.199999999999999956e+00	7.296026013179974200e-03
1.620000000000000000e+02	2.650393987994242861e-03	1.529060825346590935e-01	3.080002998193678287e-01	2.000000000000000111e-01	1.199999999999999956e+00	8.822979245342808460e-03
1.630000000000000000e+02	1.368230790454944619e-04	2.063035215546821788e-01	3.501064362558814480e-02	2.000000000000000111e-01	1.199999999999999956e+00	4.435247469220300436e-03
1.640000000000000000e+02	2.685624307538597407e-04	1.340920419888349813e-01	4.792369946373407075e-01	2.000000000000000111e-01	1.199999999999999956e+00	1.321411762402670102e-02
1.650000000000000000e+02	-1.384391479315696775e-02	5.931520945565909031e-01	-7.457960704935491236e-01	2.000000000000000111e-01	1.199999999999999956e+00	1.297367800059700746e-02
1.660000000000000000e+02	6.689602398602977670e-04	2.312275750665121477e-01	1.630848538269429326e-01	2.000000000000000111e-01	1.199999999999999956e+00	5.795916624340403077e-03
1.670000000000000000e+02	-5.964909929695110836e-03	4.912322884018401892e-01	-7.172130234917215574e-01	2.000000000000000111e-01	1.199999999999999956e+00	4.098854021063588239e-03
1.680000000000000000e+02	3.759121448491065283e-03	2.011381747255814312e-01	6.065129823049986157e-02	2.000000000000000111e-01	1.199999999999999956e+00	6.509266305859152772e-03
1.690000000000000000e+02	1.797612432631850348e-03	1.590039614709768401e-01	2.435777844562085903e-01	2.000000000000000111e-01	1.199999999999999956e+00	2.497255939280882981e-03
1.700000000000000000e+02	1.149428304963024316e-03	4.059541040828713865e-02	6.468726347101132479e-01	2.000000000000000111e-01	1.199999999999999956e+00	8.091203104822615802e-03
1.710000000000000000e+02	5.368776393481339542e-04	1.543310698058840968e-01	3.695353964547685166e-01	2.000000000000000111e-01	1.199999999999999956e+00	7.206459244653357597e-03
1.720000000000000000e+02	8.095093741742923846e-04	1.102120571584240399e-01	5.083573587684071526e-01	2.000000000000000111e-01	1.199999999999999956e+00	4.768595533588140117e-02
1.730000000000000000e+02	1.127996753680019469e-03	1.263788279853956253e-01	3.416405634062438246e-01	2.000000000000000111e-01	1.199999999999999956e+00	4.355637419841878154e-03
1.740000000000000000e+02	4.528358023688525765e-04	1.616824176896464738e-01	-1.132673756256652453e-02	2.000000000000000111e-01	1.199999999999999956e+00	3.014334612896163532e-03
1.750000000000000000e+02	-2.623489127059682336e-03	3.109534693694897545e-01	9.552078837427924185e-02	2.000000000000000111e-01	1.199999999999999956e+00	9.276958975140078140e-03
1.760000000000000000e+02	3.573220484412819534e-03	1.295005208604330105e-01	3.640931281488417603e-01	2.000000000000000111e-01	1.199999999999999956e+00	8.093577466594342393e-03
1.770000000000000000e+02	6.699119050618981787e-04	1.518349123284489233e-01	3.570155420777592070e-01	2.000000000000000111e-01	1.199999999999999956e+00	6.825051613097739625e-03
1.780000000000000000e+02	-2.058026128945239703e-04	1.811472598381219934e-01	2.824836636065986006e-01	2.000000000000000111e-01	1.199999999999999956e+00	8.151359055935785899e-03
1.790000000000000000e+02	2.000710450379535911e-03	4.700534518184505683e-02	6.412511497363756474e-01	2.000000000000000111e-01	1.199999999999999956e+00	5.872954322875779606e-03
1.800000000000000000e+02	-1.923996003749150379e-04	1.797581118966501412e-01	6.741029273657028753e-02	2.000000000000000111e-01	1.199999999999999956e+00	3.346791679193169156e-03
1.810000000000000000e+02	1.534440545205044068e-03	1.801276089117735402e-01	2.656184971893358338e-01	2.000000000000000111e-01	1.199999999999999956e+00	1.086427114356714255e-02
1.820000000000000000e+02	-4.505865875570799740e-04	1.949359163680606244e-01	8.860470485946869701e-02	2.000000000000000111e-01	1.199999999999999956e+00	3.242717105532846780e-03
1.830000000000000000e+02	1.252042360589840191e-03	3.158064031476092715e-01	-3.708790529080077114e-01	2.000000000000000111e-01	1.199999999999999956e+00	4.960606810076670023e-03
1.840000000000000000e+02	7.441049291913761753e-04	3.090521165131659420e-01	-2.431774585126227350e-01	2.000000000000000111e-01	1.199999999999999956e+00	6.118628092413175290e-03
1.850000000000000000e+02	-3.907360984685115369e-04	2.222643261190738462e-01	1.994767016283902628e-01	2.000000000000000111e-01	1.199999999999999956e+00	6.171417430654260738e-03
1.860000000000000000e+02	-1.879554216496151509e-02	7.478592217918975660e-01	-2.317393464728285224e+00	2.000000000000000111e-01	1.199999999999999956e+00	1.572288042817490683e-01
1.870000000000000000e+02	-1.559725673166692452e-04	2.365699687828831943e-01	1.086423141262709002e-01	2.000000000000000111e-01	1.199999999999999956e+00	9.775036700642617676e-03
1.880000000000000000e+02	5.948797635420446754e-04	1.024669688398742312e-01	4.290396980557718010e-01	2.000000000000000111e-01	1.199999999999999956e+00	4.218962761160190145e-03
1.890000000000000000e+02	1.485761223958928382e-03	2.181487625684811471e-01	1.476599931449076308e-01	2.000000000000000111e-01	1.199999999999999956e+00	8.609841661039919006e-03
1.900000000000000000e+02	1.172102922409760505e-03	9.084269553825279064e-02	5.568619897263593632e-01	2.000000000000000111e-01	1.199999999999999956e+00	8.163760319749456887e-03
1.910000000000000000e+02	9.150911031759950210e-04	9.531488388829234548e-02	3.180804604112363876e-01	2.000000000000000111e-01	1.199999999999999956e+00	5.918180717196856906e-03
1.920000000000000000e+02	-4.020587563544703795e-04	2.439013351769216409e-01	9.323824804966518442e-02	2.000000000000000111e-01	1.199999999999999956e+00	9.859738245298352646e-03
1.930000000000000000e+02	-2.591431328386170955e-04	5.921548606342714738e-01	-4.149269017161127948e-01	2.000000000000000111e-01	1.199999999999999956e+00	5.952632474309375865e-03
1.940000000000000000e+02	5.667502436816897367e-03	3.995272642686048710e-03	7.480843487234112299e-01	2.000000000000000111e-01	1.199999999999999956e+00	2.854585511226631622e-02
1.950000000000000000e+02	-7.513294980732688859e-03	5.500963664756488569e-01	-5.640318897087661654e-01	2.000000000000000111e-01	1.199999999999999956e+00	8.691682053108220132e-03
1.960000000000000000e+02	-9.700614615138458382e-04	1.896711380753147991e-01	4.304964514954527921e-01	2.000000000000000111e-01	1.199999999999999956e+00	1.205070987363610936e-02
1.970000000000000000e+02	1.848364129355247127e-03	4.962493634717334706e-02	5.373205446468169999e-01	2.000000000000000111e-01	1.199999999999999956e+00	2.680137621849580480e-03
1.980000000000000000e+02	7.987070038926075448e-04	1.302245997008521505e-01	3.967747710550604268e-01	2.000000000000000111e-01	1.199999999999999956e+00	5.795158159971967871e-03
1.990000000000000000e+02	1.844899270417141692e-03	2.750919319225175186e-01	-3.546885292004686718e-02	2.000000000000000111e-01	1.199999999999999956e+00	3.975525892905921663e-03
2.000000000000000000e+02	-1.200806548222647192e-03	1.743416635917076352e-01	-2.540645560254652935e-01	2.000000000000000111e-01	1.199999999999999956e+00	4.234059574532347131e-02
2.010000000000000000e+02	3.424297092096169857e-03	3.326947579248428766e-01	-1.976720531030871086e-01	2.000000000000000111e-01	1.199999999999999956e+00	4.940864511539468443e-03
2.020000000000000000e+02	2.549600756564253477e-03	1.347678328813612936e-01	2.635031103550464771e-01	2.000000000000000111e-01	1.199999999999999956e+00	6.477278950292289679e-03
2.030000000000000000e+02	2.380313846357496026e-03	2.033675227764714100e-01	2.798451289656052055e-01	2.000000000000000111e-01	1.199999999999999956e+00	5.859994466812357312e-03
2.040000000000000000e+02	-3.667163827370711524e-04	3.122702277589389785e-01	-4.333299520376554526e-02	2.000000000000000111e-01	1.199999999999999956e+00	4.877030589902673664e-03
2.050000000000000000e+02	7.437202161722455919e-04	8.449067340556110084e-02	4.141283227581382675e-01	2.000000000000000111e-01	1.199999999999999956e+00	3.525254592402853569e-03
2.060000000000000000e+02	3.320928634091268542e-03	1.763432806995370028e-01	1.804720967250741381e-01	2.000000000000000111e-01	1.199999999999999956e+00	7.221428562952399328e-03
2.070000000000000000e+02	1.386389782822718478e-02	4.665979091582510285e-02	4.778624176899547438e-01	2.000000000000000111e-01	1.199999999999999956e+00	8.387589339348178880e-03
2.080000000000000000e+02	1.514885432422413735e-03	1.057816217013603094e-01	4.919643131284301418e-01	2.000000000000000111e-01	1.199999999999999956e+00	7.238980595350027851e-03
2.090000000000000000e+02	2.865480563305296616e-03	1.833660305469571039e-01	2.126562768541218063e-02	2.000000000000000111e-01	1.199999999999999956e+00	1.692400680071911049e-03
2.100000000000000000e+02	6.182121962060536111e-04	2.134838915701051110e-01	1.369083675162019453e-01	2.000000000000000111e-01	1.199999999999999956e+00	4.967713179826243643e-03
2.110000000000000000e+02	4.701212862634721355e-05	1.531514925335716315e-01	3.561091288860578352e-01	2.000000000000000111e-01	1.199999999999999956e+00	4.509883707514042266e-03
2.120000000000000000e+02	-8.709114585055584550e-05	3.340581203793577814e-01	-2.889740734707522130e-01	2.000000000000000111e-01	1.199999999999999956e+00	6.225820431775905793e-03
2.130000000000000000e+02	1.390837898102371137e-03	7.731469956197593862e-02	5.628644920209677771e-01	2.000000000000000111e-01	1.199999999999999956e+00	5.201875108146966110e-03
2.140000000000000000e+02	1.777106118151507543e-03	1.076448204996321573e-01	3.127283686457884571e-01	2.000000000000000111e-01	1.199999999999999956e+00	5.135931638113772589e-03
2.150000000000000000e+02	1.419678843402567142e-03	1.455579435470343019e-01	3.603073845873301373e-01	2.000000000000000111e-01	1.199999999999999956e+00	1.141706192278149970e-02
2.160000000000000000e+02	1.218658128321470054e-03	1.157387736094256103e-01	3.920301165747757111e-01	2.000000000000000111e-01	1.199999999999999956e+00	1.038218799900304280e-02
2.170000000000000000e+02	-1.077433023130958557e-03	2.385807872531242324e-01	1.659775268289376271e-01	2.000000000000000111e-01	1.199999999999999956e+00	1.005225108944115230e-02
2.180000000000000000e+02	-2.771820786454642764e-04	3.339084844007352282e-01	-1.960064595426893597e-01	2.000000000000000111e-01	1.199999999999999956e+00	7.128271837698026657e-03
2.190000000000000000e+02	1.082511147848540028e-03	2.131264141902148440e-02	6.913465424343601118e-01	2.000000000000000111e-01	1.199999999999999956e+00	4.046578783105002179e-03
2.200000000000000000e+02	-1.239080532262179860e-02	6.695853495922379217e-01	-1.099330544698401191e+00	2.000000000000000111e-01	1.199999999999999956e+00	1.344816995911958350e-02
2.210000000000000000e+02	-1.253631281516871939e-03	3.385517670950413671e-01	-2.692056610357171920e-01	2.000000000000000111e-01	1.199999999999999956e+00	6.069014435765655510e-03
2.220000000000000000e+02	-5.368032183647701225e-03	5.372830349639409198e-01	-4.334028911401652806e-01	2.000000000000000111e-01	1.199999999999999956e+00	8.653288646768236489e-03
2.230000000000000000e+02	4.632459072744466930e-03	1.265673119614162678e-01	4.246245917475597320e-01	2.000000000000000111e-01	1.199999999999999956e+00	1.007623991795158526e-02
2.240000000000000000e+02	1.248310563902933930e-04	2.508430580284384467e-02	9.205283787927296402e-01	2.000000000000000111e-01	1.199999999999999956e+00	6.503240583086659921e-02
2.250000000000000000e+02	2.245574185609514918e-03	1.208879296693668032e-01	4.205462764054552771e-01	2.000000000000000111e-01	1.199999999999999956e+00	5.243404424472027960e-03
2.260000000000000000e+02	4.143634275228863452e-04	2.679905164667851780e-01	1.016243588548566557e-01	2.000000000000000111e-01	1.199999999999999956e+00	4.638965035814364597e-03
2.270000000000000000e+02	-2.032245105227347467e-03	3.253935677846561125e-01	5.473993332377702359e-02	2.000000000000000111e-01	1.199999999999999956e+00	7.547580754128918948e-03
2.280000000000000000e+02	3.334287895168262447e-03	1.589069998785781479e-01	3.088693269129412222e-01	2.000000000000000111e-01	1.199999999999999956e+00	5.521928484127342981e-03
2.290000000000000000e+02	-7.112806520979475869e-03	5.291871710080735536e-01	-4.749690709314995374e-01	2.000000000000000111e-01	1.199999999999999956e+00	4.667816930344431681e-03
2.300000000000000000e+02	4.391701068321268372e-03	1.658306940455789302e-01	2.290018283054777726e-01	2.000000000000000111e-01	1.199999999999999956e+00	7.212219592111879241e-03
2.310000000000000000e+02	2.342609732017453001e-03	5.988325757075137201e-02	5.562743730377734952e-01	2.000000000000000111e-01	1.199999999999999956e+00	5.147545565627578527e-03
2.320000000000000000e+02	5.188291175600148394e-04	9.540281958240419413e-02	4.549889906328323796e-01	2.000000000000000111e-01	1.199999999999999956e+00	4.052750837038146189e-03
2.330000000000000000e+02	6.156874801433722885e-04	1.020097232526361308e-01	4.498879554419783489e-01	2.000000000000000111e-01	1.199999999999999956e+00	3.722048207494093892e-03
2.340000000000000000e+02	1.133448539518883569e-03	1.999339225892883265e-01	1.527172560875609264e-01	2.000000000000000111e-01	1.199999999999999956e+00	6.038071418456240035e-03
2.350000000000000000e+02	1.033327369172805507e-03	7.652343859955747229e-02	5.313720285367193874e-01	2.000000000000000111e-01	1.199999999999999956e+00	7.339864055715268967e-03
2.360000000000000000e+02	1.226956290856455207e-03	1.022256338362040745e-01	3.781726090579486943e-01	2.000000000000000111e-01	1.199999999999999956e+00	4.906220619922435633e-03
2.370000000000000000e+02	7.063327910240020831e-03	2.224560276318893748e-01	-7.603836948013675823e-02	2.000000000000000111e-01	1.199999999999999956e+00	4.190705838241421018e-03
2.380000000000000000e+02	1.614101075057132332e-03	1.584820865545377711e-01	2.883319116228038048e-01	2.000000000000000111e-01	1.199999999999999956e+00	8.903394548961360982e-03
2.390000000000000000e+02	8.028871915763853562e-03	1.112707190896994325e-01	3.841504853849122547e-01	2.000000000000000111e-01	1.199999999999999956e+00	6.528553564791541967e-03
2.400000000000000000e+02	4.231745236165014058e-03	2.166538405177323712e-01	4.966448176236237799e-02	2.000000000000000111e-01	1.199999999999999956e+00	5.732610360617410028e-03
2.410000000000000000e+02	3.793401033111953348e-03	9.792414358934677099e-02	3.116314310422021450e-01	2.000000000000000111e-01	1.199999999999999956e+00	3.735538427457743733e-03
2.420000000000000000e+02	5.912148923140807602e-04	1.648851003382961200e-01	8.945697443179501107e-02	2.000000000000000111e-01	1.199999999999999956e+00	7.912353418241042935e-03
2.430000000000000000e+02	3.449668472821156278e-03	2.289426790293467018e-01	9.695006078391177340e-02	2.000000000000000111e-01	1.199999999999999956e+00	2.401729687099152764e-03
2.440000000000000000e+02	8.951695344474978888e-04	8.194110725360054248e-02	5.608039184550643874e-01	2.000000000000000111e-01	1.199999999999999956e+00	6.876210159475900155e-03
2.450000000000000000e+02	4.941561431903485112e-04	3.899802302174424917e-01	-5.251326131763409677e-01	2.000000000000000111e-01	1.199999999999999956e+00	3.098119626196904532e-03
2.460000000000000000e+02	-2.778819278230464790e-03	3.782037247195740859e-01	-3.355996164362480272e-01	2.000000000000000111e-01	1.199999999999999956e+00	5.355498922958949921e-03
2.470000000000000000e+02	1.629915870306317257e-03	1.122915498221884606e-01	5.061790129341048328e-01	2.000000000000000111e-01	1.199999999999999956e+00	1.182325673116622726e-02
2.480000000000000000e+02	1.917778568679346859e-03	2.103254455487784391e-01	2.168208667126476641e-01	2.000000000000000111e-01	1.199999999999999956e+00	6.945846564279128943e-03
2.490000000000000000e+02	4.896809184157492004e-04	2.937365960768678619e-01	-1.485070227998042114e-02	2.000000000000000111e-01	1.199999999999999956e+00	4.627806164654928514e-03
2.500000000000000000e+02	-6.612262998132612413e-04	4.361915176052489906e-01	-4.402637601231020881e-01	2.000000000000000111e-01	1.199999999999999956e+00	4.321343030109139199e-03
2.510000000000000000e+02	-3.278524703656156020e-04	2.137450901828870098e-01	4.964747639594602191e-02	2.000000000000000111e-01	1.199999999999999956e+00	5.291529997609123459e-03
2.520000000000000000e+02	1.101010205583749599e-03	1.573712460922020717e-01	2.651048946577461152e-01	2.000000000000000111e-01	1.199999999999999956e+00	4.463739321672691510e-03
2.530000000000000000e+02	1.165474590016394620e-02	3.458217404935457484e-01	-3.123837065342978114e-01	2.000000000000000111e-01	1.199999999999999956e+00	3.708872132944371434e-03
2.540000000000000000e+02	7.805846088767466216e-04	2.413133417329687003e-01	2.624802831095354172e-01	2.000000000000000111e-01	1.199999999999999956e+00	6.152357871503284260e-03
2.550000000000000000e+02	3.112973396827665995e-03	4.885210756605494475e-02	5.490371719248621218e-01	2.000000000000000111e-01	1.199999999999999956e+00	1.178199334875285921e-02
2.560000000000000000e+02	-3.365671092937062110e-04	1.487116900795565633e-01	9.401457149061887009e-02	2.000000000000000111e-01	1.199999999999999956e+00	2.111408861148674453e-03
2.570000000000000000e+02	-2.330539142405008157e-04	1.604692159595452194e-01	3.415932981821017123e-01	2.000000000000000111e-01	1.199999999999999956e+00	3.029153200858495775e-03
2.580000000000000000e+02	1.352751678310005080e-03	1.659975827646438529e-01	2.310613163589474439e-01	2.000000000000000111e-01	1.199999999999999956e+00	4.386615628759300660e-03
2.590000000000000000e+02	5.910179160637761553e-04	1.390398214435669411e-01	2.195020067424935384e-01	2.000000000000000111e-01	1.199999999999999956e+00	3.326202831064607214e-03
2.600000000000000000e+02	3.015161302039336393e-03	1.064602026798569384e-01	4.436294574199066698e-01	2.000000000000000111e-01	1.199999999999999956e+00	7.343016477436850424e-03
2.610000000000000000e+02	-1.253027473673364511e-03	3.480758255916690525e-01	-1.660510128979426625e-01	2.000000000000000111e-01	1.199999999999999956e+00	5.407647378776701645e-03
2.620000000000000000e+02	-4.005107531519742437e-04	1.966197998792442447e-01	3.869545559491802678e-01	2.000000000000000111e-01	1.199999999999999956e+00	7.711776397609499192e-03
2.630000000000000000e+02	1.605855901269193824e-03	9.697743342429240854e-02	4.464575888402384507e-01	2.000000000000000111e-01	1.199999999999999956e+00	2.472335675577628546e-03
2.640000000000000000e+02	4.999206092053039849e-04	1.817468063303185610e-01	2.430302724331134812e-01	2.000000000000000111e-01	1.199999999999999956e+00	2.568930517501091110e-03
2.650000000000000000e+02	-2.205052540616109864e-04	1.808872738574899275e-01	2.571662937421628214e-01	2.000000000000000111e-01	1.199999999999999956e+00	5.138418208348086678e-03
2.660000000000000000e+02	1.482777007363360582e-03	2.671740050280563272e-01	5.840368254996608499e-02	2.000000000000000111e-01	1.199999999999999956e+00	4.329587260297739285e-03
2.670000000000000000e+02	1.133683823188937284e-03	8.966738227545206774e-02	4.882175320417809772e-01	2.000000000000000111e-01	1.199999999999999956e+00	4.021431030293633711e-03
2.680000000000000000e+02	1.639597301061498068e-04	1.752178100278252715e-01	3.570611827782688152e-01	2.000000000000000111e-01	1.199999999999999956e+00	5.070106535821661785e-03
2.690000000000000000e+02	7.777385802215329696e-04	6.536268772630714208e-02	4.886136326389911577e-01	2.000000000000000111e-01	1.199999999999999956e+00	5.024226730666046456e-03
2.700000000000000000e+02	1.843960780655546456e-03	6.862146733431823131e-02	5.690355972323786204e-01	2.000000000000000111e-01	1.199999999999999956e+00	5.336902133199915646e-03
2.710000000000000000e+02	-1.404549336984306073e-03	2.599951718157612057e-01	1.843251896289137548e-01	2.000000000000000111e-01	1.199999999999999956e+00	6.207513009257678398e-03
2.720000000000000000e+02	6.184191871570991067e-04	1.977593261205757014e-01	2.998020102436855794e-01	2.000000000000000111e-01	1.199999999999999956e+00	9.148116581775403433e-03
2.730000000000000000e+02	4.781015476065349039e-03	1.742315596101668973e-01	2.184880884367745857e-01	2.000000000000000111e-01	1.199999999999999956e+00	3.544228586912604416e-03
2.740000000000000000e+02	1.585972933189868153e-04	1.245291227468554446e-01	5.081729121210285527e-01	2.000000000000000111e-01	1.199999999999999956e+00	8.778223708525300858e-03
2.750000000000000000e+02	-1.021641064873763912e-03	2.638923244722332084e-01	-2.663816330589297010e-01	2.000000000000000111e-01	1.199999999999999956e+00	4.329906809572640382e-03
2.760000000000000000e+02	1.417366434664584689e-03	3.026662061202514686e-01	-1.684235640452405036e-01	2.000000000000000111e-01	1.199999999999999956e+00	3.204232947174599170e-03
2.770000000000000000e+02	2.275179187210161005e-03	4.485993390662043612e-02	6.151347537781680641e-01	2.000000000000000111e-01	1.199999999999999956e+00	6.507256505399953116e-03
2.780000000000000000e+02	-1.148109588457516461e-03	2.449031562825355612e-01	1.704858515888725279e-01	2.000000000000000111e-01	1.199999999999999956e+00	2.919945879888583180e-03
2.790000000000000000e+02	9.735659070285893014e-04	1.455766697250018837e-01	3.209584328562065103e-01	2.000000000000000111e-01	1.199999999999999956e+00	5.058967562453700086e-03
2.800000000000000000e+02	-5.550755518108675419e-04	1.371443312376461332e-01	3.422154106142709651e-01	2.000000000000000111e-01	1.199999999999999956e+00	9.186510977410804191e-02
2.810000000000000000e+02	2.828304100691562094e-03	2.982940106625171506e-01	-1.604183767582454401e-01	2.000000000000000111e-01	1.199999999999999956e+00	5.788958577492292132e-03
2.820000000000000000e+02	2.520917322607192819e-03	1.557121878945654792e-01	3.201118812417509396e-01	2.000000000000000111e-01	1.199999999999999956e+00	4.414026103273216949e-03
2.830000000000000000e+02	7.243548122367946115e-04	2.133533643849913897e-01	6.542914895264484443e-02	2.000000000000000111e-01	1.199999999999999956e+00	2.884660597557553181e-03
2.840000000000000000e+02	1.341061915977710727e-03	5.773811837166640398e-02	6.085030694607413970e-01	2.000000000000000111e-01	1.199999999999999956e+00	5.338624331523033999e-03
2.850000000000000000e+02	2.243295518538811412e-04	1.500068549460164546e-01	3.026912281458185028e-01	2.000000000000000111e-01	1.199999999999999956e+00	1.754217578612711752e-03
2.860000000000000000e+02	2.245452565918925215e-03	2.537196567379852441e-01	1.087520571235200961e-02	2.000000000000000111e-01	1.199999999999999956e+00	1.323488439794010072e-03
2.870000000000000000e+02	5.591849318903346520e-05	1.993124641634805017e-01	1.978047202078752065e-01	2.000000000000000111e-01	1.199999999999999956e+00	4.910788100073215472e-03
2.880000000000000000e+02	5.462752654398128540e-04	1.561444221907317409e-01	3.004878414284353205e-01	2.000000000000000111e-01	1.199999999999999956e+00	4.091881006561643060e-03
2.890000000000000000e+02	-4.101408065579195683e-03	3.449364707959272636e-01	2.129246849980992451e-01	2.000000000000000111e-01	1.199999999999999956e+00	1.495651433131212245e-02
2.900000000000000000e+02	-3.631988447193268909e-04	1.862126381449590307e-01	4.026389173228945850e-01	2.000000000000000111e-01	1.199999999999999956e+00	1.225381916720486020e-02
2.910000000000000000e+02	8.520276444939991773e-04	1.408331023875051824e-01	3.841243274327630353e-01	2.000000000000000111e-01	1.199999999999999956e+00	6.993862693752605705e-03
2.920000000000000000e+02	6.750832298871384252e-03	7.537203913863113613e-02	4.295033626824055206e-01	2.000000000000000111e-01	1.199999999999999956e+00	5.527907210097249800e-03
2.930000000000000000e+02	1.411230555991486546e-04	1.346959930680244610e-01	4.918840095449588112e-01	2.000000000000000111e-01	1.199999999999999956e+00	1.095536811707130409e-02
2.940000000000000000e+02	4.127658298224104894e-04	9.704810417262116351e-02	5.283430975604677116e-01	2.000000000000000111e-01	1.199999999999999956e+00	3.620703932074084003e-02
2.950000000000000000e+02	1.242152412280375260e-03	4.093717447415369526e-02	6.136596205056437103e-01	2.000000000000000111e-01	1.199999999999999956e+00	4.782035003194282964e-03
2.960000000000000000e+02	-2.388809632340007977e-04	1.858584561092319898e-01	1.791706303831404057e-01	2.000000000000000111e-01	1.199999999999999956e+00	3.437425864909527708e-03
2.970000000000000000e+02	2.504730607458915351e-03	1.536911539041740937e-01	3.168823153001110171e-01	2.000000000000000111e-01	1.199999999999999956e+00	6.641860592046508471e-03
2.980000000000000000e+02	1.342314053941652627e-03	1.713379779807403247e-01	3.523652558721024342e-01	2.000000000000000111e-01	1.199999999999999956e+00	7.571374881837363187e-03
2.990000000000000000e+02	2.424285006015350959e-03	1.655085092639548006e-01	3.085094863419612921e-01	2.000000000000000111e-01	1.199999999999999956e+00	5.081555252129456822e-03
3.000000000000000000e+02	1.143575439005568850e-03	7.010927157619009642e-02	5.461041705794540402e-01	2.000000000000000111e-01	1.199999999999999956e+00	6.811869364446801640e-03
3.010000000000000000e+02	5.790805483950507704e-03	1.946913334722362721e-01	1.967543294869886772e-01	2.000000000000000111e-01	1.199999999999999956e+00	8.246988032578974476e-03
3.020000000000000000e+02	1.379986593733737452e-03	1.443824866524567319e-01	1.834642327211799540e-01	2.000000000000000111e-01	1.199999999999999956e+00	2.148349698832270182e-03
3.030000000000000000e+02	-1.517675028750265854e-04	2.449276179287515065e-01	1.714583306870043344e-02	2.000000000000000111e-01	1.199999999999999956e+00	8.158945414996107703e-03
3.040000000000000000e+02	2.438434006118045914e-03	3.083844938982325257e-01	-2.371791068319253348e-01	2.000000000000000111e-01	1.199999999999999956e+00	2.861873865558336397e-03
3.050000000000000000e+02	-2.028041645811441175e-03	3.685566808345164813e-01	-9.089010382181319514e-01	2.000000000000000111e-01	1.199999999999999956e+00	2.016059291110449282e-03
3.060000000000000000e+02	-5.990760598524451927e-04	2.282366512017105775e-01	1.540771858862197696e-01	2.000000000000000111e-01	1.199999999999999956e+00	6.626635937182398170e-03
3.070000000000000000e+02	8.457590700344718923e-04	1.044616072200419687e-01	5.195091084568672635e-01	2.000000000000000111e-01	1.199999999999999956e+00	5.193066485000232338e-03
3.080000000000000000e+02	8.340315004184510866e-04	1.013318378001396014e-01	4.920764028385251621e-01	2.000000000000000111e-01	1.199999999999999956e+00	3.289727407664987113e-02
3.090000000000000000e+02	7.751134513706138627e-04	2.311125843686679393e-01	5.806147097668334922e-02	2.000000000000000111e-01	1.199999999999999956e+00	7.389805485922741439e-03
3.100000000000000000e+02	1.052589206378938286e-03	3.333083490128698201e-01	-3.248604530770009546e-01	2.000000000000000111e-01	1.199999999999999956e+00	4.115893718741804597e-03
3.110000000000000000e+02	1.356905400314653001e-03	2.015671259583588781e-01	2.869410001157852719e-01	2.000000000000000111e-01	1.199999999999999956e+00	5.768770325673676716e-03
3.120000000000000000e+02	6.027146107917885284e-04	3.292553761568564052e-01	-2.121489085653109896e-01	2.000000000000000111e-01	1.199999999999999956e+00	5.063787534896904696e-03
3.130000000000000000e+02	2.389805142625749264e-04	1.757632939563244234e-01	9.416758771779498716e-03	2.000000000000000111e-01	1.199999999999999956e+00	2.279622270371681018e-03
3.140000000000000000e+02	8.265777325753025009e-04	1.709453542285921390e-01	3.197099748874943081e-01	2.000000000000000111e-01	1.199999999999999956e+00	4.322982728466178391e-03
3.150000000000000000e+02	1.083975959514498280e-03	2.407513755584769488e-01	1.751857663424565281e-01	2.000000000000000111e-01	1.199999999999999956e+00	5.586917320551344421e-03
3.160000000000000000e+02	4.298074271146462740e-03	1.031826376404358647e-01	2.082863563149055519e-01	2.000000000000000111e-01	1.199999999999999956e+00	2.081255855400705301e-03
3.170000000000000000e+02	1.154722763650674496e-04	1.858327233511184173e-01	3.517567109490249422e-01	2.000000000000000111e-01	1.199999999999999956e+00	1.062646589184926271e-02
3.180000000000000000e+02	1.074031065669701045e-03	1.096919750344324679e-01	3.887421377819810786e-01	2.000000000000000111e-01	1.199999999999999956e+00	6.434255356165922979e-03
3.190000000000000000e+02	9.654611587579652748e-05	1.315929388537915024e-01	3.595683785177299363e-01	2.000000000000000111e-01	1.199999999999999956e+00	2.252680260386692637e-03
3.200000000000000000e+02	-5.076815793446269771e-03	4.348152587849061224e-01	-2.134421295058528401e-01	2.000000000000000111e-01	1.199999999999999956e+00	7.763544914893473307e-03
3.210000000000000000e+02	2.247667605667635037e-03	2.029897587286734195e-01	2.412134264035157294e-01	2.000000000000000111e-01	1.199999999999999956e+00	5.733270289678497715e-03
3.220000000000000000e+02	-1.327648757658899444e-03	1.842696717119235716e-01	4.334721159127568058e-01	2.000000000000000111e-01	1.199999999999999956e+00	1.485250481992155328e-02
3.230000000000000000e+02	9.647238912249817390e-04	1.184346088926701013e-01	4.410421966267410454e-01	2.000000000000000111e-01	1.199999999999999956e+00	8.518944185392281904e-03
3.240000000000000000e+02	-1.676784170685197920e-03	3.306986772456090851e-01	-1.273210843575212081e-01	2.000000000000000111e-01	1.199999999999999956e+00	9.234786377588507372e-03
3.250000000000000000e+02	3.809207316175479679e-03	5.672474421617006851e-02	6.017414239686781352e-01	2.000000000000000111e-01	1.199999999999999956e+00	8.767076956710062249e-03
3.260000000000000000e+02	2.079419578444790650e-03	1.814188296234847675e-01	3.329769389938501689e-01	2.000000000000000111e-01	1.199999999999999956e+00	3.261454417290813451e-03
3.270000000000000000e+02	1.069029952860392572e-03	7.969720756849862919e-02	4.760131516374270788e-01	2.000000000000000111e-01	1.199999999999999956e+00	3.846573085990752112e-03
3.280000000000000000e+02	6.697426607767292036e-04	8.758583087117383092e-02	5.731352008679775345e-01	2.000000000000000111e-01	1.199999999999999956e+00	4.190416726089619612e-03
3.290000000000000000e+02	2.045510943837382765e-03	9.571070333706639677e-02	4.378905772000620811e-01	2.000000000000000111e-01	1.199999999999999956e+00	4.236541604946635238e-03
3.300000000000000000e+02	4.357546691670072248e-03	5.400041897976782385e-02	6.544825045325991519e-01	2.000000000000000111e-01	1.199999999999999956e+00	5.936046729480529312e-03
3.310000000000000000e+02	1.787694522932655990e-03	7.568946863239163492e-02	4.767754120834368781e-01	2.000000000000000111e-01	1.199999999999999956e+00	3.719315334707414510e-03
3.320000000000000000e+02	1.492391259414308641e-03	1.259761249438970110e-01	3.623995188553656988e-01	2.000000000000000111e-01	1.199999999999999956e+00	7.074395302821048434e-03
3.330000000000000000e+02	8.443024584257569987e-04	1.240989814568110305e-01	3.794877246244663382e-01	2.000000000000000111e-01	1.199999999999999956e+00	5.096171536641237558e-03
3.340000000000000000e+02	3.337218540898436478e-04	1.480991713654239428e-01	4.232810086092153590e-01	2.000000000000000111e-01	1.199999999999999956e+00	3.557947005674761982e-03
3.350000000000000000e+02	-1.865161343012812652e-04	1.961937557965692525e-01	9.904997474444954264e-03	2.000000000000000111e-01	1.199999999999999956e+00	4.818452230529857334e-03
3.360000000000000000e+02	2.399204585772076511e-03	1.508106293525223462e-01	1.722288718748274938e-01	2.000000000000000111e-01	1.199999999999999956e+00	4.128010936604252154e-03
3.370000000000000000e+02	6.861433711441790144e-03	1.782472701919631253e-01	-4.150028305822361929e-02	2.000000000000000111e-01	1.199999999999999956e+00	4.577655720030869048e-03
3.380000000000000000e+02	3.402569112061423220e-04	1.550092315160046808e-01	4.124244583463818614e-01	2.000000000000000111e-01	1.199999999999999956e+00	5.245641579314528312e-03
3.390000000000000000e+02	-4.345542131762517978e-04	1.889336445940454912e-01	2.903324115736656275e-01	2.000000000000000111e-01	1.199999999999999956e+00	4.398121681778099749e-03
3.400000000000000000e+02	9.605161917737481576e-04	6.679576744266474408e-02	5.635965873054240571e-01	2.000000000000000111e-01	1.199999999999999956e+00	3.884760142630365974e-03
3.410000000000000000e+02	1.981980573594411925e-03	2.060570362756873608e-01	1.417397377713167650e-01	2.000000000000000111e-01	1.199999999999999956e+00	5.637501104775580196e-03
3.420000000000000000e+02	6.714733430991863365e-04	6.914803042708289604e-02	4.664141482000858652e-01	2.000000000000000111e-01	1.199999999999999956e+00	1.057363257415696103e-02
3.430000000000000000e+02	1.722852228653423863e-03	7.156379712891190736e-02	5.111514060988360253e-01	2.000000000000000111e-01	1.199999999999999956e+00	4.703039944171414667e-03
3.440000000000000000e+02	3.499501369773172607e-04	1.806839595000376275e-01	1.990250258280465978e-01	2.000000000000000111e-01	1.199999999999999956e+00	6.193810787768088723e-03
3.450000000000000000e+02	1.261769152390732670e-03	2.181772518441156272e-01	2.353937770243099692e-01	2.000000000000000111e-01	1.199999999999999956e+00	6.218993471006474191e-03
3.460000000000000000e+02	3.034089078518027380e-03	1.063903230212068091e-01	3.586524953232301804e-01	2.000000000000000111e-01	1.199999999999999956e+00	3.872425416067861673e-03
3.470000000000000000e+02	5.532629536963912416e-03	2.421996828161910309e-01	2.509438968882466980e-01	2.000000000000000111e-01	1.199999999999999956e+00	1.182161756347142358e-02
3.480000000000000000e+02	2.190252300734431778e-04	2.248827141257445650e-01	2.695409662932752859e-01	2.000000000000000111e-01	1.199999999999999956e+00	1.319358034259403463e-02
3.490000000000000000e+02	1.817317387432591802e-03	1.372766341235268639e-01	1.832622636459548815e-01	2.000000000000000111e-01	1.199999999999999956e+00	4.067464881602933686e-03
3.500000000000000000e+02	1.074493656233240207e-03	2.085947846651446946e-01	1.504732829247537040e-01	2.000000000000000111e-01	1.199999999999999956e+00	6.431455549712428339e-03
3.510000000000000000e+02	2.225686140045249589e-04	1.449426458470069179e-01	3.783112594367010750e-01	2.000000000000000111e-01	1.199999999999999956e+00	3.880351477191601971e-03
3.520000000000000000e+02	1.172540713364410422e-03	9.426188604729136833e-02	4.974771562768149913e-01	2.000000000000000111e-01	1.199999999999999956e+00	7.261231226701583656e-03
3.530000000000000000e+02	1.048165998464421810e-03	1.863979488801372209e-01	1.593108490332086902e-01	2.000000000000000111e-01	1.199999999999999956e+00	6.848492571696431809e-03
3.540000000000000000e+02	9.602545214028780250e-04	1.558077581317218185e-01	4.144529664056353369e-01	2.000000000000000111e-01	1.199999999999999956e+00	6.355409224129147765e-03
3.550000000000000000e+02	2.826820824589307713e-03	8.483811517312883632e-02	4.689712330245769945e-01	2.000000000000000111e-01	1.199999999999999956e+00	4.471378137902647446e-03
3.560000000000000000e+02	2.130635070506934573e-03	1.009879518772696660e-01	3.806065065226251765e-01	2.000000000000000111e-01	1.199999999999999956e+00	4.477408209725711186e-03
3.570000000000000000e+02	-1.398945448532810899e-04	2.055245553746170850e-01	3.210577658159028402e-01	2.000000000000000111e-01	1.199999999999999956e+00	1.684472687492167761e-02
3.580000000000000000e+02	-1.607001630661387959e-03	2.341756029565766062e-01	1.606077884254686339e-01	2.000000000000000111e-01	1.199999999999999956e+00	6.746295742949564959e-03
3.590000000000000000e+02	2.470383470925544261e-03	2.119211811195796935e-01	2.085722689167588406e-01	2.000000000000000111e-01	1.199999999999999956e+00	9.401296616035515960e-03
3.600000000000000000e+02	4.928253101412348632e-04	1.393109830169883545e-01	3.496754320030861507e-01	2.000000000000000111e-01	1.199999999999999956e+00	4.573317533763004636e-03
3.610000000000000000e+02	1.463135293145009959e-03	4.866141782485056133e-02	7.158773079690812224e-01	2.000000000000000111e-01	1.199999999999999956e+00	1.535681619003761988e-02
3.620000000000000000e+02	2.115824516739063087e-03	2.569506836354257806e-01	1.621873502945447854e-01	2.000000000000000111e-01	1.199999999999999956e+00	1.697042229696762994e-02
3.630000000000000000e+02	6.007987842752835405e-04	1.462239716171614967e-01	4.512009770844573886e-01	2.000000000000000111e-01	1.199999999999999956e+00	1.252546420747026497e-02
3.640000000000000000e+02	2.742871806528486382e-03	8.120645443046507761e-02	6.135060376189132025e-01	2.000000000000000111e-01	1.199999999999999956e+00	5.278935005794576502e-02
3.650000000000000000e+02	2.485286884947904631e-03	1.229802519623288404e-01	3.968355104474943218e-01	2.000000000000000111e-01	1.199999999999999956e+00	8.799289743784808118e-03
3.660000000000000000e+02	1.602562192884051751e-04	3.064896623086921790e-01	-2.817715679988297417e-01	2.000000000000000111e-01	1.199999999999999956e+00	5.127602189951785405e-03
3.670000000000000000e+02	-1.214923542189810324e-03	1.866321687307469779e-01	2.065081391089407248e-03	2.000000000000000111e-01	1.199999999999999956e+00	6.484895202636452305e-02
3.680000000000000000e+02	2.986602093606665915e-03	3.008450976750405917e-02	6.766015782598135964e-01	2.000000000000000111e-01	1.199999999999999956e+00	5.531269242072188799e-03
3.690000000000000000e+02	2.360956037003397680e-04	1.203714486796734207e-01	3.359047740747178601e-01	2.000000000000000111e-01	1.199999999999999956e+00	4.781687135714321468e-03
3.700000000000000000e+02	9.899707684092018921e-04	8.314598799403759288e-02	5.124004698174475791e-01	2.000000000000000111e-01	1.199999999999999956e+00	4.902216585554230142e-03
3.710000000000000000e+02	1.139892758446433034e-03	5.871044722054243742e-02	5.693420326930787034e-01	2.000000000000000111e-01	1.199999999999999956e+00	4.827548902838442978e-03
3.720000000000000000e+02	3.519450554221439497e-03	6.238123350401413719e-02	5.445334763880969042e-01	2.000000000000000111e-01	1.199999999999999956e+00	4.322832214279182482e-03
3.730000000000000000e+02	4.994297254102394914e-04	8.256776312232728954e-02	5.098705832846226471e-01	2.000000000000000111e-01	1.199999999999999956e+00	4.788732505808411186e-03
3.740000000000000000e+02	-1.198870953123066683e-03	2.498665316922371038e-01	1.224133263646667302e-01	2.000000000000000111e-01	1.199999999999999956e+00	5.369905554822174652e-03
3.750000000000000000e+02	-4.179184066256928613e-03	3.077104757992495387e-01	-2.580259382522926970e-01	2.000000000000000111e-01	1.199999999999999956e+00	2.369481747575061595e-02
3.760000000000000000e+02	6.897198675824544331e-04	1.493615758708368157e-01	2.628598799114665319e-01	2.000000000000000111e-01	1.199999999999999956e+00	5.301414693169219025e-03
3.770000000000000000e+02	-2.068332594852604657e-03	3.515718694454878501e-01	-1.470554252645381865e-01	2.000000000000000111e-01	1.199999999999999956e+00	3.650494384720363861e-03
3.780000000000000000e+02	1.371005722925339393e-03	1.605912828569266981e-01	2.134939829748505602e-01	2.000000000000000111e-01	1.199999999999999956e+00	3.873662492372274835e-03
3.790000000000000000e+02	-1.795473698385120255e-03	2.645436686767783097e-01	-3.028235491784947442e-02	2.000000000000000111e-01	1.199999999999999956e+00	4.873879431967735251e-03
3.800000000000000000e+02	2.835241237943766099e-04	1.711376468888321234e-01	3.346532980080705322e-01	2.000000000000000111e-01	1.199999999999999956e+00	7.641727822924341586e-03
3.810000000000000000e+02	7.508091706749830041e-04	2.143305986573738886e-01	2.109345307717402918e-01	2.000000000000000111e-01	1.199999999999999956e+00	3.852503633573439116e-03
3.820000000000000000e+02	6.346711659294553519e-04	1.935847826303307984e-01	2.033689964320348764e-01	2.000000000000000111e-01	1.199999999999999956e+00	4.885560148908189328e-03
3.830000000000000000e+02	3.523878630730570456e-04	2.687861257984097696e-01	1.586995248649620827e-01	2.000000000000000111e-01	1.199999999999999956e+00	3.398444147450159318e-03
