0.000000000000000000e+00	-7.106696453770249694e-03	4.925887032892892203e-01	-3.733442537697753139e-01	2.000000000000000111e-01	1.199999999999999956e+00	1.106492063879547898e-02
1.000000000000000000e+00	-7.709084912457260085e-04	2.858167240310311996e-01	-1.478013586334805396e-01	2.000000000000000111e-01	1.199999999999999956e+00	4.651251049852920746e-03
2.000000000000000000e+00	7.815076307808631675e-04	1.196978165909014791e-01	3.195264485084656769e-01	2.000000000000000111e-01	1.199999999999999956e+00	2.547788635734516728e-03
3.000000000000000000e+00	-5.875075811127953435e-03	4.014407957899118196e-01	-8.362615440096154984e-01	2.000000000000000111e-01	1.199999999999999956e+00	2.170023488129336348e-02
4.000000000000000000e+00	4.271452576234164786e-03	6.593246725275216102e-02	4.716639302302331194e-01	2.000000000000000111e-01	1.199999999999999956e+00	8.387202006879987751e-03
5.000000000000000000e+00	-3.439274526192690525e-03	4.113321532751781917e-01	-3.064874262063606025e-01	2.000000000000000111e-01	1.199999999999999956e+00	4.074171183423965815e-03
6.000000000000000000e+00	7.994445437581152065e-04	1.732026401856958109e-01	3.490142641494604625e-01	2.000000000000000111e-01	1.199999999999999956e+00	5.283224647515001246e-03
7.000000000000000000e+00	7.232806703472037177e-03	3.378024229692901392e-01	-2.306207349846260968e-01	2.000000000000000111e-01	1.199999999999999956e+00	6.544096009821942853e-03
8.000000000000000000e+00	1.265581718566512279e-03	1.326666909259016092e-01	3.560031613547032237e-01	2.000000000000000111e-01	1.199999999999999956e+00	4.721336572418237398e-03
9.000000000000000000e+00	1.512309249535384635e-03	2.341412860611364888e-01	2.165034759196826641e-02	2.000000000000000111e-01	1.199999999999999956e+00	4.164236298007964639e-03
1.000000000000000000e+01	2.169583910381102636e-03	2.872517403214575604e-01	7.330158309104684022e-02	2.000000000000000111e-01	1.199999999999999956e+00	5.661886526980832758e-03
1.100000000000000000e+01	-2.076837650594917130e-03	3.526659074418717621e-01	-3.264360206537171294e-01	2.000000000000000111e-01	1.199999999999999956e+00	5.912426738470206132e-03
1.200000000000000000e+01	2.354637632572745623e-03	9.563728877663793537e-02	4.423954789196977710e-01	2.000000000000000111e-01	1.199999999999999956e+00	6.143624178303295179e-03
1.300000000000000000e+01	-4.489447311803693467e-04	3.052504048551902827e-01	-2.005997618845460906e-01	2.000000000000000111e-01	1.199999999999999956e+00	6.333010971047948676e-03
1.400000000000000000e+01	1.516960217786799152e-03	5.899788129301384437e-02	5.523349767757819162e-01	2.000000000000000111e-01	1.199999999999999956e+00	3.443277778667516546e-03
1.500000000000000000e+01	7.643494219562753638e-04	1.669738595695426653e-01	4.092939840863203393e-01	2.000000000000000111e-01	1.199999999999999956e+00	6.324931526896905229e-03
1.600000000000000000e+01	1.311620347617710328e-03	9.586822430103997261e-02	5.928244032990972467e-01	2.000000000000000111e-01	1.199999999999999956e+00	6.418649358008601293e-03
1.700000000000000000e+01	3.226432483024516216e-03	1.144559521833545118e-01	4.708131784759179705e-01	2.000000000000000111e-01	1.199999999999999956e+00	9.887169162200195455e-03
1.800000000000000000e+01	9.624001016487304227e-04	3.752233656163915798e-01	-2.364460947077300368e-01	2.000000000000000111e-01	1.199999999999999956e+00	7.156822720830604591e-03
1.900000000000000000e+01	2.713778494037090991e-04	1.774800805956572303e-01	1.550931958892931561e-01	2.000000000000000111e-01	1.199999999999999956e+00	2.375087611375093465e-03
2.000000000000000000e+01	3.410207601929669038e-03	8.648192652615646625e-02	4.582352973008201324e-01	2.000000000000000111e-01	1.199999999999999956e+00	5.660500771066901901e-03
2.100000000000000000e+01	7.432987917936182852e-04	3.229690861498300536e-01	-3.218421566884011042e-03	2.000000000000000111e-01	1.199999999999999956e+00	4.354242454818523476e-03
2.200000000000000000e+01	1.971704819860683588e-03	1.401957348948384419e-01	3.765406002094557891e-01	2.000000000000000111e-01	1.199999999999999956e+00	3.692721081174951681e-03
2.300000000000000000e+01	-2.021035364482053065e-03	2.486681474061750718e-01	9.593066076784761975e-02	2.000000000000000111e-01	1.199999999999999956e+00	1.803678695077246376e-03
2.400000000000000000e+01	1.337351265625318910e-03	2.175258402421394455e-01	2.362051429969933558e-01	2.000000000000000111e-01	1.199999999999999956e+00	5.711670843939957269e-03
2.500000000000000000e+01	-8.809662187533067639e-04	3.198851182558624107e-01	-5.030510971981350110e-02	2.000000000000000111e-01	1.199999999999999956e+00	5.358287569543242201e-03
2.600000000000000000e+01	6.816549973581454910e-03	9.923780735109138940e-02	3.104466230637858981e-01	2.000000000000000111e-01	1.199999999999999956e+00	3.836794153324263584e-03
2.700000000000000000e+01	-6.650192656324280379e-04	2.233284785695905106e-01	1.282142273124984300e-01	2.000000000000000111e-01	1.199999999999999956e+00	2.713046819968898890e-02
2.800000000000000000e+01	3.607538782354363129e-04	2.357521226067200160e-01	2.632456129335580819e-01	2.000000000000000111e-01	1.199999999999999956e+00	6.282100208658362821e-03
2.900000000000000000e+01	-8.501831723197829371e-03	4.497495763731264029e-01	-8.819186793003215286e-01	2.000000000000000111e-01	1.199999999999999956e+00	1.962545024360756729e-02
3.000000000000000000e+01	3.519945571859132982e-04	2.973851634798370669e-01	-1.377355169435463544e-01	2.000000000000000111e-01	1.199999999999999956e+00	3.653541273128248050e-03
3.100000000000000000e+01	1.897507895491896013e-03	8.478423280064460721e-02	5.654113735225150261e-01	2.000000000000000111e-01	1.199999999999999956e+00	8.848814515164742447e-03
3.200000000000000000e+01	3.877333082309055139e-03	1.586592925451852099e-01	3.176886436781467538e-01	2.000000000000000111e-01	1.199999999999999956e+00	3.807527195806815427e-03
3.300000000000000000e+01	-5.298048375785176060e-03	4.812151475586822769e-01	-4.937972331926783198e-01	2.000000000000000111e-01	1.199999999999999956e+00	4.868928419994822572e-03
3.400000000000000000e+01	-3.264487611317156562e-02	9.794175333133104955e-01	-1.567881053741223774e+00	2.000000000000000111e-01	1.199999999999999956e+00	7.691189628061347906e-03
3.500000000000000000e+01	-1.076226449421788418e-03	2.802472854856000173e-01	5.313144931938218463e-02	2.000000000000000111e-01	1.199999999999999956e+00	7.307582816261573057e-03
3.600000000000000000e+01	-7.029222125422314579e-04	2.536134461127325657e-01	8.824409017665102439e-02	2.000000000000000111e-01	1.199999999999999956e+00	6.031345787964728644e-03
3.700000000000000000e+01	4.063685310394328336e-03	1.622346334655999645e-01	1.431507652638797090e-01	2.000000000000000111e-01	1.199999999999999956e+00	2.466273242220413161e-03
3.800000000000000000e+01	8.579718359918832651e-03	1.179969983663114591e-01	1.704872501607352930e-01	2.000000000000000111e-01	1.199999999999999956e+00	2.937291456472374516e-03
3.900000000000000000e+01	-1.726402151220052684e-03	2.769258270905520791e-01	2.058298019944686530e-01	2.000000000000000111e-01	1.199999999999999956e+00	7.006320360283936274e-03
4.000000000000000000e+01	5.628000159573527325e-03	9.034903714679992648e-02	4.990441644826268952e-01	2.000000000000000111e-01	1.199999999999999956e+00	2.925163055793692304e-02
4.100000000000000000e+01	9.055272722391284222e-04	1.747059291416226401e-01	3.169767765094735346e-01	2.000000000000000111e-01	1.199999999999999956e+00	2.234824794949235183e-03
4.200000000000000000e+01	7.569246067366578422e-04	3.325940214769148584e-01	-1.109047290054583357e-01	2.000000000000000111e-01	1.199999999999999956e+00	1.714705781583050195e-03
4.300000000000000000e+01	1.805434559256071650e-03	1.301154493699358816e-01	2.644710131694063548e-01	2.000000000000000111e-01	1.199999999999999956e+00	4.114518164588209549e-03
4.400000000000000000e+01	5.336883908419000344e-03	9.295137155634139448e-02	4.595283361416584444e-01	2.000000000000000111e-01	1.199999999999999956e+00	5.910806658544798774e-03
4.500000000000000000e+01	-6.593960350856973088e-03	3.910813019483766473e-01	-6.090178406222417351e-01	2.000000000000000111e-01	1.199999999999999956e+00	1.713769361334376712e-02
4.600000000000000000e+01	1.854127530356741932e-03	3.666115790531113139e-01	-4.674917107761626944e-01	2.000000000000000111e-01	1.199999999999999956e+00	5.513137053818929767e-03
4.700000000000000000e+01	6.393716261749180299e-04	1.763912880950683770e-01	1.845309107431636342e-01	2.000000000000000111e-01	1.199999999999999956e+00	4.785924401912960806e-03
4.800000000000000000e+01	3.842364328314767322e-03	6.005696635593568700e-02	6.422729017411041852e-01	2.000000000000000111e-01	1.199999999999999956e+00	1.251904275768059814e-02
4.900000000000000000e+01	2.980869940394645975e-03	6.978032312756646260e-02	4.939586964434414806e-01	2.000000000000000111e-01	1.199999999999999956e+00	3.344610855748268718e-03
5.000000000000000000e+01	5.581569080780446985e-04	7.479700155744466172e-02	5.436315942739340379e-01	2.000000000000000111e-01	1.199999999999999956e+00	6.751528030319807125e-03
5.100000000000000000e+01	7.916700071281717113e-04	1.434185182552706883e-01	3.380362097720785997e-01	2.000000000000000111e-01	1.199999999999999956e+00	5.192963384686339300e-03
5.200000000000000000e+01	1.379642255210087806e-03	2.501161343066166665e-01	7.343966141002278292e-02	2.000000000000000111e-01	1.199999999999999956e+00	6.178807320496712205e-03
5.300000000000000000e+01	7.131364472973559035e-04	1.413713828080113144e-01	1.822057242221171158e-01	2.000000000000000111e-01	1.199999999999999956e+00	3.097607648446725620e-03
5.400000000000000000e+01	2.296411380643862722e-03	4.262303165003604455e-02	6.941200215852878497e-01	2.000000000000000111e-01	1.199999999999999956e+00	8.055455319949117107e-03
5.500000000000000000e+01	3.314449682433992257e-03	2.148174310753442062e-01	1.777991005047692141e-01	2.000000000000000111e-01	1.199999999999999956e+00	1.598061199961321602e-03
5.600000000000000000e+01	8.133681558225548062e-04	1.584185352010448744e-01	2.094583728262122690e-01	2.000000000000000111e-01	1.199999999999999956e+00	4.030691063307134149e-03
5.700000000000000000e+01	4.684592283608959677e-03	2.949182455032328676e-01	-1.857098077130183711e-01	2.000000000000000111e-01	1.199999999999999956e+00	4.185062479586137973e-03
5.800000000000000000e+01	-1.188200209416209133e-03	3.193800288255050357e-01	-4.852837757042838263e-02	2.000000000000000111e-01	1.199999999999999956e+00	7.061933986804065817e-03
5.900000000000000000e+01	-2.637284036930904671e-03	4.163486469532842738e-01	-3.020481243764576718e-01	2.000000000000000111e-01	1.199999999999999956e+00	5.704092815222631604e-03
6.000000000000000000e+01	5.316939986703375816e-04	1.792457560933425620e-01	1.969229624839501369e-01	2.000000000000000111e-01	1.199999999999999956e+00	3.315171260291582562e-03
6.100000000000000000e+01	1.514351847171646354e-03	1.333215612742326694e-01	3.601640043303677707e-01	2.000000000000000111e-01	1.199999999999999956e+00	4.878089250488978033e-03
6.200000000000000000e+01	-3.812485591444766432e-04	2.255224858327298243e-01	2.479294487988088491e-01	2.000000000000000111e-01	1.199999999999999956e+00	7.292969248357658064e-03
6.300000000000000000e+01	1.536036829257492360e-02	2.517812270847934464e-01	-2.198851087168400831e-01	2.000000000000000111e-01	1.199999999999999956e+00	4.188756049605288703e-03
6.400000000000000000e+01	5.732610878227131036e-05	1.746581524761389725e-01	2.472145938310559288e-01	2.000000000000000111e-01	1.199999999999999956e+00	2.709332715912659510e-03
6.500000000000000000e+01	1.177341453115743211e-03	1.440425900780525348e-01	3.640999598320759922e-01	2.000000000000000111e-01	1.199999999999999956e+00	6.330826105162964609e-03
6.600000000000000000e+01	-3.299365963646911249e-03	4.255837238410890011e-01	-4.831700189322312156e-01	2.000000000000000111e-01	1.199999999999999956e+00	4.578954584160790584e-03
6.700000000000000000e+01	7.976664016423496307e-04	1.940324921640951827e-01	2.797635596709842076e-01	2.000000000000000111e-01	1.199999999999999956e+00	4.262553906100027996e-03
6.800000000000000000e+01	1.677799032404932254e-03	8.636147398972297828e-02	5.627081527941470984e-01	2.000000000000000111e-01	1.199999999999999956e+00	8.022098886667732368e-03
6.900000000000000000e+01	2.247859566187448543e-03	2.505213501259762054e-01	6.184700589332070564e-02	2.000000000000000111e-01	1.199999999999999956e+00	6.703323991781110977e-03
7.000000000000000000e+01	3.708770124575665444e-03	3.447321194590132615e-02	6.037933542037636769e-01	2.000000000000000111e-01	1.199999999999999956e+00	8.721636548712758882e-03
7.100000000000000000e+01	2.066207165293369296e-03	1.805591649696972611e-01	3.269447552642192889e-01	2.000000000000000111e-01	1.199999999999999956e+00	6.909542870628964176e-03
7.200000000000000000e+01	-2.405507509169061559e-02	8.314043621276158147e-01	-1.900798167665817218e+00	2.000000000000000111e-01	1.199999999999999956e+00	2.721455675723582698e-02
7.300000000000000000e+01	2.493409912055947835e-04	1.528839237168012344e-01	4.173212566647532817e-01	2.000000000000000111e-01	1.199999999999999956e+00	1.099118867427597603e-02
7.400000000000000000e+01	2.422485954929310802e-03	9.937134215324419650e-02	4.180546591469151974e-01	2.000000000000000111e-01	1.199999999999999956e+00	2.067985155653697012e-03
7.500000000000000000e+01	9.806518107341865177e-04	1.504735914619836357e-01	2.594727353231798261e-01	2.000000000000000111e-01	1.199999999999999956e+00	6.093640150942171083e-03
7.600000000000000000e+01	-1.924810677629460896e-03	2.179019080407045283e-01	-3.860354246626895858e-01	2.000000000000000111e-01	1.199999999999999956e+00	2.468889060909772865e-02
7.700000000000000000e+01	-6.347088452713980098e-04	5.290489133843867542e-01	-9.910299411147320825e-01	2.000000000000000111e-01	1.199999999999999956e+00	6.583829307362757885e-03
7.800000000000000000e+01	1.159584445918171967e-02	1.113459405915507988e-01	3.304882604925909462e-01	2.000000000000000111e-01	1.199999999999999956e+00	4.483984940370995369e-03
7.900000000000000000e+01	1.972112711936536891e-03	6.023403747872664582e-02	6.234197343637217781e-01	2.000000000000000111e-01	1.199999999999999956e+00	8.057993039818306044e-03
8.000000000000000000e+01	2.904097566120169530e-04	1.691287030728077512e-01	3.112897255347455427e-01	2.000000000000000111e-01	1.199999999999999956e+00	4.670869459238219737e-03
8.100000000000000000e+01	2.242433008824046801e-03	1.287977362940438408e-01	4.942249701130507766e-01	2.000000000000000111e-01	1.199999999999999956e+00	8.196854722939692431e-03
8.200000000000000000e+01	-5.194483289942391883e-03	4.935798895448473833e-01	-4.361234818279946523e-01	2.000000000000000111e-01	1.199999999999999956e+00	8.170003254518259234e-03
8.300000000000000000e+01	-1.436339716727543436e-03	3.100343779860134097e-01	5.812504598617795892e-02	2.000000000000000111e-01	1.199999999999999956e+00	4.751787818846392973e-03
8.400000000000000000e+01	7.443604875769699097e-04	1.298142388817372928e-01	3.800598698489836558e-01	2.000000000000000111e-01	1.199999999999999956e+00	2.558294208985380236e-03
8.500000000000000000e+01	7.329846359866189470e-04	1.793136508005730434e-01	3.208325793706601203e-02	2.000000000000000111e-01	1.199999999999999956e+00	2.708196810638608277e-03
8.600000000000000000e+01	1.769511509751904457e-04	1.856876333263894341e-01	3.322759539133430806e-01	2.000000000000000111e-01	1.199999999999999956e+00	9.369851786241710848e-03
8.700000000000000000e+01	1.739859719219934760e-03	3.492040051394813549e-01	-1.146786901876435394e-01	2.000000000000000111e-01	1.199999999999999956e+00	8.411949134163831249e-03
8.800000000000000000e+01	3.672226350509792854e-03	2.953686984728540188e-01	-5.716617465654927344e-02	2.000000000000000111e-01	1.199999999999999956e+00	6.426256533035014547e-03
8.900000000000000000e+01	1.524421594847431708e-03	8.760028008209372330e-02	4.349232339160136185e-01	2.000000000000000111e-01	1.199999999999999956e+00	2.046204601591481743e-03
9.000000000000000000e+01	-1.218188573088519822e-03	2.814090777961175127e-01	4.686011106379783797e-02	2.000000000000000111e-01	1.199999999999999956e+00	7.914061622400403798e-03
9.100000000000000000e+01	3.671847024691900219e-04	1.885676144045868863e-01	4.309291107231461027e-02	2.000000000000000111e-01	1.199999999999999956e+00	4.400986754933703185e-03
9.200000000000000000e+01	-1.983540003412543034e-03	2.272002793835584122e-01	-2.055786495957727666e-01	2.000000000000000111e-01	1.199999999999999956e+00	3.815387969663625034e-02
9.300000000000000000e+01	5.325320081884527511e-03	8.839347623734213066e-02	4.717870097868528401e-01	2.000000000000000111e-01	1.199999999999999956e+00	9.869656881419998709e-03
9.400000000000000000e+01	1.562541626335541131e-03	4.932297135428993506e-01	-8.558098601235961667e-01	2.000000000000000111e-01	1.199999999999999956e+00	3.253477194706734087e-03
9.500000000000000000e+01	-7.199574869674947217e-05	1.752055076946875956e-01	3.764104223049939968e-01	2.000000000000000111e-01	1.199999999999999956e+00	1.360420752655482589e-02
9.600000000000000000e+01	1.966559717297675352e-03	1.275083627596770020e-01	5.108023385605884314e-01	2.000000000000000111e-01	1.199999999999999956e+00	8.013835548694966601e-03
9.700000000000000000e+01	8.913509295209109343e-04	1.051119101916144494e-01	5.198229152333628811e-01	2.000000000000000111e-01	1.199999999999999956e+00	5.354740512222780878e-03
9.800000000000000000e+01	-7.117203100261870752e-03	4.199594526490737501e-01	-6.556103508475263908e-01	2.000000000000000111e-01	1.199999999999999956e+00	4.118226918409712695e-02
9.900000000000000000e+01	4.575507148565867216e-04	1.582387724620267222e-01	3.126788988138016201e-01	2.000000000000000111e-01	1.199999999999999956e+00	3.100574714056866625e-03
1.000000000000000000e+02	-8.508454858593964194e-05	2.255185829312452150e-01	1.396577931190767785e-01	2.000000000000000111e-01	1.199999999999999956e+00	5.041932230246933336e-03
1.010000000000000000e+02	2.118315456557693082e-03	3.020857036329112622e-01	-1.523004835462233864e-01	2.000000000000000111e-01	1.199999999999999956e+00	2.724901855192674548e-03
1.020000000000000000e+02	6.928438282839876824e-03	1.784897233324593546e-01	1.167297535663873731e-01	2.000000000000000111e-01	1.199999999999999956e+00	5.992388791271256385e-03
1.030000000000000000e+02	-1.613081404587742365e-02	7.718283955336809887e-01	-1.567466975799323592e+00	2.000000000000000111e-01	1.199999999999999956e+00	6.627350908078878319e-03
1.040000000000000000e+02	2.173205726812560325e-03	1.828434580326996628e-01	2.736964068975682451e-01	2.000000000000000111e-01	1.199999999999999956e+00	7.139242341906108964e-03
1.050000000000000000e+02	1.154500792505381342e-03	1.236103325721493312e-01	4.820369068336658458e-01	2.000000000000000111e-01	1.199999999999999956e+00	6.984812920894969621e-03
1.060000000000000000e+02	2.643785629507114029e-03	7.949217262308132248e-02	5.062617126271182766e-01	2.000000000000000111e-01	1.199999999999999956e+00	5.616572071649414931e-03
1.070000000000000000e+02	1.314181721617578612e-03	1.494806119082693063e-01	4.712250252667309347e-01	2.000000000000000111e-01	1.199999999999999956e+00	1.131889778359101636e-02
1.080000000000000000e+02	5.710687522939870107e-03	2.066259199801143420e-01	1.515698396779860957e-01	2.000000000000000111e-01	1.199999999999999956e+00	5.331073351853020219e-03
1.090000000000000000e+02	-1.068451258931388042e-03	3.126714924169707865e-01	-8.338488143389088947e-02	2.000000000000000111e-01	1.199999999999999956e+00	8.215649968321105806e-03
1.100000000000000000e+02	3.403802240394983910e-03	1.539698616168567458e-01	2.361494463840148050e-01	2.000000000000000111e-01	1.199999999999999956e+00	4.045873904091719202e-03
1.110000000000000000e+02	-1.716612960968030800e-03	2.784660667800544220e-01	2.750206831804691276e-01	2.000000000000000111e-01	1.199999999999999956e+00	1.488409411775924902e-02
1.120000000000000000e+02	4.897022838728428730e-03	1.418445658498492801e-01	2.417949997569954768e-01	2.000000000000000111e-01	1.199999999999999956e+00	2.581522370661803924e-03
1.130000000000000000e+02	1.462446508066014448e-03	1.083540281057028126e-01	5.315676075488000585e-01	2.000000000000000111e-01	1.199999999999999956e+00	5.565935239377968122e-03
1.140000000000000000e+02	2.681988441826781925e-03	1.099553794992553651e-01	5.425499471130683649e-01	2.000000000000000111e-01	1.199999999999999956e+00	6.405190414051772745e-03
1.150000000000000000e+02	8.708799444587684300e-04	7.893538052556753337e-02	4.161764124494409245e-01	2.000000000000000111e-01	1.199999999999999956e+00	3.041402909723821789e-03
1.160000000000000000e+02	1.948050873352311042e-04	1.213926489533895259e-01	4.387614462503521828e-01	2.000000000000000111e-01	1.199999999999999956e+00	7.325210443387874561e-03
1.170000000000000000e+02	-2.506114158765329961e-02	9.482420378445449716e-01	-1.992852521221688100e+00	2.000000000000000111e-01	1.199999999999999956e+00	6.552260361621958795e-03
1.180000000000000000e+02	2.421156458138612813e-03	1.546179214261133028e-01	2.703056780010806293e-01	2.000000000000000111e-01	1.199999999999999956e+00	4.815165447594422186e-03
1.190000000000000000e+02	-7.032475143791190597e-03	4.745638582962455332e-01	-4.888319828575511394e-01	2.000000000000000111e-01	1.199999999999999956e+00	9.991074886098735147e-03
1.200000000000000000e+02	1.253228242001630868e-03	1.425632227334624746e-01	4.306148246407275337e-01	2.000000000000000111e-01	1.199999999999999956e+00	1.480008135430299285e-02
1.210000000000000000e+02	-3.753736686630373357e-03	3.847985693568204413e-01	-1.076387591161545032e-01	2.000000000000000111e-01	1.199999999999999956e+00	1.496583932564707169e-02
1.220000000000000000e+02	4.011286779098158575e-03	1.545699728803966722e-01	1.919887679168330585e-01	2.000000000000000111e-01	1.199999999999999956e+00	3.728510421467815493e-03
1.230000000000000000e+02	1.319411006296314966e-03	2.273306233647273134e-01	2.437299006069517660e-01	2.000000000000000111e-01	1.199999999999999956e+00	6.608219199355096045e-03
1.240000000000000000e+02	1.171903434940588717e-03	8.520719860356511244e-02	4.554642651813782805e-01	2.000000000000000111e-01	1.199999999999999956e+00	5.642082338529176566e-03
1.250000000000000000e+02	7.043560680624868023e-03	6.188124210476736442e-02	5.708740841362577312e-01	2.000000000000000111e-01	1.199999999999999956e+00	6.443735665872321605e-03
1.260000000000000000e+02	7.744723712148188742e-03	2.055555024412310805e-01	1.602435329852269774e-02	2.000000000000000111e-01	1.199999999999999956e+00	7.070818305104691927e-03
1.270000000000000000e+02	1.485450798404710972e-03	2.069712438586799874e-01	2.320103308226668659e-01	2.000000000000000111e-01	1.199999999999999956e+00	4.185603217615533646e-03
1.280000000000000000e+02	-4.508629854613052310e-03	3.885252229530848922e-01	-3.336413298469107502e-01	2.000000000000000111e-01	1.199999999999999956e+00	4.277935314265381150e-03
1.290000000000000000e+02	1.513779695021730959e-03	1.026470192143812271e-01	4.608456815942489904e-01	2.000000000000000111e-01	1.199999999999999956e+00	4.580056812888083119e-03
1.300000000000000000e+02	3.850725006866627213e-03	3.452281572017755762e-01	-2.411817959585613735e-01	2.000000000000000111e-01	1.199999999999999956e+00	8.608596133113714105e-03
1.310000000000000000e+02	-2.704480226153013517e-04	1.482682976617550885e-01	4.567956776960091503e-01	2.000000000000000111e-01	1.199999999999999956e+00	2.057612133468914375e-02
1.320000000000000000e+02	-1.126046817475356149e-02	5.912345221374695203e-01	-7.339784309180119592e-01	2.000000000000000111e-01	1.199999999999999956e+00	1.000259108362737577e-02
1.330000000000000000e+02	1.406083307928846296e-03	1.498989210360426594e-01	3.459222219622795080e-01	2.000000000000000111e-01	1.199999999999999956e+00	1.005944651223267608e-02
1.340000000000000000e+02	-9.711908034261524064e-05	2.971265507451186227e-01	-2.933615414315227099e-02	2.000000000000000111e-01	1.199999999999999956e+00	3.282833060135722549e-03
1.350000000000000000e+02	1.947367208987713398e-03	1.411737057062001088e-01	4.150428082146113695e-01	2.000000000000000111e-01	1.199999999999999956e+00	8.352108001004047988e-03
1.360000000000000000e+02	7.391466870893814711e-04	1.790550575115286980e-01	2.892579383792042158e-01	2.000000000000000111e-01	1.199999999999999956e+00	1.093784094586503809e-02
1.370000000000000000e+02	-4.197348459144433462e-03	3.857806494682047282e-01	-2.784391287904570689e-01	2.000000000000000111e-01	1.199999999999999956e+00	7.993440974904116730e-03
1.380000000000000000e+02	1.246170915138614631e-03	1.364183358234953847e-01	4.494958422497763451e-01	2.000000000000000111e-01	1.199999999999999956e+00	5.280912771366485028e-03
1.390000000000000000e+02	5.817635510076385463e-03	2.403307282258742572e-01	-2.947943651925077901e-02	2.000000000000000111e-01	1.199999999999999956e+00	5.513162671371528087e-03
1.400000000000000000e+02	3.240324714253235705e-03	2.186723788156358927e-01	2.455389860189027829e-01	2.000000000000000111e-01	1.199999999999999956e+00	4.285978888186113382e-03
1.410000000000000000e+02	1.367374276888583652e-03	1.330348662612898802e-01	4.442240055357014050e-01	2.000000000000000111e-01	1.199999999999999956e+00	8.655242397007436098e-03
1.420000000000000000e+02	1.467931546809199059e-03	1.058463827599940843e-01	5.961552540170345083e-01	2.000000000000000111e-01	1.199999999999999956e+00	1.295182453501351853e-02
1.430000000000000000e+02	-2.426663825366284777e-03	2.231928411755412511e-01	-5.118122748865960858e-02	2.000000000000000111e-01	1.199999999999999956e+00	2.125216293727250072e-02
1.440000000000000000e+02	-4.418012485261476642e-03	4.256568216446338093e-01	-8.788659642914566916e-01	2.000000000000000111e-01	1.199999999999999956e+00	3.096208886763133772e-01
1.450000000000000000e+02	-9.926851753310323399e-04	1.982924587339684741e-01	3.626861505054761459e-01	2.000000000000000111e-01	1.199999999999999956e+00	9.850233119073759439e-03
1.460000000000000000e+02	4.856617691846674273e-03	1.301063863703907364e-01	3.210628808958322367e-01	2.000000000000000111e-01	1.199999999999999956e+00	3.804611859871932181e-03
1.470000000000000000e+02	-6.955686693042063828e-04	3.001915005933121217e-01	7.243949446391928504e-02	2.000000000000000111e-01	1.199999999999999956e+00	1.157628029041744833e-02
1.480000000000000000e+02	2.291153135887462629e-05	2.590886607980132372e-01	1.366481255806051287e-01	2.000000000000000111e-01	1.199999999999999956e+00	7.728404816086767957e-03
1.490000000000000000e+02	1.169564453320385677e-03	1.016828687199151093e-01	5.765547093365981368e-01	2.000000000000000111e-01	1.199999999999999956e+00	1.172125848467854385e-02
1.500000000000000000e+02	1.387250063246469288e-03	1.141137569463442081e-01	4.222019885044532295e-01	2.000000000000000111e-01	1.199999999999999956e+00	3.350388655898928203e-03
1.510000000000000000e+02	2.022604473671201983e-03	3.056443145030555142e-01	-2.481451365268867448e-01	2.000000000000000111e-01	1.199999999999999956e+00	2.226989439546180234e-03
1.520000000000000000e+02	1.955300529267466753e-02	2.959523121482991459e-01	-3.527978058185476939e-01	2.000000000000000111e-01	1.199999999999999956e+00	4.551751396952898217e-03
1.530000000000000000e+02	1.448063663618498345e-03	1.330965964941960844e-01	3.458739294599437741e-01	2.000000000000000111e-01	1.199999999999999956e+00	2.596008982566480345e-03
1.540000000000000000e+02	3.063224474423899280e-03	4.633185853037729424e-02	5.432096041229055317e-01	2.000000000000000111e-01	1.199999999999999956e+00	2.898506850761625991e-03
1.550000000000000000e+02	1.723119775059360557e-04	1.505196690704605489e-01	2.563460117790929971e-01	2.000000000000000111e-01	1.199999999999999956e+00	4.680651470150604294e-03
1.560000000000000000e+02	2.486319723577387533e-03	1.999224060789727697e-01	1.569162494528031360e-01	2.000000000000000111e-01	1.199999999999999956e+00	6.303885309998316470e-03
1.570000000000000000e+02	-6.785836776286678987e-03	5.433215037185641361e-01	-5.810801548684629836e-01	2.000000000000000111e-01	1.199999999999999956e+00	7.865200189422863822e-03
1.580000000000000000e+02	3.604466683558634789e-03	1.213117905585978096e-01	2.635271923062423305e-01	2.000000000000000111e-01	1.199999999999999956e+00	4.882948862483839358e-03
1.590000000000000000e+02	1.356015938453299574e-03	7.681049303471797207e-02	5.138077317351852358e-01	2.000000000000000111e-01	1.199999999999999956e+00	7.460062247732948681e-03
1.600000000000000000e+02	8.069607404979124363e-03	2.629848463594295915e-01	-1.701150546272689468e-02	2.000000000000000111e-01	1.199999999999999956e+00	6.428837491287366437e-03
1.610000000000000000e+02	4.060508744646531068e-03	1.010463539087155110e-01	4.949841027605630384e-01	2.000000000000000111e-01	1.199999999999999956e+00	8.014829300444706664e-03
1.620000000000000000e+02	-1.115510534049942836e-03	3.204338056058345652e-01	-2.111921383356820670e-01	2.000000000000000111e-01	1.199999999999999956e+00	7.735728164964974715e-03
1.630000000000000000e+02	3.868853250172625134e-04	1.791384624661780389e-01	2.129519859858666209e-01	2.000000000000000111e-01	1.199999999999999956e+00	3.335431065156030991e-03
1.640000000000000000e+02	-4.874380649725059550e-03	3.676018874786060597e-01	-2.827599201621149305e-01	2.000000000000000111e-01	1.199999999999999956e+00	9.769352357439956350e-03
1.650000000000000000e+02	-8.159641338980618344e-03	5.006075463930771408e-01	-7.080889202665243687e-01	2.000000000000000111e-01	1.199999999999999956e+00	7.257805294423950483e-03
1.660000000000000000e+02	2.107521900984186784e-03	6.982269991814261945e-02	4.370033787480473997e-01	2.000000000000000111e-01	1.199999999999999956e+00	1.643119222502912539e-03
1.670000000000000000e+02	-1.167549983443897212e-03	2.413984771417270470e-01	1.782472372009746842e-01	2.000000000000000111e-01	1.199999999999999956e+00	9.193412506283882638e-03
1.680000000000000000e+02	1.013506636403128719e-03	1.272052490023750093e-01	4.293752754746011924e-01	2.000000000000000111e-01	1.199999999999999956e+00	6.963052278523630331e-03
1.690000000000000000e+02	-7.095968189161802565e-04	1.304631123809209259e-01	1.910075392644179360e-01	2.000000000000000111e-01	1.199999999999999956e+00	2.130914697404039451e-02
1.700000000000000000e+02	-3.812586965981853288e-03	4.392392195850747250e-01	-4.423138081722681747e-01	2.000000000000000111e-01	1.199999999999999956e+00	5.159982229153108405e-03
1.710000000000000000e+02	2.350852110728040515e-03	1.345672461269296349e-01	2.468050894911728577e-01	2.000000000000000111e-01	1.199999999999999956e+00	3.975119822742017792e-03
1.720000000000000000e+02	2.132534775438854786e-03	1.588001582664971545e-01	2.229918271366266858e-01	2.000000000000000111e-01	1.199999999999999956e+00	5.632189237710211009e-03
1.730000000000000000e+02	1.151080981666045182e-03	1.749414628312025433e-01	5.447166256714197630e-02	2.000000000000000111e-01	1.199999999999999956e+00	2.842843448493529487e-03
1.740000000000000000e+02	1.399123701247765748e-03	1.468757630041263307e-01	2.871154957432180410e-01	2.000000000000000111e-01	1.199999999999999956e+00	4.077125984844530600e-03
1.750000000000000000e+02	1.405038481806073934e-03	1.182527273726358408e-01	3.624666488609729065e-01	2.000000000000000111e-01	1.199999999999999956e+00	4.333002422731602188e-03
1.760000000000000000e+02	1.393957504780318161e-03	2.082469765457773681e-01	3.721767926495820333e-01	2.000000000000000111e-01	1.199999999999999956e+00	1.333885301309761622e-02
1.770000000000000000e+02	2.841596587308255033e-03	1.904296131528416258e-01	5.052775983170310070e-02	2.000000000000000111e-01	1.199999999999999956e+00	5.941868840889430459e-03
1.780000000000000000e+02	-1.965904674258490709e-03	3.620447121175742189e-01	-1.608397807625365772e-01	2.000000000000000111e-01	1.199999999999999956e+00	5.217723363008010436e-03
1.790000000000000000e+02	-4.125373953880545836e-04	9.471109740571272140e-02	3.282540150308985716e-01	2.000000000000000111e-01	1.199999999999999956e+00	4.586189518135725535e-02
1.800000000000000000e+02	7.621810783761505262e-04	1.130192461733462439e-01	4.574665167768299234e-01	2.000000000000000111e-01	1.199999999999999956e+00	7.025833366262002055e-03
1.810000000000000000e+02	1.444016547945781853e-03	1.802416648113518982e-01	1.780594405742310649e-01	2.000000000000000111e-01	1.199999999999999956e+00	3.699879019676897366e-03
1.820000000000000000e+02	5.741721843110632502e-03	3.876170562285873866e-01	-3.439496409103282026e-01	2.000000000000000111e-01	1.199999999999999956e+00	3.535575389042830505e-03
1.830000000000000000e+02	-4.534079972359357741e-04	2.304112150865141873e-01	1.071560939425699743e-01	2.000000000000000111e-01	1.199999999999999956e+00	3.624905130802516268e-03
1.840000000000000000e+02	1.145362991862369719e-04	1.864705840610360321e-01	2.588538360198633370e-02	2.000000000000000111e-01	1.199999999999999956e+00	5.841263876518705891e-03
1.850000000000000000e+02	4.453055867406118321e-03	6.719528025159055007e-02	5.312455460126690454e-01	2.000000000000000111e-01	1.199999999999999956e+00	4.768922968347793535e-03
1.860000000000000000e+02	2.465813354792218467e-03	2.203147713616324943e-01	-1.871959062976458199e-02	2.000000000000000111e-01	1.199999999999999956e+00	4.320107276834202377e-03
1.870000000000000000e+02	6.702348356979940733e-03	-3.452888599191246410e-02	8.559851991969218421e-01	2.000000000000000111e-01	1.199999999999999956e+00	1.137791990558237668e-02
1.880000000000000000e+02	2.057069548133382778e-03	2.475219711101852016e-01	1.641940309408611576e-01	2.000000000000000111e-01	1.199999999999999956e+00	5.047358916934032227e-03
1.890000000000000000e+02	-9.438560519115589409e-03	4.980437522106136994e-01	-2.898087371815565305e-01	2.000000000000000111e-01	1.199999999999999956e+00	7.940654094312214403e-03
1.900000000000000000e+02	-2.622972509246993423e-03	3.824756938669760520e-01	-2.766669698939532296e-01	2.000000000000000111e-01	1.199999999999999956e+00	6.136935207039984595e-03
1.910000000000000000e+02	2.748253700286357962e-04	1.721397530694559197e-01	3.137496807049786618e-01	2.000000000000000111e-01	1.199999999999999956e+00	6.898281885516198593e-03
1.920000000000000000e+02	7.959034035281141754e-04	2.774953324347119166e-01	1.010787374982768938e-02	2.000000000000000111e-01	1.199999999999999956e+00	5.022913413479097693e-03
1.930000000000000000e+02	3.149812518719193564e-03	1.314624999950090301e-01	4.138317936241362460e-01	2.000000000000000111e-01	1.199999999999999956e+00	5.994103251317633996e-03
1.940000000000000000e+02	-2.487962272430199739e-02	9.833493248201035097e-01	-1.548528328261669529e+00	2.000000000000000111e-01	1.199999999999999956e+00	9.086337077921584002e-03
1.950000000000000000e+02	4.997358227923509415e-03	8.620997937966437541e-02	4.476085106007641201e-01	2.000000000000000111e-01	1.199999999999999956e+00	5.210560285203437621e-03
1.960000000000000000e+02	5.069783420432985750e-04	1.454047168573103233e-01	4.300743213863351677e-01	2.000000000000000111e-01	1.199999999999999956e+00	6.003141917495948172e-03
1.970000000000000000e+02	7.385460608723375250e-04	4.686771464424992900e-02	5.467065918937359381e-01	2.000000000000000111e-01	1.199999999999999956e+00	3.217318426282481797e-03
1.980000000000000000e+02	-4.692134034875092112e-03	4.889132761604468302e-01	-6.078281444736948202e-01	2.000000000000000111e-01	1.199999999999999956e+00	4.930474520249821316e-03
1.990000000000000000e+02	2.151909927271157888e-03	6.972348285908909482e-02	5.373767929277413202e-01	2.000000000000000111e-01	1.199999999999999956e+00	4.117061797354088989e-03
2.000000000000000000e+02	-9.375537193386319955e-04	2.684060628422556549e-01	1.385752888687261652e-01	2.000000000000000111e-01	1.199999999999999956e+00	4.307625966102511181e-03
2.010000000000000000e+02	2.621347303602272229e-03	8.396865263007112501e-02	5.869201383729647503e-01	2.000000000000000111e-01	1.199999999999999956e+00	1.269337524544214384e-02
2.020000000000000000e+02	-3.871865070421112894e-03	2.769936280922770111e-01	-1.712905983718302494e-01	2.000000000000000111e-01	1.199999999999999956e+00	3.651648352430870992e-02
2.030000000000000000e+02	2.528838152313913051e-03	1.354786558909552852e-01	3.141016322733376498e-01	2.000000000000000111e-01	1.199999999999999956e+00	6.109011417599635556e-03
2.040000000000000000e+02	2.815183144835479729e-03	1.896049903606416287e-01	1.400647424497427629e-01	2.000000000000000111e-01	1.199999999999999956e+00	7.161770562206811949e-03
2.050000000000000000e+02	5.506680357843963571e-03	1.710777581784657386e-01	2.108818417602593698e-01	2.000000000000000111e-01	1.199999999999999956e+00	4.993230601620825618e-03
2.060000000000000000e+02	6.721067319308812521e-04	2.076119273873790749e-01	1.706356984873833582e-01	2.000000000000000111e-01	1.199999999999999956e+00	6.875031540510307716e-03
2.070000000000000000e+02	5.435310876840600616e-03	1.801930169610053145e-01	-1.736640716818493857e-02	2.000000000000000111e-01	1.199999999999999956e+00	3.947533263123721194e-03
2.080000000000000000e+02	1.007879174939395588e-03	2.246954809482849813e-01	-8.628588856069807633e-02	2.000000000000000111e-01	1.199999999999999956e+00	7.822404289303820299e-03
2.090000000000000000e+02	2.553424107426125172e-03	1.009550056195314405e-01	3.711535609361356070e-01	2.000000000000000111e-01	1.199999999999999956e+00	2.024160666405891082e-03
2.100000000000000000e+02	-9.875244776742862340e-04	3.384972340501224419e-01	-1.659941536627034253e-01	2.000000000000000111e-01	1.199999999999999956e+00	7.249661245767147211e-03
2.110000000000000000e+02	1.402155755268704330e-03	2.195044792646778098e-01	4.282091020259981562e-02	2.000000000000000111e-01	1.199999999999999956e+00	4.746092822549671970e-03
2.120000000000000000e+02	7.782859030746836708e-05	1.598326413833364990e-01	1.885408324563933036e-01	2.000000000000000111e-01	1.199999999999999956e+00	7.153161369768692990e-03
2.130000000000000000e+02	1.142603320084494300e-05	3.683493214152727124e-01	-9.715720147154547348e-01	2.000000000000000111e-01	1.199999999999999956e+00	3.647555407974158170e-03
2.140000000000000000e+02	3.571563288550509696e-03	2.215568842131701299e-01	1.641557302706564414e-01	2.000000000000000111e-01	1.199999999999999956e+00	2.912565844244236358e-03
2.150000000000000000e+02	-1.937871567508301284e-03	4.463911909214291485e-01	-8.579701552419027877e-01	2.000000000000000111e-01	1.199999999999999956e+00	8.270211828972742416e-03
2.160000000000000000e+02	5.485402068902821282e-03	6.554554114167016055e-02	4.915809160224816621e-01	2.000000000000000111e-01	1.199999999999999956e+00	6.442261428265142441e-03
2.170000000000000000e+02	-3.234608135268576649e-03	3.769167676595010508e-01	-1.469046871497701190e-01	2.000000000000000111e-01	1.199999999999999956e+00	1.263390958635736937e-02
2.180000000000000000e+02	1.137850235393941247e-03	1.958746241005333288e-01	2.404803644381448002e-01	2.000000000000000111e-01	1.199999999999999956e+00	1.076754820886695330e-02
2.190000000000000000e+02	1.938572783251109105e-03	4.874741594508130021e-02	6.309148510385258479e-01	2.000000000000000111e-01	1.199999999999999956e+00	7.059558108636038165e-03
2.200000000000000000e+02	-4.686336937012524034e-04	2.707397638912605320e-01	-1.850562941584721344e-02	2.000000000000000111e-01	1.199999999999999956e+00	6.151579740998893223e-03
2.210000000000000000e+02	5.016542972061827652e-04	8.936611868243285461e-02	6.425779391196217993e-01	2.000000000000000111e-01	1.199999999999999956e+00	3.906481482999758781e-02
2.220000000000000000e+02	9.518969598956020586e-04	1.153137446814092720e-01	2.942272919819939325e-01	2.000000000000000111e-01	1.199999999999999956e+00	3.459862341152494889e-03
2.230000000000000000e+02	3.457902505551482732e-03	1.050409128878393161e-01	3.417444279924541917e-01	2.000000000000000111e-01	1.199999999999999956e+00	2.969502736727486908e-03
2.240000000000000000e+02	-1.244670582130454539e-03	2.895976714322727186e-01	1.732324015716621979e-01	2.000000000000000111e-01	1.199999999999999956e+00	1.206714979182628607e-02
2.250000000000000000e+02	1.930721653386350059e-04	1.988616886231314995e-01	1.964277041225859222e-01	2.000000000000000111e-01	1.199999999999999956e+00	6.545062457033050222e-03
2.260000000000000000e+02	3.817847596302557326e-03	1.453624162646239004e-01	2.676113772938490953e-01	2.000000000000000111e-01	1.199999999999999956e+00	5.204224240242476436e-03
2.270000000000000000e+02	3.598057468318508530e-03	1.493930030250604502e-01	3.268529514303635253e-01	2.000000000000000111e-01	1.199999999999999956e+00	4.557491815527650938e-03
2.280000000000000000e+02	8.132399912448871676e-04	1.899273945431730337e-01	5.962069328421648606e-02	2.000000000000000111e-01	1.199999999999999956e+00	3.039555584800815186e-03
2.290000000000000000e+02	-3.701554069841260291e-04	3.003040247536570839e-01	-1.612616702370237576e-01	2.000000000000000111e-01	1.199999999999999956e+00	5.154966178164112345e-03
2.300000000000000000e+02	2.896977979567084364e-03	1.179636101400982906e-01	2.476567606524087140e-01	2.000000000000000111e-01	1.199999999999999956e+00	3.654597495569115138e-03
2.310000000000000000e+02	-5.217013122119973150e-04	3.883474991847318258e-01	-1.399249002567741762e-01	2.000000000000000111e-01	1.199999999999999956e+00	9.325022461230375592e-03
2.320000000000000000e+02	2.384084842227522118e-04	2.849131261168181828e-01	-1.206292831217092854e-01	2.000000000000000111e-01	1.199999999999999956e+00	4.208450834586326128e-03
2.330000000000000000e+02	2.231686021372735265e-03	2.357967631324703606e-01	2.121601039626068719e-01	2.000000000000000111e-01	1.199999999999999956e+00	5.278226677476603908e-03
2.340000000000000000e+02	1.170904060847473283e-03	2.428063599012937335e-01	1.581919775438711540e-02	2.000000000000000111e-01	1.199999999999999956e+00	6.504357592295726895e-03
2.350000000000000000e+02	3.811792530815913405e-02	1.389200018029727590e-01	7.233987421363419212e-02	2.000000000000000111e-01	1.199999999999999956e+00	5.563919391250521200e-03
2.360000000000000000e+02	1.180069416090523968e-03	1.356285121916733227e-01	3.030807541625044621e-01	2.000000000000000111e-01	1.199999999999999956e+00	4.205616294247981578e-03
2.370000000000000000e+02	1.555853139861345649e-03	2.206559841094410390e-01	1.600155049770695115e-01	2.000000000000000111e-01	1.199999999999999956e+00	7.157534447618847488e-03
2.380000000000000000e+02	1.807119719921156803e-03	1.491634534421662495e-01	2.484310834773397758e-01	2.000000000000000111e-01	1.199999999999999956e+00	4.499949659674365963e-03
2.390000000000000000e+02	-2.630798514312721048e-03	2.879332090175313330e-01	-3.657327670726608915e-01	2.000000000000000111e-01	1.199999999999999956e+00	3.158577003869928596e-02
2.400000000000000000e+02	3.756115826898315420e-03	1.809566131847449577e-01	2.288787618704781757e-01	2.000000000000000111e-01	1.199999999999999956e+00	6.596411286951382735e-03
2.410000000000000000e+02	3.939212296913320414e-03	2.108517050116174574e-01	-9.545777905513475048e-03	2.000000000000000111e-01	1.199999999999999956e+00	4.007160372080578216e-03
2.420000000000000000e+02	-4.241877884953941633e-04	1.058331658038516726e-01	4.185324285115834542e-01	2.000000000000000111e-01	1.199999999999999956e+00	1.815942219691928788e-02
2.430000000000000000e+02	8.429081077851083813e-04	2.153162427377730281e-01	3.236699471729131972e-01	2.000000000000000111e-01	1.199999999999999956e+00	8.589936997834961632e-03
2.440000000000000000e+02	6.733420097215747115e-03	9.528739502887303980e-02	4.628357792345278998e-01	2.000000000000000111e-01	1.199999999999999956e+00	7.028233341358499676e-03
2.450000000000000000e+02	1.709377571812230366e-03	1.544559936956812207e-01	3.095749394757221218e-01	2.000000000000000111e-01	1.199999999999999956e+00	6.582499554324093907e-03
2.460000000000000000e+02	4.273947607147924981e-03	1.281466336592414768e-01	1.152634932332512463e-01	2.000000000000000111e-01	1.199999999999999956e+00	2.639589640531707880e-03
2.470000000000000000e+02	-2.839914021869632431e-04	2.286431166668359549e-01	1.290313162242169298e-01	2.000000000000000111e-01	1.199999999999999956e+00	9.836240663644638810e-03
2.480000000000000000e+02	-1.784708082761613510e-04	3.988526854881986328e-01	-2.142286924146947769e-01	2.000000000000000111e-01	1.199999999999999956e+00	4.689584471548697772e-03
2.490000000000000000e+02	2.877468748536848170e-03	1.408633690251478998e-01	3.725556631659601159e-01	2.000000000000000111e-01	1.199999999999999956e+00	6.782695149775001472e-03
2.500000000000000000e+02	2.993378056662538041e-03	3.712642530571354516e-01	-6.654500549125863529e-02	2.000000000000000111e-01	1.199999999999999956e+00	5.386320435342086162e-03
2.510000000000000000e+02	-2.006093007485023911e-03	2.961671625416204545e-01	-6.193747823943773767e-02	2.000000000000000111e-01	1.199999999999999956e+00	7.572755946797022318e-03
2.520000000000000000e+02	4.657660188661367877e-03	1.447821208043920671e-01	3.036935371142091000e-01	2.000000000000000111e-01	1.199999999999999956e+00	4.875473767636959166e-03
2.530000000000000000e+02	-7.440411281842695956e-04	2.920483227964696948e-01	-1.667038449357054475e-01	2.000000000000000111e-01	1.199999999999999956e+00	3.050863389253206503e-03
2.540000000000000000e+02	2.668486346576453595e-03	1.403440702889780511e-01	3.365292637967614020e-01	2.000000000000000111e-01	1.199999999999999956e+00	7.128062228889669484e-03
2.550000000000000000e+02	-8.951424177005347371e-03	4.783751653187300334e-01	-1.025309870757879160e+00	2.000000000000000111e-01	1.199999999999999956e+00	5.132434277644500054e-02
2.560000000000000000e+02	-1.201375259807906711e-03	2.082856705196672042e-01	-2.667803799487700189e-02	2.000000000000000111e-01	1.199999999999999956e+00	6.871991936567334314e-02
2.570000000000000000e+02	2.258663763828447704e-03	1.203321624938502865e-01	4.131555720802744247e-01	2.000000000000000111e-01	1.199999999999999956e+00	7.166985976729671817e-03
2.580000000000000000e+02	6.028755414494476727e-04	1.750078322820542709e-01	2.062954375898566894e-01	2.000000000000000111e-01	1.199999999999999956e+00	2.802305265783351217e-03
2.590000000000000000e+02	8.220218351057140011e-04	2.078365008133610248e-01	1.724850222752136730e-01	2.000000000000000111e-01	1.199999999999999956e+00	3.343599060085544229e-03
2.600000000000000000e+02	1.741384390552476761e-03	1.639342415237203532e-01	2.007135607368479846e-01	2.000000000000000111e-01	1.199999999999999956e+00	3.827400805047572775e-03
2.610000000000000000e+02	-1.759502654502867296e-03	2.832127245984870645e-01	9.856160970226568452e-03	2.000000000000000111e-01	1.199999999999999956e+00	9.075861267368824301e-03
2.620000000000000000e+02	2.083438593069743933e-04	2.299203166391166897e-01	3.784102661733346196e-03	2.000000000000000111e-01	1.199999999999999956e+00	8.631675144593696069e-04
2.630000000000000000e+02	2.041059785699497666e-03	9.310289508083249843e-02	4.257687206998821416e-01	2.000000000000000111e-01	1.199999999999999956e+00	1.990687216100405030e-03
2.640000000000000000e+02	3.082101454327132407e-04	1.420219961593413294e-01	3.531939745856242929e-01	2.000000000000000111e-01	1.199999999999999956e+00	5.086895028565342931e-03
2.650000000000000000e+02	1.448768123703459603e-03	1.344843254862641835e-01	4.771299345009047954e-01	2.000000000000000111e-01	1.199999999999999956e+00	8.371010590117111336e-03
2.660000000000000000e+02	3.458652844968152732e-03	2.025902910893393472e-01	2.835489623502565060e-01	2.000000000000000111e-01	1.199999999999999956e+00	6.784481223702681571e-03
2.670000000000000000e+02	-3.262365686927851462e-06	2.091059429521657520e-01	2.214694437855304621e-01	2.000000000000000111e-01	1.199999999999999956e+00	2.797903341960183716e-03
2.680000000000000000e+02	-1.509862556415117810e-03	4.809162990901774681e-01	-4.563464338992710978e-01	2.000000000000000111e-01	1.199999999999999956e+00	4.004062844490232156e-03
2.690000000000000000e+02	-5.888273219871516251e-03	3.677399500133801680e-01	-6.331512983637441749e-01	2.000000000000000111e-01	1.199999999999999956e+00	4.187256108520529679e-02
2.700000000000000000e+02	-9.838417892817918897e-03	7.975552948950956900e-01	-1.186430058640918439e+00	2.000000000000000111e-01	1.199999999999999956e+00	6.398301884790199776e-03
2.710000000000000000e+02	-1.113130339248925987e-01	2.161336554070667493e+00	-3.868982032737196874e+00	2.000000000000000111e-01	1.199999999999999956e+00	9.696481342714337662e-03
2.720000000000000000e+02	9.474833758336161224e-04	2.631176518205307624e-01	3.065927805933865713e-02	2.000000000000000111e-01	1.199999999999999956e+00	6.306764472764845794e-03
2.730000000000000000e+02	1.334148861832611848e-03	1.468998471696472963e-01	3.291806740587523983e-01	2.000000000000000111e-01	1.199999999999999956e+00	3.319867490747600326e-03
2.740000000000000000e+02	8.050692281629098432e-03	2.507509912289581644e-01	9.438035055415294750e-03	2.000000000000000111e-01	1.199999999999999956e+00	9.639067275492352316e-03
2.750000000000000000e+02	-6.928464079103086558e-03	7.016391983715345448e-01	-1.216413196716389145e+00	2.000000000000000111e-01	1.199999999999999956e+00	5.317838684399357578e-03
2.760000000000000000e+02	1.938408603457574030e-03	1.176544099059286114e-01	4.160827968015956557e-01	2.000000000000000111e-01	1.199999999999999956e+00	2.956002161388801737e-03
2.770000000000000000e+02	2.974222092851263460e-03	1.027098520363811107e-01	3.940140008569361640e-01	2.000000000000000111e-01	1.199999999999999956e+00	4.548138822657908989e-03
2.780000000000000000e+02	6.202623957166573422e-03	1.197032876255946510e-01	2.475025457011543750e-01	2.000000000000000111e-01	1.199999999999999956e+00	2.967270975540937245e-03
2.790000000000000000e+02	1.750487686251018258e-03	1.182480898487418969e-01	4.385203264366581699e-01	2.000000000000000111e-01	1.199999999999999956e+00	4.216454916949878562e-03
2.800000000000000000e+02	3.280030887777647588e-03	9.769929797269187588e-02	4.481510669566857175e-01	2.000000000000000111e-01	1.199999999999999956e+00	2.332979191631651301e-03
2.810000000000000000e+02	-2.262137882389006753e-04	3.031270251951484473e-01	-7.525674095059864399e-02	2.000000000000000111e-01	1.199999999999999956e+00	4.079155360671692272e-03
2.820000000000000000e+02	8.334441162406360654e-03	2.432938457182824421e-01	-1.799437815277578068e-01	2.000000000000000111e-01	1.199999999999999956e+00	8.465298542709390889e-03
2.830000000000000000e+02	5.152018097246826656e-04	1.749526987676251755e-01	2.135035678219470157e-01	2.000000000000000111e-01	1.199999999999999956e+00	4.744273871535532351e-03
2.840000000000000000e+02	1.756289417294546644e-03	6.959742405083166328e-02	5.579048282698195749e-01	2.000000000000000111e-01	1.199999999999999956e+00	1.267898485704037521e-02
2.850000000000000000e+02	-1.566986361836364069e-03	4.066911818725018612e-01	-3.827553139489108247e-01	2.000000000000000111e-01	1.199999999999999956e+00	3.558585945986787562e-03
2.860000000000000000e+02	3.067040374326314347e-03	2.369785610451612401e-01	-1.705445796581139817e-02	2.000000000000000111e-01	1.199999999999999956e+00	3.049422340970108468e-03
2.870000000000000000e+02	1.681392077103394935e-03	2.371249559572783383e-01	1.423647981940572294e-01	2.000000000000000111e-01	1.199999999999999956e+00	5.299209783485388583e-03
2.880000000000000000e+02	1.361208256449278862e-02	2.569905562886888317e-01	-3.708723098023014586e-01	2.000000000000000111e-01	1.199999999999999956e+00	5.613686476072589013e-03
2.890000000000000000e+02	4.852726111389612726e-03	2.784690952408631071e-01	4.037220950113384887e-02	2.000000000000000111e-01	1.199999999999999956e+00	9.227493430954981576e-03
2.900000000000000000e+02	3.737819393040723095e-03	1.193817684624901565e-01	3.801311536070250963e-01	2.000000000000000111e-01	1.199999999999999956e+00	4.996468517618320171e-03
2.910000000000000000e+02	-5.231115355815690437e-04	2.356570018829034496e-01	-2.476797173399347685e-02	2.000000000000000111e-01	1.199999999999999956e+00	6.987433708174372801e-03
2.920000000000000000e+02	-2.961312132090191014e-03	3.602862183557323794e-01	-5.633063941246563289e-01	2.000000000000000111e-01	1.199999999999999956e+00	5.950442875264898117e-03
2.930000000000000000e+02	3.188389678114358309e-03	1.495168763221364772e-01	2.261761948318832260e-01	2.000000000000000111e-01	1.199999999999999956e+00	2.440637662772532877e-03
2.940000000000000000e+02	-1.989467804548844185e-03	3.946644046886209622e-01	-2.545360076628480073e-01	2.000000000000000111e-01	1.199999999999999956e+00	5.978362527030540823e-03
2.950000000000000000e+02	1.030768283659778094e-02	1.599052455671065576e-01	1.795807099834514364e-01	2.000000000000000111e-01	1.199999999999999956e+00	6.208887357784532643e-03
2.960000000000000000e+02	7.347881363008190031e-03	1.415345535672187516e-01	6.766480891174198042e-02	2.000000000000000111e-01	1.199999999999999956e+00	4.319047053906878431e-03
2.970000000000000000e+02	2.287077461569498975e-03	1.248180379005331964e-01	4.398696375068715803e-01	2.000000000000000111e-01	1.199999999999999956e+00	6.128807858889283484e-03
2.980000000000000000e+02	9.274938605384067461e-04	2.242152949443169396e-01	-8.148973955737970343e-02	2.000000000000000111e-01	1.199999999999999956e+00	8.656649335404055859e-03
2.990000000000000000e+02	1.944929370259273300e-04	1.959324050827400132e-01	6.176680728453076696e-02	2.000000000000000111e-01	1.199999999999999956e+00	3.584982943941769813e-03
3.000000000000000000e+02	4.034295063463348534e-03	1.197375099052613856e-01	2.969997627824521036e-01	2.000000000000000111e-01	1.199999999999999956e+00	2.992890610004008464e-03
3.010000000000000000e+02	4.422035476686744272e-03	4.162390725395717639e-01	-7.751340848185805932e-01	2.000000000000000111e-01	1.199999999999999956e+00	5.499222528584641126e-03
3.020000000000000000e+02	2.382342880790076691e-03	7.226602828509004484e-02	5.429005561085473719e-01	2.000000000000000111e-01	1.199999999999999956e+00	4.262838438590721424e-02
3.030000000000000000e+02	6.469472897690667010e-03	1.831034460315055235e-01	1.923930218485714327e-01	2.000000000000000111e-01	1.199999999999999956e+00	5.647867534313976735e-03
3.040000000000000000e+02	1.906971994712707095e-03	2.133409643941374112e-01	1.424339567342474133e-01	2.000000000000000111e-01	1.199999999999999956e+00	3.983489549059241429e-03
3.050000000000000000e+02	4.242550940393631335e-03	1.029329648116157209e-01	5.740932856580343024e-01	2.000000000000000111e-01	1.199999999999999956e+00	1.132412489451613442e-02
3.060000000000000000e+02	2.388745378273912905e-03	1.010631530134164652e-01	5.806962938713069455e-01	2.000000000000000111e-01	1.199999999999999956e+00	8.294036424155876511e-03
3.070000000000000000e+02	4.346781829914170454e-03	2.939684186417889089e-01	-1.733405059714581142e-01	2.000000000000000111e-01	1.199999999999999956e+00	3.574818380152263841e-03
3.080000000000000000e+02	3.675461518046087023e-03	1.828213632676295441e-01	2.398706070381626532e-01	2.000000000000000111e-01	1.199999999999999956e+00	7.545732473085237091e-03
3.090000000000000000e+02	1.734117031481434076e-03	1.231676199652561726e-01	5.438131018764584823e-01	2.000000000000000111e-01	1.199999999999999956e+00	4.304752187334533187e-02
3.100000000000000000e+02	1.563994183016879187e-03	1.116020861465882863e-01	4.731957991228501470e-01	2.000000000000000111e-01	1.199999999999999956e+00	5.828212345474640364e-03
3.110000000000000000e+02	-1.401525581939397098e-03	3.593314658044310939e-01	-1.947987223056495409e-01	2.000000000000000111e-01	1.199999999999999956e+00	5.760406404752867540e-03
3.120000000000000000e+02	2.779626060860902574e-03	3.922953180253918037e-01	-3.666955318013491727e-01	2.000000000000000111e-01	1.199999999999999956e+00	4.063040954496299241e-03
3.130000000000000000e+02	-2.503219549404488370e-04	2.958495264199487718e-01	1.004262311386900919e-01	2.000000000000000111e-01	1.199999999999999956e+00	8.007309109033827754e-03
3.140000000000000000e+02	1.036129698970003187e-03	9.911539743498061494e-02	4.901993569031302123e-01	2.000000000000000111e-01	1.199999999999999956e+00	2.374973340410581075e-03
3.150000000000000000e+02	3.692489389025889381e-03	3.600817454052029354e-01	-3.062360567467412586e-01	2.000000000000000111e-01	1.199999999999999956e+00	5.281550931333847156e-03
3.160000000000000000e+02	1.039721724834175931e-03	1.018106992750627410e-01	4.840669510655870589e-01	2.000000000000000111e-01	1.199999999999999956e+00	3.754002677507761471e-03
3.170000000000000000e+02	4.161357508761604970e-03	2.151376609510136095e-01	2.001194265048980014e-01	2.000000000000000111e-01	1.199999999999999956e+00	3.981207046951565527e-03
3.180000000000000000e+02	3.086331811029158646e-03	1.681285180797459922e-01	3.010058893242697486e-01	2.000000000000000111e-01	1.199999999999999956e+00	9.241643227860385631e-04
3.190000000000000000e+02	2.276003334527907079e-03	1.203101767916817527e-01	5.090435982471499532e-01	2.000000000000000111e-01	1.199999999999999956e+00	8.823877289489533843e-03
3.200000000000000000e+02	3.219585844506925396e-03	2.091796425351950539e-01	-2.006148992545098153e-02	2.000000000000000111e-01	1.199999999999999956e+00	9.169901092835290720e-04
3.210000000000000000e+02	1.543219354224309361e-03	2.249330935023970413e-01	1.374644948704180081e-01	2.000000000000000111e-01	1.199999999999999956e+00	4.828474860755957096e-03
3.220000000000000000e+02	6.568843424935828052e-04	9.330985231487622100e-02	4.740395510896595610e-01	2.000000000000000111e-01	1.199999999999999956e+00	4.875894391842714934e-03
3.230000000000000000e+02	7.861811852781522498e-04	1.230322450627862468e-01	3.134554725522256113e-01	2.000000000000000111e-01	1.199999999999999956e+00	3.093942109900314243e-03
3.240000000000000000e+02	3.578862364085683839e-03	8.355166692981171039e-02	5.426932453729806927e-01	2.000000000000000111e-01	1.199999999999999956e+00	7.419301040862820613e-03
3.250000000000000000e+02	-3.076949627375996036e-03	3.268893250632618486e-01	2.100888536355682845e-02	2.000000000000000111e-01	1.199999999999999956e+00	6.342844914525420930e-03
3.260000000000000000e+02	2.507063225249776209e-03	2.875438669313162277e-01	-4.428817113368004321e-01	2.000000000000000111e-01	1.199999999999999956e+00	3.502212262537351441e-03
3.270000000000000000e+02	4.338083623202709446e-03	1.795469991855197234e-01	4.339319981407268045e-01	2.000000000000000111e-01	1.199999999999999956e+00	6.719306783921442060e-03
3.280000000000000000e+02	-1.105728154707258121e-03	1.748728487918000674e-01	-5.027989384974329568e-02	2.000000000000000111e-01	1.199999999999999956e+00	6.939390419717875180e-02
3.290000000000000000e+02	-2.044965414348032598e-02	7.372145420534251814e-01	-1.605590663607459945e+00	2.000000000000000111e-01	1.199999999999999956e+00	2.080361836411164997e-02
3.300000000000000000e+02	4.759813072704039728e-03	2.105844567074559859e-01	2.263619830275649392e-01	2.000000000000000111e-01	1.199999999999999956e+00	5.505515187333270312e-03
3.310000000000000000e+02	8.415135938937774772e-04	1.257029251211783938e-01	3.869998378640957526e-01	2.000000000000000111e-01	1.199999999999999956e+00	5.204998370970508395e-03
3.320000000000000000e+02	4.113320962697823539e-03	3.456549503098120535e-02	7.242963200702338122e-01	2.000000000000000111e-01	1.199999999999999956e+00	7.365546591394296974e-03
3.330000000000000000e+02	9.635988464523967531e-04	1.043021853040728836e-01	5.819563567538832416e-01	2.000000000000000111e-01	1.199999999999999956e+00	8.100399554627593299e-03
3.340000000000000000e+02	-4.140989084746914757e-04	2.898502345335797203e-01	-3.850803386358370162e-02	2.000000000000000111e-01	1.199999999999999956e+00	1.055272808710135644e-02
3.350000000000000000e+02	2.187768595582854393e-03	3.155205968154337626e-01	-7.246546770392825465e-02	2.000000000000000111e-01	1.199999999999999956e+00	2.100710948818701983e-03
3.360000000000000000e+02	-2.312679951884301192e-03	3.130137168481582077e-01	-1.494642229238785092e-02	2.000000000000000111e-01	1.199999999999999956e+00	5.748872568540164089e-03
3.370000000000000000e+02	5.483404233389926842e-04	1.876601676733108404e-01	3.452744524554667294e-01	2.000000000000000111e-01	1.199999999999999956e+00	6.513816044586243081e-03
3.380000000000000000e+02	4.655237330628006313e-03	4.164326622881050349e-02	5.745011982584713461e-01	2.000000000000000111e-01	1.199999999999999956e+00	2.708811819211713861e-03
3.390000000000000000e+02	1.611810026088534523e-03	1.561311033357621614e-01	3.176177006286997617e-01	2.000000000000000111e-01	1.199999999999999956e+00	4.892421357856978521e-03
3.400000000000000000e+02	4.922504532168640173e-03	7.795960164657443625e-02	3.699761823177487585e-01	2.000000000000000111e-01	1.199999999999999956e+00	1.248391161595871837e-02
3.410000000000000000e+02	3.108086753517969297e-03	5.456794259987460260e-02	6.048173224713561114e-01	2.000000000000000111e-01	1.199999999999999956e+00	1.328028812974011916e-02
3.420000000000000000e+02	8.010066201546059937e-04	2.006167175004879288e-01	2.545533355321958346e-01	2.000000000000000111e-01	1.199999999999999956e+00	4.812422392808229747e-03
3.430000000000000000e+02	2.016330640025491144e-03	1.952365901426062755e-01	3.265110526385019973e-01	2.000000000000000111e-01	1.199999999999999956e+00	4.540476339591927382e-03
3.440000000000000000e+02	1.312991377738961319e-03	5.630441537217767412e-01	-8.391852055383060005e-01	2.000000000000000111e-01	1.199999999999999956e+00	6.168022693324569199e-03
3.450000000000000000e+02	1.063111180406533076e-03	2.606597101399165672e-01	2.262494355788531308e-01	2.000000000000000111e-01	1.199999999999999956e+00	1.244071891268853404e-02
3.460000000000000000e+02	-7.041794200849698510e-03	5.457678131280028211e-01	-5.544476506995641429e-01	2.000000000000000111e-01	1.199999999999999956e+00	7.251789902377460753e-03
3.470000000000000000e+02	2.643283895567503580e-03	5.915974298900172207e-02	5.644473700998700050e-01	2.000000000000000111e-01	1.199999999999999956e+00	8.287286565972121211e-03
3.480000000000000000e+02	1.097886503118419930e-03	1.288933230749053083e-01	5.063898225548695287e-01	2.000000000000000111e-01	1.199999999999999956e+00	6.598532071549768549e-03
3.490000000000000000e+02	1.791345509871445155e-03	7.654669135617588049e-02	5.596557478018988618e-01	2.000000000000000111e-01	1.199999999999999956e+00	3.069284121632900181e-03
3.500000000000000000e+02	6.022900617732612110e-04	1.519138128355409789e-01	3.721182720609306216e-01	2.000000000000000111e-01	1.199999999999999956e+00	5.283846485249933146e-03
3.510000000000000000e+02	3.376596649444345462e-03	1.142809911970701225e-01	4.091705464505359657e-01	2.000000000000000111e-01	1.199999999999999956e+00	3.920174958967251322e-03
3.520000000000000000e+02	3.756444819079962118e-03	1.602069038606631635e-01	2.200970002446651641e-01	2.000000000000000111e-01	1.199999999999999956e+00	5.866809399815508565e-03
3.530000000000000000e+02	4.727553442607757526e-03	2.027840843510740620e-01	5.093711582493076762e-02	2.000000000000000111e-01	1.199999999999999956e+00	2.612907268084149748e-03
3.540000000000000000e+02	6.832151939639483258e-03	1.201810831140323332e-01	2.992986618065642812e-01	2.000000000000000111e-01	1.199999999999999956e+00	2.946537255413835855e-03
3.550000000000000000e+02	2.905894301561323233e-03	1.998716131447259292e-01	-2.231280872946728167e-02	2.000000000000000111e-01	1.199999999999999956e+00	6.415704022432054850e-03
3.560000000000000000e+02	2.790432352926334233e-03	6.413462396546328048e-02	6.792164093597795604e-01	2.000000000000000111e-01	1.199999999999999956e+00	1.364221700107441128e-02
3.570000000000000000e+02	-1.367152485565716058e-03	1.683512774000774925e-01	-2.632183880791156838e-01	2.000000000000000111e-01	1.199999999999999956e+00	4.494239025039494656e-02
3.580000000000000000e+02	-4.719073666266741275e-03	3.962628747628683668e-01	-7.416847113182978291e-02	2.000000000000000111e-01	1.199999999999999956e+00	1.774609610139769519e-02
3.590000000000000000e+02	2.510741532762086111e-03	5.910577454807167674e-01	-9.535197672161599414e-01	2.000000000000000111e-01	1.199999999999999956e+00	5.940506754537401221e-03
3.600000000000000000e+02	1.193240725782062847e-02	4.049526664948172594e-01	-5.729816874405471161e-01	2.000000000000000111e-01	1.199999999999999956e+00	2.794200703849831439e-03
3.610000000000000000e+02	9.073850587389778802e-03	1.621693845759048513e-01	2.383473003158782522e-01	2.000000000000000111e-01	1.199999999999999956e+00	5.526684829350392639e-03
3.620000000000000000e+02	3.596892238899087550e-03	6.351259536048362020e-02	5.677398475935618860e-01	2.000000000000000111e-01	1.199999999999999956e+00	4.085765520769267869e-03
3.630000000000000000e+02	-2.930151533365451611e-04	3.304561160368853501e-01	-4.021246367454125448e-01	2.000000000000000111e-01	1.199999999999999956e+00	3.904585154042960159e-03
3.640000000000000000e+02	3.193283111681859826e-03	1.955070928866857460e-01	2.817160677091381515e-01	2.000000000000000111e-01	1.199999999999999956e+00	1.490020391771825457e-02
3.650000000000000000e+02	-1.988610625735033610e-02	8.591862307866646731e-01	-1.354930633254931571e+00	2.000000000000000111e-01	1.199999999999999956e+00	3.760106217167300240e-03
3.660000000000000000e+02	1.151549914428567131e-03	1.393001080175046702e-01	2.924613734803989118e-01	2.000000000000000111e-01	1.199999999999999956e+00	2.203972963358703362e-03
3.670000000000000000e+02	4.658980018974264933e-03	1.614693009684627784e-02	8.184006193250520367e-01	2.000000000000000111e-01	1.199999999999999956e+00	9.062539864981832005e-02
3.680000000000000000e+02	2.234092293869533331e-03	9.225773476651683014e-02	5.452821230870414926e-01	2.000000000000000111e-01	1.199999999999999956e+00	1.188282204255876155e-02
3.690000000000000000e+02	1.919552328215024320e-03	4.427220902288232091e-02	6.532789196201829185e-01	2.000000000000000111e-01	1.199999999999999956e+00	9.781870473703310753e-03
3.700000000000000000e+02	3.212074202799359429e-03	8.683253208108704380e-02	3.951052331622080249e-01	2.000000000000000111e-01	1.199999999999999956e+00	2.137782955327727913e-03
3.710000000000000000e+02	1.304084451484315054e-03	5.324708241576472934e-02	6.679638612224219063e-01	2.000000000000000111e-01	1.199999999999999956e+00	8.556623124611280676e-03
3.720000000000000000e+02	1.591244213529731128e-03	1.827642732833862638e-01	2.643367341398037418e-01	2.000000000000000111e-01	1.199999999999999956e+00	6.060505009962686811e-03
3.730000000000000000e+02	7.821112003155477254e-04	2.051327435966303070e-01	2.573805135866344962e-01	2.000000000000000111e-01	1.199999999999999956e+00	5.274110197702803170e-03
3.740000000000000000e+02	1.896735827013108690e-03	1.430905557935706618e-01	3.532907244132608149e-01	2.000000000000000111e-01	1.199999999999999956e+00	2.647742688934590603e-03
3.750000000000000000e+02	4.333616202462442502e-02	3.847298425420939139e-02	2.770805316996118317e-01	2.000000000000000111e-01	1.199999999999999956e+00	1.114954634408947369e-02
3.760000000000000000e+02	1.464019127073538321e-03	1.130811978022042141e-01	3.705314758962905408e-01	2.000000000000000111e-01	1.199999999999999956e+00	3.660009442900858008e-03
3.770000000000000000e+02	2.118217479459645527e-03	6.592874823794299399e-02	6.037571500005229908e-01	2.000000000000000111e-01	1.199999999999999956e+00	6.945036331454217289e-03
3.780000000000000000e+02	6.359172120281157171e-04	1.666156235425381160e-01	2.776388216033405243e-01	2.000000000000000111e-01	1.199999999999999956e+00	5.093589349489201397e-03
3.790000000000000000e+02	-1.012485009242962116e-03	2.395908100506765337e-01	2.973970299674721929e-02	2.000000000000000111e-01	1.199999999999999956e+00	3.055427199122145304e-03
3.800000000000000000e+02	2.951996978774554161e-03	1.515255097418146402e-01	2.491160606222475593e-02	2.000000000000000111e-01	1.199999999999999956e+00	1.440866095630492739e-03
3.810000000000000000e+02	4.950787852593388147e-03	8.091281351103073172e-02	5.423631521300384950e-01	2.000000000000000111e-01	1.199999999999999956e+00	5.655573250624476578e-03
3.820000000000000000e+02	2.662750724294585432e-03	2.595831222316197784e-01	7.818960749454406667e-02	2.000000000000000111e-01	1.199999999999999956e+00	6.991992006037952082e-03
3.830000000000000000e+02	1.335990869443631594e-02	4.502135059341983991e-01	-6.297136150095767881e-01	2.000000000000000111e-01	1.199999999999999956e+00	3.916936464054298662e-03
