0.000000000000000000e+00	7.836335961220030483e-04	9.281028230623049324e-02	5.526990131349922564e-01	2.000000000000000111e-01	1.199999999999999956e+00	6.935541057800254094e-03
1.000000000000000000e+00	1.462602355698667915e-03	6.970523875421057169e-02	5.195582919889689677e-01	2.000000000000000111e-01	1.199999999999999956e+00	2.755667193694447906e-03
2.000000000000000000e+00	1.220231501938061000e-03	2.129835544004692327e-01	7.505569419860114166e-02	2.000000000000000111e-01	1.199999999999999956e+00	8.632576031655004450e-03
3.000000000000000000e+00	2.536725352948172949e-03	1.142555157453823828e-01	3.334167895921056335e-01	2.000000000000000111e-01	1.199999999999999956e+00	1.094957487421593760e-02
4.000000000000000000e+00	3.414574683901467440e-04	2.056452632694713289e-01	8.361748282261372012e-02	2.000000000000000111e-01	1.199999999999999956e+00	4.391973451111094197e-03
5.000000000000000000e+00	1.994104980772416855e-03	8.239961251391748898e-02	4.444616367840119597e-01	2.000000000000000111e-01	1.199999999999999956e+00	4.833858237192589259e-03
6.000000000000000000e+00	1.184184138377369260e-03	1.730821129518000934e-01	3.200723209162097405e-01	2.000000000000000111e-01	1.199999999999999956e+00	1.007381354093607809e-02
7.000000000000000000e+00	-6.435416394439574979e-04	2.687499039347909791e-01	4.779745574361449201e-03	2.000000000000000111e-01	1.199999999999999956e+00	5.555500323439627186e-03
8.000000000000000000e+00	6.873465373132268182e-04	1.911167911288615406e-01	3.106860230979409110e-01	2.000000000000000111e-01	1.199999999999999956e+00	8.946342001283386081e-03
9.000000000000000000e+00	3.266837692251832112e-03	1.151551726794869251e-01	5.200197962796637707e-01	2.000000000000000111e-01	1.199999999999999956e+00	1.489769761603692774e-02
1.000000000000000000e+01	8.916757352052577610e-04	1.530608402206531382e-01	4.409213555179616328e-01	2.000000000000000111e-01	1.199999999999999956e+00	1.209692675402309833e-02
1.100000000000000000e+01	4.581240643086187804e-04	1.673836738884844078e-01	3.572066203152521879e-01	2.000000000000000111e-01	1.199999999999999956e+00	8.170359699945822091e-03
1.200000000000000000e+01	1.481681868688032415e-03	1.982699693383596085e-01	2.378507338716935315e-01	2.000000000000000111e-01	1.199999999999999956e+00	5.773342127063243491e-03
1.300000000000000000e+01	-2.185574045888348266e-03	2.785141984454420627e-01	7.004267185076962221e-02	2.000000000000000111e-01	1.199999999999999956e+00	7.260074625986392971e-03
1.400000000000000000e+01	1.421730540530389717e-03	1.957478744150993322e-01	2.073507660846454215e-01	2.000000000000000111e-01	1.199999999999999956e+00	6.860473784148403073e-03
1.500000000000000000e+01	-1.336444998808079300e-02	6.680878897744016998e-01	-8.665242680768709960e-01	2.000000000000000111e-01	1.199999999999999956e+00	1.146789557256241640e-02
1.600000000000000000e+01	2.688060824470691734e-03	1.334089430919584984e-01	2.023141778494297327e-01	2.000000000000000111e-01	1.199999999999999956e+00	6.063902278764916887e-03
1.700000000000000000e+01	8.776565787065590063e-04	9.025492655452962976e-02	5.425167868615234923e-01	2.000000000000000111e-01	1.199999999999999956e+00	8.541673367573009851e-03
1.800000000000000000e+01	-6.743362620463098792e-04	2.387544833191243554e-01	1.228847407083368815e-01	2.000000000000000111e-01	1.199999999999999956e+00	5.156552068760432254e-03
1.900000000000000000e+01	-8.498461432457264186e-05	2.373125062173146449e-01	2.093060586279520408e-01	2.000000000000000111e-01	1.199999999999999956e+00	5.729514951735867855e-03
2.000000000000000000e+01	8.495006982539079219e-04	1.158599111924180497e-01	4.374632107879667942e-01	2.000000000000000111e-01	1.199999999999999956e+00	1.289451406556315835e-02
2.100000000000000000e+01	-2.502044400458104320e-03	2.318721435099602990e-01	-2.862527547430859798e-01	2.000000000000000111e-01	1.199999999999999956e+00	2.489257619341749689e-02
2.200000000000000000e+01	-4.333095986689222104e-05	2.125971320502756390e-01	1.912195673178000987e-01	2.000000000000000111e-01	1.199999999999999956e+00	7.705472905972181492e-03
2.300000000000000000e+01	8.358417052067212884e-04	5.786839169775134795e-02	5.344834574587820075e-01	2.000000000000000111e-01	1.199999999999999956e+00	2.386373526358231967e-03
2.400000000000000000e+01	1.835648044114081365e-03	1.828551964475413349e-01	2.450012005305692853e-01	2.000000000000000111e-01	1.199999999999999956e+00	7.396238349328771063e-03
2.500000000000000000e+01	-1.599567470525160373e-04	2.611096658421609984e-01	-6.964241156455441839e-02	2.000000000000000111e-01	1.199999999999999956e+00	6.873910369619567161e-03
2.600000000000000000e+01	-1.234622881939369731e-03	2.603304713901651302e-01	-1.863745529544535984e-01	2.000000000000000111e-01	1.199999999999999956e+00	3.139531910796228894e-03
2.700000000000000000e+01	5.362405419448585016e-03	1.297406466762143218e-01	1.207333856366996638e-01	2.000000000000000111e-01	1.199999999999999956e+00	1.065369190939702455e-02
2.800000000000000000e+01	1.003340876267654275e-03	1.511980435946687906e-01	1.078710691963746804e-01	2.000000000000000111e-01	1.199999999999999956e+00	7.288755381315610224e-03
2.900000000000000000e+01	1.036791137749455737e-03	2.861529263916655075e-01	-3.681833675935348715e-01	2.000000000000000111e-01	1.199999999999999956e+00	4.693044628098511084e-03
3.000000000000000000e+01	3.557131106150907777e-04	2.775555300138513037e-01	-6.483324006153434738e-02	2.000000000000000111e-01	1.199999999999999956e+00	1.074612603137424342e-02
3.100000000000000000e+01	-9.275841993355030124e-03	5.787079828193482101e-01	-9.780476289525656952e-01	2.000000000000000111e-01	1.199999999999999956e+00	9.465134951962552237e-03
3.200000000000000000e+01	1.861337318185708254e-05	1.439465792289854051e-01	-5.984188774920751186e-02	2.000000000000000111e-01	1.199999999999999956e+00	5.064287525108195423e-03
3.300000000000000000e+01	7.285823401553951414e-04	1.636950437663632629e-01	2.150579659534459509e-01	2.000000000000000111e-01	1.199999999999999956e+00	6.396798535125645599e-03
3.400000000000000000e+01	-3.814257762770926867e-03	3.557518361846962462e-01	-1.213469472369066438e-01	2.000000000000000111e-01	1.199999999999999956e+00	9.222265372788196469e-03
3.500000000000000000e+01	2.426953942681700852e-03	1.488552311943261153e-01	1.463656803404211892e-01	2.000000000000000111e-01	1.199999999999999956e+00	2.699584596001229370e-03
3.600000000000000000e+01	1.358474894337274733e-03	9.562776019106647429e-02	5.251682398808876773e-01	2.000000000000000111e-01	1.199999999999999956e+00	7.455612492717735018e-03
3.700000000000000000e+01	1.361329925235981245e-03	1.501433252016597386e-01	3.503722493682581707e-01	2.000000000000000111e-01	1.199999999999999956e+00	7.067575021477594428e-03
3.800000000000000000e+01	2.781313870312327081e-03	1.371816981355686860e-01	3.852439703011918404e-01	2.000000000000000111e-01	1.199999999999999956e+00	4.650236575694387427e-03
3.900000000000000000e+01	2.874540364896242210e-03	1.723340251609259965e-01	3.403041059126379331e-01	2.000000000000000111e-01	1.199999999999999956e+00	8.397509456687235821e-03
4.000000000000000000e+01	3.845579487699442474e-03	1.881806642092043180e-01	6.479064207790674601e-02	2.000000000000000111e-01	1.199999999999999956e+00	3.947508824758370720e-03
4.100000000000000000e+01	-2.777843152422933976e-03	2.461869128199792867e-01	-4.034349808740724797e-01	2.000000000000000111e-01	1.199999999999999956e+00	2.305160733072531345e-02
4.200000000000000000e+01	2.554665517797463127e-03	6.838044042685911816e-02	6.189454465412516093e-01	2.000000000000000111e-01	1.199999999999999956e+00	8.132773892428632120e-03
4.300000000000000000e+01	7.181443024729543961e-03	1.388634747481113096e-01	2.569372072691569198e-01	2.000000000000000111e-01	1.199999999999999956e+00	3.534075462804016268e-03
4.400000000000000000e+01	2.624059008187118285e-03	5.843162897420465379e-02	5.163289297347546380e-01	2.000000000000000111e-01	1.199999999999999956e+00	4.557960308061372208e-03
4.500000000000000000e+01	-2.579865449491751742e-04	1.832968331156172026e-01	3.045870975918267831e-01	2.000000000000000111e-01	1.199999999999999956e+00	1.058853379785699815e-02
4.600000000000000000e+01	2.207065787336260666e-03	1.561285116206524159e-01	2.886475858906178971e-01	2.000000000000000111e-01	1.199999999999999956e+00	7.412115529519328061e-03
4.700000000000000000e+01	1.220286515657799560e-03	1.381260554021017106e-01	4.148496375717583007e-01	2.000000000000000111e-01	1.199999999999999956e+00	5.916711151148450372e-03
4.800000000000000000e+01	-1.678398619465623978e-03	3.593060541851396117e-01	-2.339596064349667159e-01	2.000000000000000111e-01	1.199999999999999956e+00	1.127990566194322745e-02
4.900000000000000000e+01	4.535046121833727177e-03	1.866667253194349563e-01	1.455517396881567116e-01	2.000000000000000111e-01	1.199999999999999956e+00	5.550932444240894680e-03
5.000000000000000000e+01	1.444106122118342687e-03	3.013024665625632648e-01	-5.609606340106050304e-01	2.000000000000000111e-01	1.199999999999999956e+00	3.254440690081113283e-03
5.100000000000000000e+01	1.256371483447820455e-03	1.794877364659169250e-01	1.760028419230734720e-01	2.000000000000000111e-01	1.199999999999999956e+00	6.897999493028604198e-03
5.200000000000000000e+01	2.295319731988160281e-03	1.754602353661082748e-01	2.281062729625045193e-01	2.000000000000000111e-01	1.199999999999999956e+00	6.055214559737682155e-03
5.300000000000000000e+01	1.414059398277755239e-03	8.294436153399710465e-02	4.954095203838582151e-01	2.000000000000000111e-01	1.199999999999999956e+00	5.169041211204983277e-03
5.400000000000000000e+01	8.336799258278218897e-04	1.506055143938477558e-01	1.939701184885511687e-01	2.000000000000000111e-01	1.199999999999999956e+00	4.956436619515550666e-03
5.500000000000000000e+01	-1.030549809571836397e-03	1.476696284035405038e-01	-1.079483773482756703e-01	2.000000000000000111e-01	1.199999999999999956e+00	4.037593844532499227e-02
5.600000000000000000e+01	1.730354189704223604e-03	1.138131229046844134e-01	4.619050893151031012e-01	2.000000000000000111e-01	1.199999999999999956e+00	6.067186826697640485e-03
5.700000000000000000e+01	5.187660304145943861e-04	6.261521072037026792e-02	6.383904428409918896e-01	2.000000000000000111e-01	1.199999999999999956e+00	5.861780447806418277e-03
5.800000000000000000e+01	3.419822506517610286e-03	1.443357322280927890e-01	3.450887806747400255e-01	2.000000000000000111e-01	1.199999999999999956e+00	6.383720509731377613e-03
5.900000000000000000e+01	-3.317394326976628592e-04	2.456555183757114791e-01	1.811163469077659016e-02	2.000000000000000111e-01	1.199999999999999956e+00	3.621684700436711250e-03
6.000000000000000000e+01	1.881085040314245047e-02	2.899348493993011977e-01	-6.084405886608608149e-01	2.000000000000000111e-01	1.199999999999999956e+00	3.621711571847405480e-03
6.100000000000000000e+01	2.341941332839558593e-03	5.108487155752609865e-02	6.543361365686826137e-01	2.000000000000000111e-01	1.199999999999999956e+00	6.503995612843006639e-03
6.200000000000000000e+01	5.159137700157809606e-03	9.038081546088663765e-02	4.770288133601399139e-01	2.000000000000000111e-01	1.199999999999999956e+00	9.970721425515244665e-03
6.300000000000000000e+01	-9.987988477237793716e-04	1.708643181355122553e-01	-6.735623303039695031e-02	2.000000000000000111e-01	1.199999999999999956e+00	3.552457374029199810e-02
6.400000000000000000e+01	7.097080201175355423e-04	2.017423528923554810e-01	-2.218986516659526842e-02	2.000000000000000111e-01	1.199999999999999956e+00	3.389063993673892185e-03
6.500000000000000000e+01	1.756865631842576122e-03	1.066181746378888628e-01	4.334191145461421257e-01	2.000000000000000111e-01	1.199999999999999956e+00	5.133146923829207467e-03
6.600000000000000000e+01	6.017674642869608875e-04	1.248884054808126060e-01	4.385863723923377755e-01	2.000000000000000111e-01	1.199999999999999956e+00	5.245507621210135363e-03
6.700000000000000000e+01	9.088664034342770152e-04	1.991520842915658618e-01	2.312436269858246796e-01	2.000000000000000111e-01	1.199999999999999956e+00	6.036277981583590066e-03
6.800000000000000000e+01	1.163480274437085193e-03	7.027205781161567633e-02	4.840335314957586732e-01	2.000000000000000111e-01	1.199999999999999956e+00	1.773368013006644149e-03
6.900000000000000000e+01	3.746804621584582697e-03	3.044294562241974811e-01	8.594121211561223106e-03	2.000000000000000111e-01	1.199999999999999956e+00	7.652037065887284766e-03
7.000000000000000000e+01	1.185090409937625700e-03	1.033379181978262840e-01	5.002324406629590214e-01	2.000000000000000111e-01	1.199999999999999956e+00	8.374682517153548764e-03
7.100000000000000000e+01	2.800636447730137698e-03	4.136964582583379374e-02	5.863034862886182808e-01	2.000000000000000111e-01	1.199999999999999956e+00	4.378161491270439465e-03
7.200000000000000000e+01	5.330341007931876235e-03	-6.690116285651287464e-02	1.124856695778188254e+00	2.000000000000000111e-01	1.199999999999999956e+00	7.994802133779642384e-02
7.300000000000000000e+01	-4.733212198012533116e-03	5.920482458572001727e-01	-7.582138213734106458e-01	2.000000000000000111e-01	1.199999999999999956e+00	1.311242258651780165e-02
7.400000000000000000e+01	1.190418537161931200e-03	5.424927209698127833e-02	5.153849995800634520e-01	2.000000000000000111e-01	1.199999999999999956e+00	2.054824895566545202e-03
7.500000000000000000e+01	-7.537335274929612972e-03	4.816850298646345174e-01	-3.448385125122026551e-01	2.000000000000000111e-01	1.199999999999999956e+00	1.350488050280787555e-02
7.600000000000000000e+01	3.618595266895756855e-03	2.686003354117774133e-01	-2.212165599831248386e-01	2.000000000000000111e-01	1.199999999999999956e+00	3.909145365054318526e-03
7.700000000000000000e+01	4.193785637733211079e-03	2.109113863117505761e-01	2.205900907519540155e-01	2.000000000000000111e-01	1.199999999999999956e+00	1.351287642096114447e-02
7.800000000000000000e+01	4.191554073769684918e-03	9.733819600220251778e-02	4.310007091671734791e-01	2.000000000000000111e-01	1.199999999999999956e+00	6.635008193076165697e-03
7.900000000000000000e+01	-5.114193754664833613e-04	2.147951794500288503e-01	5.492602963738280053e-02	2.000000000000000111e-01	1.199999999999999956e+00	4.959239796377622536e-03
8.000000000000000000e+01	4.571621742014648831e-04	1.888563809755999245e-01	-3.608802178768755198e-02	2.000000000000000111e-01	1.199999999999999956e+00	2.739834519277697684e-03
8.100000000000000000e+01	1.592925208324711024e-03	2.969290904493765981e-01	-7.402074690899196341e-02	2.000000000000000111e-01	1.199999999999999956e+00	7.727660236309406849e-03
8.200000000000000000e+01	-8.760739190421014053e-03	5.313009381566740075e-01	-5.681318366271996823e-01	2.000000000000000111e-01	1.199999999999999956e+00	1.084416753684817360e-02
8.300000000000000000e+01	-8.363050300638462387e-04	2.427887452131851920e-01	1.358131316801918231e-01	2.000000000000000111e-01	1.199999999999999956e+00	6.891350288312191909e-03
8.400000000000000000e+01	1.864985244315249232e-03	1.503975278026498386e-01	1.960852753566162399e-01	2.000000000000000111e-01	1.199999999999999956e+00	5.282694264899077605e-03
8.500000000000000000e+01	-3.184183602543631027e-03	2.548957845960505009e-01	-2.915972600291780736e-01	2.000000000000000111e-01	1.199999999999999956e+00	3.399810691972487975e-02
8.600000000000000000e+01	7.331390655231941316e-04	7.714531793054038578e-02	4.398689658074270703e-01	2.000000000000000111e-01	1.199999999999999956e+00	2.810014203471202562e-03
8.700000000000000000e+01	1.512873481416427150e-04	2.563214608754589841e-01	8.724120543819813278e-02	2.000000000000000111e-01	1.199999999999999956e+00	5.382516225567375925e-03
8.800000000000000000e+01	-2.782705627252350655e-04	1.531561952655361991e-01	2.872682415866867345e-01	2.000000000000000111e-01	1.199999999999999956e+00	5.206619818480736316e-03
8.900000000000000000e+01	-1.432938861475280897e-04	1.231367316860235983e-01	2.582528985972905033e-01	2.000000000000000111e-01	1.199999999999999956e+00	4.163231111534904452e-03
9.000000000000000000e+01	1.641498828229246386e-03	1.026371362558408801e-01	3.531970149341585596e-01	2.000000000000000111e-01	1.199999999999999956e+00	2.509876150873837589e-03
9.100000000000000000e+01	1.101690875792776195e-03	1.337057130805332505e-01	4.299441930524827704e-01	2.000000000000000111e-01	1.199999999999999956e+00	5.888591269711697732e-03
9.200000000000000000e+01	5.038763792811707049e-04	8.596831500573128004e-02	5.711932205457674883e-01	2.000000000000000111e-01	1.199999999999999956e+00	7.983264642236396341e-03
9.300000000000000000e+01	4.785937624730519577e-04	1.138110717105557251e-01	3.133755037443930469e-01	2.000000000000000111e-01	1.199999999999999956e+00	7.931030749751677780e-03
9.400000000000000000e+01	3.125472835743681524e-03	2.000611357922006672e-01	9.678526189929570478e-02	2.000000000000000111e-01	1.199999999999999956e+00	4.053122557955438077e-03
9.500000000000000000e+01	-2.350804075786073338e-03	3.448466832490066358e-01	-2.753029721115307638e-02	2.000000000000000111e-01	1.199999999999999956e+00	4.957077512489251395e-03
9.600000000000000000e+01	-1.535633426176546534e-03	3.040322799184493330e-01	-3.172443985779604958e-02	2.000000000000000111e-01	1.199999999999999956e+00	7.061468070787409353e-03
9.700000000000000000e+01	2.253581203946652695e-03	1.582406120586898335e-01	1.675293171787255453e-01	2.000000000000000111e-01	1.199999999999999956e+00	5.057270498554763440e-03
9.800000000000000000e+01	5.918000187220517601e-04	1.555601854228030601e-01	2.243622988351563485e-01	2.000000000000000111e-01	1.199999999999999956e+00	2.542144916381240509e-03
9.900000000000000000e+01	-7.067458590508582774e-04	2.549224394431011675e-01	5.487097338333857266e-02	2.000000000000000111e-01	1.199999999999999956e+00	6.649077484345630208e-03
1.000000000000000000e+02	-2.455498372716641373e-03	2.259043573073857836e-01	-1.410892327007449154e-01	2.000000000000000111e-01	1.199999999999999956e+00	2.747187487108957230e-02
1.010000000000000000e+02	1.209396199621752674e-03	1.547058679096771361e-01	2.737136009482110666e-01	2.000000000000000111e-01	1.199999999999999956e+00	5.002820399545334154e-03
1.020000000000000000e+02	4.261310974770755818e-05	1.467402602408013068e-01	3.895969774117320483e-01	2.000000000000000111e-01	1.199999999999999956e+00	3.896960953218953083e-03
1.030000000000000000e+02	6.045518534761686047e-03	1.767300934073449958e-01	1.632845003353651236e-01	2.000000000000000111e-01	1.199999999999999956e+00	5.339903515641582395e-03
1.040000000000000000e+02	3.631024348374144693e-04	1.418869535183878428e-01	2.516914154936924497e-01	2.000000000000000111e-01	1.199999999999999956e+00	3.685893661587821835e-03
1.050000000000000000e+02	3.085909283892697072e-03	1.455022580652897413e-01	1.069647694540254435e-01	2.000000000000000111e-01	1.199999999999999956e+00	2.658749362987684797e-03
1.060000000000000000e+02	1.617877385176649894e-03	2.360728121000391366e-01	1.309026207986656587e-01	2.000000000000000111e-01	1.199999999999999956e+00	1.054583348474005290e-02
1.070000000000000000e+02	9.449989874855918397e-04	1.635097428407214504e-01	2.615337146508047717e-01	2.000000000000000111e-01	1.199999999999999956e+00	5.675109286106435648e-03
1.080000000000000000e+02	3.546531487950853670e-03	1.166505867652568029e-01	2.630906831639154841e-01	2.000000000000000111e-01	1.199999999999999956e+00	3.999176218432571629e-03
1.090000000000000000e+02	5.206751627163770484e-03	2.975308474012641757e-01	-2.351468023141536356e-01	2.000000000000000111e-01	1.199999999999999956e+00	1.861638549399438972e-02
1.100000000000000000e+02	7.143423127678462728e-03	3.571211739817178321e-01	-5.530945298658314080e-01	2.000000000000000111e-01	1.199999999999999956e+00	3.014506498248070102e-03
1.110000000000000000e+02	3.809703757775648333e-04	2.243548430581359110e-01	1.887065906875688981e-01	2.000000000000000111e-01	1.199999999999999956e+00	8.972549184562429378e-03
1.120000000000000000e+02	-1.638699954214298531e-04	2.485218521312917428e-01	3.824498756865235549e-02	2.000000000000000111e-01	1.199999999999999956e+00	4.000232931199209155e-03
1.130000000000000000e+02	7.468245556903446410e-04	3.301039098898987945e-01	-5.239869812688540129e-01	2.000000000000000111e-01	1.199999999999999956e+00	5.726305250987898110e-03
1.140000000000000000e+02	2.836692707236454438e-04	2.573338358329101405e-01	1.213431486962974759e-01	2.000000000000000111e-01	1.199999999999999956e+00	8.424889053708233683e-03
1.150000000000000000e+02	2.047758262638004444e-03	6.030388988463458722e-02	5.915971039459511083e-01	2.000000000000000111e-01	1.199999999999999956e+00	2.962795023411350388e-03
1.160000000000000000e+02	2.347420715925944631e-03	1.775784202630097952e-01	1.400694793175127906e-01	2.000000000000000111e-01	1.199999999999999956e+00	3.852220293419895535e-03
1.170000000000000000e+02	2.427139408357070359e-04	9.011901773951754013e-02	3.529262149273737492e-01	2.000000000000000111e-01	1.199999999999999956e+00	4.211882519188949771e-03
1.180000000000000000e+02	8.140058381741177010e-04	1.148770681963458967e-01	4.709820907141968327e-01	2.000000000000000111e-01	1.199999999999999956e+00	1.024137120391827374e-02
1.190000000000000000e+02	3.868096786913967594e-04	2.601767959664708085e-01	-4.567094524536052802e-02	2.000000000000000111e-01	1.199999999999999956e+00	5.431885342625485287e-03
1.200000000000000000e+02	-3.790047643495401443e-03	4.073972839679814717e-01	-8.231435918668736917e-01	2.000000000000000111e-01	1.199999999999999956e+00	2.520397938534061147e-02
1.210000000000000000e+02	1.147524497630787651e-04	4.661475103500834494e-01	-9.574706577414735520e-01	2.000000000000000111e-01	1.199999999999999956e+00	2.206055170893962778e-03
1.220000000000000000e+02	-1.336040861084176329e-03	2.203785868287317096e-01	-5.280569661302969564e-03	2.000000000000000111e-01	1.199999999999999956e+00	3.591177169151066068e-03
1.230000000000000000e+02	2.636148839038482839e-03	1.080316847608122632e-01	4.848311871735313527e-01	2.000000000000000111e-01	1.199999999999999956e+00	5.958139679271745072e-03
1.240000000000000000e+02	1.305391675383504911e-03	2.030728618877360447e-01	1.268723901553463485e-01	2.000000000000000111e-01	1.199999999999999956e+00	6.365693214838248279e-03
1.250000000000000000e+02	1.549438098419459852e-03	3.887755453722696042e-01	-3.798184474755044171e-01	2.000000000000000111e-01	1.199999999999999956e+00	4.203122196300456033e-03
1.260000000000000000e+02	1.326160397954537218e-03	1.837864819052640875e-01	2.585221957557788386e-01	2.000000000000000111e-01	1.199999999999999956e+00	8.468518407866448480e-03
1.270000000000000000e+02	1.947732246279615170e-03	6.580173572542288851e-02	6.576866390317031019e-01	2.000000000000000111e-01	1.199999999999999956e+00	1.309429899243881763e-02
1.280000000000000000e+02	-3.574982054309787448e-04	1.841193841643762319e-01	3.249320978361582846e-01	2.000000000000000111e-01	1.199999999999999956e+00	1.073277195995840823e-02
1.290000000000000000e+02	4.872475143984891419e-04	1.167641873030258182e-01	3.113855545129458058e-01	2.000000000000000111e-01	1.199999999999999956e+00	2.829809887101794336e-03
1.300000000000000000e+02	8.237293483967942026e-04	2.209414612828591029e-01	-1.215471486247290400e-01	2.000000000000000111e-01	1.199999999999999956e+00	2.452747679203404804e-03
1.310000000000000000e+02	2.175926715707840985e-03	1.007793283420681807e-01	4.811542346637946999e-01	2.000000000000000111e-01	1.199999999999999956e+00	6.482000085159657018e-03
1.320000000000000000e+02	2.514866249446238988e-03	1.874540603844766506e-01	2.084540169012667477e-01	2.000000000000000111e-01	1.199999999999999956e+00	5.042679793241662024e-03
1.330000000000000000e+02	1.610421468707228963e-03	8.187135437808928939e-02	5.960459703445597501e-01	2.000000000000000111e-01	1.199999999999999956e+00	9.607740542272310419e-03
1.340000000000000000e+02	1.126247176942678100e-03	3.595438592217496399e-01	-6.012629788264765018e-01	2.000000000000000111e-01	1.199999999999999956e+00	4.578403258317035283e-03
1.350000000000000000e+02	7.838613652377109066e-04	7.424824219114653512e-02	5.100363617764456237e-01	2.000000000000000111e-01	1.199999999999999956e+00	4.132549236280888202e-03
1.360000000000000000e+02	1.264432487659391830e-03	1.580329949853967186e-01	-1.962430073856591406e-02	2.000000000000000111e-01	1.199999999999999956e+00	2.668019563339531046e-03
1.370000000000000000e+02	-5.495104501139751879e-04	2.944660527116028104e-01	-6.873231558661752061e-02	2.000000000000000111e-01	1.199999999999999956e+00	6.230054148705804241e-03
1.380000000000000000e+02	-3.772072341884244884e-03	3.648582103163781065e-01	-1.267170408375983826e-01	2.000000000000000111e-01	1.199999999999999956e+00	1.452620235737385815e-02
1.390000000000000000e+02	-2.409627362115502203e-03	2.988681883933842487e-01	-5.350120571224632471e-01	2.000000000000000111e-01	1.199999999999999956e+00	8.195653047781624803e-03
1.400000000000000000e+02	-1.485045405317907217e-03	2.806137800628972778e-01	-2.596217052115372681e-01	2.000000000000000111e-01	1.199999999999999956e+00	5.480305449740520418e-03
1.410000000000000000e+02	1.256168521317032509e-03	9.707672282942035602e-02	5.702922747836978168e-01	2.000000000000000111e-01	1.199999999999999956e+00	1.043158038830113883e-02
1.420000000000000000e+02	-3.313330344203274896e-04	4.134289721690095898e-01	-4.343543543942294249e-01	2.000000000000000111e-01	1.199999999999999956e+00	6.583824847015846624e-03
1.430000000000000000e+02	1.598683616651766374e-03	3.026990176550884426e-01	-2.976884836843951554e-01	2.000000000000000111e-01	1.199999999999999956e+00	7.673647747891664851e-03
1.440000000000000000e+02	-2.877631073058736864e-03	5.389601470143875472e-01	-1.442829248048020041e+00	2.000000000000000111e-01	1.199999999999999956e+00	3.605569212972103803e-03
1.450000000000000000e+02	-4.644630301242425388e-04	2.494324325170346190e-01	9.737739027409553216e-02	2.000000000000000111e-01	1.199999999999999956e+00	1.196269317637332560e-02
1.460000000000000000e+02	-9.123159577638701888e-04	2.409883291932269078e-01	8.996139204490471997e-02	2.000000000000000111e-01	1.199999999999999956e+00	4.624642539613623739e-03
1.470000000000000000e+02	8.875923074284783809e-04	1.514786456531682091e-01	4.046963202789708447e-01	2.000000000000000111e-01	1.199999999999999956e+00	7.351223519646369817e-03
1.480000000000000000e+02	1.168500975133392921e-03	9.144285268126364774e-02	6.229721799732332865e-01	2.000000000000000111e-01	1.199999999999999956e+00	1.002017697033668643e-02
1.490000000000000000e+02	2.486542888942134752e-03	4.701402294594294456e-02	6.588327444108886821e-01	2.000000000000000111e-01	1.199999999999999956e+00	6.646583743457378304e-03
1.500000000000000000e+02	-2.278250641315434678e-03	3.207951759488560373e-01	-1.558924979327267479e-01	2.000000000000000111e-01	1.199999999999999956e+00	5.306034945234692872e-03
1.510000000000000000e+02	5.288356361641358703e-04	1.498278531735478813e-01	3.685558893221414500e-01	2.000000000000000111e-01	1.199999999999999956e+00	8.554116744962819360e-03
1.520000000000000000e+02	-2.585961082838402272e-03	2.668717621368809079e-01	2.741328306839934115e-01	2.000000000000000111e-01	1.199999999999999956e+00	1.231660487313398535e-02
1.530000000000000000e+02	2.563803935882124751e-03	3.327091146183799170e-02	6.945019582054743346e-01	2.000000000000000111e-01	1.199999999999999956e+00	5.739707412456924659e-03
1.540000000000000000e+02	3.741751105113247833e-04	1.597740398703322295e-01	2.782936431502616159e-01	2.000000000000000111e-01	1.199999999999999956e+00	4.249602544085743366e-03
1.550000000000000000e+02	5.716858006596586350e-04	1.228095062118901154e-01	1.773979451573892696e-01	2.000000000000000111e-01	1.199999999999999956e+00	2.541699880386605326e-03
1.560000000000000000e+02	-1.102405201504801004e-03	2.007265220991655552e-01	8.055968803150381774e-02	2.000000000000000111e-01	1.199999999999999956e+00	7.300497662222360691e-03
1.570000000000000000e+02	-1.335474565748256742e-03	2.907184183230029362e-01	-1.175135068772670266e-01	2.000000000000000111e-01	1.199999999999999956e+00	5.318252914193259163e-03
1.580000000000000000e+02	9.756639861185008615e-04	1.900254568743026673e-01	3.129635118795657256e-01	2.000000000000000111e-01	1.199999999999999956e+00	7.838119370602098651e-03
1.590000000000000000e+02	5.029781159737838070e-03	1.993134260174765637e-01	4.145511319291061980e-02	2.000000000000000111e-01	1.199999999999999956e+00	4.534724783026200697e-03
1.600000000000000000e+02	3.877090703619514352e-03	2.757139123847823781e-01	-2.292467069942292213e-01	2.000000000000000111e-01	1.199999999999999956e+00	8.643542635356878806e-03
1.610000000000000000e+02	-9.052245548827792562e-05	2.245069422280142613e-01	1.512230609278182314e-01	2.000000000000000111e-01	1.199999999999999956e+00	5.286495803811916763e-03
1.620000000000000000e+02	1.018689313775627799e-03	5.791125634429738350e-02	5.818840643832905446e-01	2.000000000000000111e-01	1.199999999999999956e+00	8.206483373799264638e-03
1.630000000000000000e+02	-3.906539767655000002e-03	3.781644033494775958e-01	-1.622216159824452220e-01	2.000000000000000111e-01	1.199999999999999956e+00	7.061902241234944456e-03
1.640000000000000000e+02	-6.444533562008420390e-03	4.746044763101877617e-01	-4.735839342688166198e-01	2.000000000000000111e-01	1.199999999999999956e+00	1.344994526710466265e-02
1.650000000000000000e+02	2.766500346694017540e-03	1.510784410791561616e-01	2.590364689885773508e-01	2.000000000000000111e-01	1.199999999999999956e+00	3.054991441835388545e-03
1.660000000000000000e+02	-1.508407697112338144e-03	4.172845946392680916e-01	-7.557335153678748085e-01	2.000000000000000111e-01	1.199999999999999956e+00	2.555533597880837744e-03
1.670000000000000000e+02	7.176895149346319142e-04	1.258527576135630988e-01	1.845578624660344502e-01	2.000000000000000111e-01	1.199999999999999956e+00	2.184271049575285499e-03
1.680000000000000000e+02	6.739727040650561520e-04	6.225118052558402393e-02	6.187950958374952570e-01	2.000000000000000111e-01	1.199999999999999956e+00	5.064660164120826646e-03
1.690000000000000000e+02	-4.411210016102732473e-03	3.594030784563777559e-01	-2.218591891918766379e-01	2.000000000000000111e-01	1.199999999999999956e+00	1.138335973431378254e-02
1.700000000000000000e+02	3.146985964317484952e-03	5.802358946480225266e-02	6.572822212964207766e-01	2.000000000000000111e-01	1.199999999999999956e+00	1.183297033792883070e-02
1.710000000000000000e+02	-2.238686016439237272e-03	2.906523071389650603e-01	-2.421854672962062693e-01	2.000000000000000111e-01	1.199999999999999956e+00	6.912152496695580031e-03
1.720000000000000000e+02	-1.970213190188868646e-02	7.863996359575471384e-01	-1.265104682718398266e+00	2.000000000000000111e-01	1.199999999999999956e+00	1.156194368271604329e-02
1.730000000000000000e+02	1.075275846394628952e-05	1.506950915147203252e-01	3.765629598246791332e-01	2.000000000000000111e-01	1.199999999999999956e+00	8.406528856103700001e-03
1.740000000000000000e+02	5.540638698459124595e-04	6.228570415178113356e-02	5.645619694837362701e-01	2.000000000000000111e-01	1.199999999999999956e+00	2.862549014254776869e-03
1.750000000000000000e+02	-5.526759616152168361e-03	4.807253012737864872e-01	-6.523641002614510853e-01	2.000000000000000111e-01	1.199999999999999956e+00	6.169819486165642464e-03
1.760000000000000000e+02	6.233981708592160138e-05	1.302812852226109541e-01	2.593658905258879876e-01	2.000000000000000111e-01	1.199999999999999956e+00	4.981199102408013883e-03
1.770000000000000000e+02	5.858188700057645817e-03	1.687328264030048819e-01	2.119455400339740336e-01	2.000000000000000111e-01	1.199999999999999956e+00	4.766447870633845445e-03
1.780000000000000000e+02	3.718408923913502458e-05	1.392712388227504983e-01	3.297770220916365069e-01	2.000000000000000111e-01	1.199999999999999956e+00	4.422645866978832697e-03
1.790000000000000000e+02	1.051562646775357039e-03	1.155579574966104223e-01	3.360085861469723767e-01	2.000000000000000111e-01	1.199999999999999956e+00	3.558161531940662314e-03
1.800000000000000000e+02	3.896602823320996761e-03	1.808401833296886252e-01	6.651776655943297811e-02	2.000000000000000111e-01	1.199999999999999956e+00	1.762607297956074763e-03
1.810000000000000000e+02	-1.487621279960798203e-03	2.595775317255738512e-01	-2.135202624174592501e-02	2.000000000000000111e-01	1.199999999999999956e+00	3.792907829004002473e-03
1.820000000000000000e+02	1.131357721005612788e-03	1.939712230043705299e-01	2.115490182651411644e-01	2.000000000000000111e-01	1.199999999999999956e+00	9.013425107949573148e-03
1.830000000000000000e+02	-1.003304478803084161e-02	5.864651490445997872e-01	-5.209542362215806577e-01	2.000000000000000111e-01	1.199999999999999956e+00	7.162832201670362754e-03
1.840000000000000000e+02	5.212239050246567995e-04	8.276523305871477665e-02	4.859295824095175576e-01	2.000000000000000111e-01	1.199999999999999956e+00	4.192030688079807776e-03
1.850000000000000000e+02	5.603427334170033676e-04	2.083092581234341489e-01	1.368535469714831088e-01	2.000000000000000111e-01	1.199999999999999956e+00	8.135853851751837645e-03
1.860000000000000000e+02	2.466497105106474526e-03	4.240181852331900703e-01	-1.029783974652473511e+00	2.000000000000000111e-01	1.199999999999999956e+00	1.801667005053030762e-03
1.870000000000000000e+02	2.077879455510888915e-03	1.215962080554644220e-01	3.735206930981531670e-01	2.000000000000000111e-01	1.199999999999999956e+00	5.723030061599685032e-03
1.880000000000000000e+02	2.173879960582800295e-04	3.532576870759572829e-01	-1.939402049911591597e-01	2.000000000000000111e-01	1.199999999999999956e+00	5.378364542846471828e-03
1.890000000000000000e+02	2.305997280404032193e-03	1.980585824375355741e-01	1.707589102633564337e-01	2.000000000000000111e-01	1.199999999999999956e+00	6.895605207816388194e-03
1.900000000000000000e+02	2.464844180233111094e-04	1.767107852259826861e-01	1.683443902691434957e-01	2.000000000000000111e-01	1.199999999999999956e+00	2.893181040811345067e-03
1.910000000000000000e+02	2.328886134552022799e-03	1.171615035356439599e-01	3.622572276869537866e-01	2.000000000000000111e-01	1.199999999999999956e+00	3.965837937007726452e-03
1.920000000000000000e+02	1.287796747603204726e-03	3.851892384897664945e-01	-5.472510985921754667e-01	2.000000000000000111e-01	1.199999999999999956e+00	3.234874677536781450e-03
1.930000000000000000e+02	2.201752080727616828e-03	1.920036000341531768e-01	1.059997794290556961e-01	2.000000000000000111e-01	1.199999999999999956e+00	2.871407053434588651e-03
1.940000000000000000e+02	5.759616591656030519e-05	2.133947522085866966e-01	1.971322844221177206e-01	2.000000000000000111e-01	1.199999999999999956e+00	9.401764395490119774e-03
1.950000000000000000e+02	-8.396433080725369878e-05	4.239603556471520651e-01	-3.698899389566179252e-01	2.000000000000000111e-01	1.199999999999999956e+00	2.597688992281205894e-03
1.960000000000000000e+02	1.660316944123441107e-03	1.206689875991403815e-01	3.826394231213132713e-01	2.000000000000000111e-01	1.199999999999999956e+00	7.063556435009418592e-03
1.970000000000000000e+02	2.006002381321738293e-03	1.477767295489782196e-01	2.629150333125966910e-01	2.000000000000000111e-01	1.199999999999999956e+00	8.114417829691026457e-03
1.980000000000000000e+02	1.819944829371911415e-03	1.216608700404286370e-01	4.585870671595420056e-01	2.000000000000000111e-01	1.199999999999999956e+00	7.172215775050531580e-03
1.990000000000000000e+02	3.357900416900045661e-04	3.702684226481388063e-01	-3.516087152273708050e-01	2.000000000000000111e-01	1.199999999999999956e+00	6.727422788909882996e-03
2.000000000000000000e+02	7.165955400046082960e-04	6.471107094848832508e-02	5.318895868398254567e-01	2.000000000000000111e-01	1.199999999999999956e+00	6.044548509014397754e-03
2.010000000000000000e+02	-1.606428148909017084e-03	3.366529391953094197e-01	-2.989223669226985791e-01	2.000000000000000111e-01	1.199999999999999956e+00	6.010908251666551884e-03
2.020000000000000000e+02	1.314016015751190598e-03	5.295883986353242673e-02	5.674690582613228784e-01	2.000000000000000111e-01	1.199999999999999956e+00	6.333331118051044838e-03
2.030000000000000000e+02	-1.001051540730576615e-03	3.185958027094217271e-01	-2.618633568353301300e-01	2.000000000000000111e-01	1.199999999999999956e+00	4.916797688751538102e-03
2.040000000000000000e+02	8.639617741496450004e-04	1.013420860646829652e-01	4.020814014610190057e-01	2.000000000000000111e-01	1.199999999999999956e+00	3.790193595476329131e-03
2.050000000000000000e+02	1.021900241288013723e-03	1.705865893091162988e-01	3.300057584991700210e-01	2.000000000000000111e-01	1.199999999999999956e+00	4.382642409901928333e-03
2.060000000000000000e+02	-1.050452946002139801e-03	3.433624937259663334e-01	-1.434433373999786099e-01	2.000000000000000111e-01	1.199999999999999956e+00	1.021379309634117515e-02
2.070000000000000000e+02	-9.201841546420031935e-04	3.341638629865820165e-01	-7.846925657797942932e-01	2.000000000000000111e-01	1.199999999999999956e+00	2.662555499200303100e-03
2.080000000000000000e+02	9.267137585740555829e-04	1.879356109030146937e-01	2.229418758688233027e-01	2.000000000000000111e-01	1.199999999999999956e+00	3.733333862782533489e-03
2.090000000000000000e+02	-2.094070065772190604e-03	2.145551299881095775e-01	2.668303482335065979e-02	2.000000000000000111e-01	1.199999999999999956e+00	1.924737946966886826e-02
2.100000000000000000e+02	-8.365363229407051307e-04	2.175594671033610206e-01	1.548226022504302080e-01	2.000000000000000111e-01	1.199999999999999956e+00	7.499096042561799805e-03
2.110000000000000000e+02	5.778041774207615805e-04	2.053006477495985527e-01	2.027773168788677971e-01	2.000000000000000111e-01	1.199999999999999956e+00	3.479611414406032135e-03
2.120000000000000000e+02	3.327515911305905377e-03	1.645117319110718790e-01	2.940386864147193080e-01	2.000000000000000111e-01	1.199999999999999956e+00	6.209012536696770224e-03
2.130000000000000000e+02	-2.095934397459180078e-04	3.438717866732237671e-01	1.514662232039221124e-02	2.000000000000000111e-01	1.199999999999999956e+00	8.329876713989072673e-03
2.140000000000000000e+02	4.334739760048941207e-04	2.033624599464600446e-01	2.795002926198626447e-01	2.000000000000000111e-01	1.199999999999999956e+00	6.008985965261893526e-03
2.150000000000000000e+02	8.607407937699698133e-04	6.646396281118308047e-02	6.110254194004138828e-01	2.000000000000000111e-01	1.199999999999999956e+00	7.361230066190725500e-03
2.160000000000000000e+02	-9.270915282307065977e-03	4.699939179861271632e-01	-1.319349738723918364e+00	2.000000000000000111e-01	1.199999999999999956e+00	1.941666959209735477e-01
2.170000000000000000e+02	-1.075720648281413595e-02	5.834879190659657544e-01	-8.975324833657447599e-01	2.000000000000000111e-01	1.199999999999999956e+00	8.795329639010720374e-03
2.180000000000000000e+02	9.811699264709056872e-04	1.039729705658509751e-01	4.614802121452936667e-01	2.000000000000000111e-01	1.199999999999999956e+00	6.590376286723112487e-03
2.190000000000000000e+02	5.548162270856117845e-04	8.511667345343941482e-02	3.840977367556797084e-01	2.000000000000000111e-01	1.199999999999999956e+00	3.278945930946005304e-03
2.200000000000000000e+02	8.093140359960177953e-04	1.138748039785875965e-01	4.693567373213545224e-01	2.000000000000000111e-01	1.199999999999999956e+00	5.969656979111876913e-03
2.210000000000000000e+02	3.309620293114936065e-03	1.106756624991801080e-01	4.383418279193835865e-01	2.000000000000000111e-01	1.199999999999999956e+00	6.157106202135984030e-03
2.220000000000000000e+02	1.099628088861576960e-04	2.388486628365936726e-01	4.857363839456541044e-02	2.000000000000000111e-01	1.199999999999999956e+00	2.049407705807663235e-03
2.230000000000000000e+02	1.892662155631869838e-03	1.652739879036212167e-01	-1.914174009062596937e-02	2.000000000000000111e-01	1.199999999999999956e+00	3.995375521060307543e-03
2.240000000000000000e+02	1.018474770008238710e-03	1.213236204768422116e-01	4.316520615968753027e-01	2.000000000000000111e-01	1.199999999999999956e+00	5.415879755125065087e-03
2.250000000000000000e+02	4.393644322282621098e-04	1.981432880620581649e-01	1.773687142398987504e-01	2.000000000000000111e-01	1.199999999999999956e+00	4.049755157912261760e-03
2.260000000000000000e+02	1.365843007724955272e-03	1.244952205636597892e-01	3.709044937194878599e-01	2.000000000000000111e-01	1.199999999999999956e+00	6.672810483946369463e-03
2.270000000000000000e+02	2.005158898555982165e-03	1.358264452482898232e-01	3.791628022871234016e-01	2.000000000000000111e-01	1.199999999999999956e+00	4.791062267833338419e-03
2.280000000000000000e+02	7.838699919031952941e-04	1.022335110207670539e-01	3.536126120872560286e-01	2.000000000000000111e-01	1.199999999999999956e+00	8.252762488998978754e-03
2.290000000000000000e+02	1.455545801706414726e-03	1.126285220269083176e-01	3.223560467255781603e-01	2.000000000000000111e-01	1.199999999999999956e+00	8.906934403261458980e-03
2.300000000000000000e+02	2.170463212675131492e-03	5.454875479821347239e-02	5.273278819425293307e-01	2.000000000000000111e-01	1.199999999999999956e+00	2.238665022488349216e-03
2.310000000000000000e+02	2.259838655491754316e-03	8.982497729082691840e-02	4.841956849343804770e-01	2.000000000000000111e-01	1.199999999999999956e+00	4.029088299100704387e-03
2.320000000000000000e+02	1.146864207728935658e-03	3.221292757269811347e-01	1.882278698850914367e-02	2.000000000000000111e-01	1.199999999999999956e+00	4.207492706932444183e-03
2.330000000000000000e+02	4.926068203720830162e-04	1.196594797630948920e-01	2.904786803629666458e-01	2.000000000000000111e-01	1.199999999999999956e+00	2.507049192203676061e-03
2.340000000000000000e+02	3.867736354555077229e-03	7.118117843682517099e-02	5.692060849390740973e-01	2.000000000000000111e-01	1.199999999999999956e+00	5.422542348646151693e-03
2.350000000000000000e+02	1.780697672305047493e-03	9.837319201815673819e-02	4.462752475854956380e-01	2.000000000000000111e-01	1.199999999999999956e+00	4.449542408408227283e-03
2.360000000000000000e+02	6.592532624789443395e-04	1.072962969939348227e-01	3.890015701054654329e-01	2.000000000000000111e-01	1.199999999999999956e+00	3.625957154901923284e-03
2.370000000000000000e+02	1.770240419321656572e-03	1.014246636279700631e-01	3.266225672117428758e-01	2.000000000000000111e-01	1.199999999999999956e+00	4.089903620246799001e-03
2.380000000000000000e+02	9.046053632855843981e-04	1.477146809932956828e-01	3.953055665974432031e-01	2.000000000000000111e-01	1.199999999999999956e+00	9.380791787409517232e-03
2.390000000000000000e+02	3.165498189598660219e-03	1.992255593094585664e-01	1.734463882088022046e-02	2.000000000000000111e-01	1.199999999999999956e+00	3.553045801603574218e-03
2.400000000000000000e+02	-2.300840201043161028e-03	2.965906205591896661e-01	-4.095048991115302073e-02	2.000000000000000111e-01	1.199999999999999956e+00	5.624799348209294503e-03
2.410000000000000000e+02	-9.460014620060581969e-03	6.110635661641147243e-01	-8.712871440391793953e-01	2.000000000000000111e-01	1.199999999999999956e+00	6.621769480181873870e-03
2.420000000000000000e+02	8.441517419480187509e-03	2.501783022820530666e-01	-2.126294377391602097e-01	2.000000000000000111e-01	1.199999999999999956e+00	2.755779711478605933e-03
2.430000000000000000e+02	-1.971651429170434046e-03	1.998540855529552795e-01	-1.950741352876663726e-01	2.000000000000000111e-01	1.199999999999999956e+00	1.045778293564607608e-01
2.440000000000000000e+02	-4.845498584519116733e-05	1.359835946166915166e-01	2.951860702256139390e-01	2.000000000000000111e-01	1.199999999999999956e+00	5.059998596612426576e-03
2.450000000000000000e+02	2.137135098177435008e-03	1.907398987268281998e-01	2.749955150904392909e-01	2.000000000000000111e-01	1.199999999999999956e+00	6.027117644414478614e-03
2.460000000000000000e+02	1.396907079971959793e-03	1.075286546182602221e-01	4.430206858771716938e-01	2.000000000000000111e-01	1.199999999999999956e+00	3.195105277003031357e-03
2.470000000000000000e+02	-1.348081744904494790e-02	7.167254665911153566e-01	-1.431495079388052538e+00	2.000000000000000111e-01	1.199999999999999956e+00	1.026011210771830481e-02
2.480000000000000000e+02	5.818862857973293706e-04	7.655715880228505799e-02	5.685153412769095027e-01	2.000000000000000111e-01	1.199999999999999956e+00	5.381772267258904188e-03
2.490000000000000000e+02	1.706369943278121960e-03	2.672681374619053640e-01	-2.826959497312699909e-01	2.000000000000000111e-01	1.199999999999999956e+00	4.073614688022748724e-03
2.500000000000000000e+02	6.266090592552526995e-04	1.347330159680455164e-01	3.553847011751276597e-01	2.000000000000000111e-01	1.199999999999999956e+00	6.153376267922388600e-03
2.510000000000000000e+02	-1.862126854849629424e-03	2.108195733969424335e-01	2.248021932090527031e-02	2.000000000000000111e-01	1.199999999999999956e+00	3.343608975989229709e-02
2.520000000000000000e+02	1.783628524803579276e-03	2.533075293330004363e-01	9.887431865000051445e-02	2.000000000000000111e-01	1.199999999999999956e+00	7.300126669001161424e-03
2.530000000000000000e+02	1.463465469205410584e-03	1.091498996835321839e-01	3.518214832208008680e-01	2.000000000000000111e-01	1.199999999999999956e+00	4.616437793805980294e-03
2.540000000000000000e+02	1.255171533798815934e-03	8.472442488051146192e-02	5.044093561733955511e-01	2.000000000000000111e-01	1.199999999999999956e+00	5.503798701590986546e-03
2.550000000000000000e+02	-2.673481437291074566e-03	3.560745354570963861e-01	-4.909589996525323130e-01	2.000000000000000111e-01	1.199999999999999956e+00	6.245042691043482981e-03
2.560000000000000000e+02	4.206521232347813256e-03	1.081348464027847983e-01	2.785952453319098243e-01	2.000000000000000111e-01	1.199999999999999956e+00	3.879129091240399174e-03
2.570000000000000000e+02	-5.732748499770518773e-04	1.385792931791806903e-01	1.039824211556021893e-01	2.000000000000000111e-01	1.199999999999999956e+00	2.989899758019396933e-02
2.580000000000000000e+02	1.006407804058716705e-03	1.400151190587940464e-01	2.499741144046501162e-01	2.000000000000000111e-01	1.199999999999999956e+00	2.655501635942383171e-03
2.590000000000000000e+02	3.586150674244971241e-03	1.713599640815138825e-01	-1.897888810511627611e-02	2.000000000000000111e-01	1.199999999999999956e+00	4.290707260860920046e-03
2.600000000000000000e+02	6.057637799274831047e-04	1.844087361771723776e-01	-4.479791231249974359e-02	2.000000000000000111e-01	1.199999999999999956e+00	1.968168137608472968e-03
2.610000000000000000e+02	2.098791043366169621e-03	8.456242374623815228e-02	5.579707884426960973e-01	2.000000000000000111e-01	1.199999999999999956e+00	5.413152453664557377e-03
2.620000000000000000e+02	6.340276642910498001e-04	1.280664576028068824e-01	4.459201010636348883e-01	2.000000000000000111e-01	1.199999999999999956e+00	4.817112471970350085e-03
2.630000000000000000e+02	2.215372101048518685e-03	3.216989718411061155e-02	6.899761080543729275e-01	2.000000000000000111e-01	1.199999999999999956e+00	6.871998629505178709e-03
2.640000000000000000e+02	4.927296632835825906e-05	1.572313917395540273e-01	1.769574541000284995e-01	2.000000000000000111e-01	1.199999999999999956e+00	5.260539621672103393e-03
2.650000000000000000e+02	1.601466529146706227e-03	3.051161959566047743e-01	-2.322800549696060202e-01	2.000000000000000111e-01	1.199999999999999956e+00	3.073417727030472012e-03
2.660000000000000000e+02	5.912402231452937307e-04	1.902691905087300628e-01	7.213042959759619066e-02	2.000000000000000111e-01	1.199999999999999956e+00	5.735011227188949005e-03
2.670000000000000000e+02	4.970887394511443267e-04	1.963038839680913972e-01	1.818846682943533466e-01	2.000000000000000111e-01	1.199999999999999956e+00	3.672287770634695154e-03
2.680000000000000000e+02	3.085249499246999188e-03	3.996935827116798040e-02	6.267127052934555742e-01	2.000000000000000111e-01	1.199999999999999956e+00	1.445319787679738045e-02
2.690000000000000000e+02	-2.141888265218553928e-03	2.248594151792702445e-01	-1.689280467292331167e-02	2.000000000000000111e-01	1.199999999999999956e+00	3.512361547478497215e-02
2.700000000000000000e+02	7.820927411204893790e-04	2.035284399351949269e-01	1.538892493339383272e-01	2.000000000000000111e-01	1.199999999999999956e+00	4.904212611859584507e-03
2.710000000000000000e+02	1.682655341548559965e-04	3.510518141864249486e-01	-1.934915552390203963e-01	2.000000000000000111e-01	1.199999999999999956e+00	8.025501477427181979e-03
2.720000000000000000e+02	1.048819229319729318e-03	9.800995580654371653e-02	4.787444574215582449e-01	2.000000000000000111e-01	1.199999999999999956e+00	3.053733264812911064e-03
2.730000000000000000e+02	1.808711655960598729e-03	1.707037512348936192e-01	-7.032949844809666118e-02	2.000000000000000111e-01	1.199999999999999956e+00	2.162826112743492131e-03
2.740000000000000000e+02	1.804948656908471642e-03	1.643696294484775777e-01	2.392567871633048959e-01	2.000000000000000111e-01	1.199999999999999956e+00	6.743352063967666433e-03
2.750000000000000000e+02	2.347487341357794560e-03	1.313403182995624974e-01	1.043836147601879816e-01	2.000000000000000111e-01	1.199999999999999956e+00	2.289913093973657606e-03
2.760000000000000000e+02	2.675446732575208989e-03	6.147223072592260251e-02	5.581167888590323756e-01	2.000000000000000111e-01	1.199999999999999956e+00	5.904949048794366599e-03
2.770000000000000000e+02	9.794804487000226875e-04	2.138000333178719237e-01	1.160487075095857357e-01	2.000000000000000111e-01	1.199999999999999956e+00	3.465658282975832370e-03
2.780000000000000000e+02	5.888204880478279876e-03	2.935881229435049478e-01	-1.881799434668169901e-01	2.000000000000000111e-01	1.199999999999999956e+00	5.992934896370041668e-03
2.790000000000000000e+02	1.298927024907470685e-03	1.987459196005836870e-01	3.607691608825014384e-03	2.000000000000000111e-01	1.199999999999999956e+00	6.816379212044586765e-03
2.800000000000000000e+02	2.135506169827220552e-03	2.181766297781175534e-01	-1.116484671166846354e-01	2.000000000000000111e-01	1.199999999999999956e+00	3.623118175745886852e-03
2.810000000000000000e+02	-1.460316853558881421e-04	4.257480686680718551e-01	-5.588056652561803617e-01	2.000000000000000111e-01	1.199999999999999956e+00	6.379851028890140031e-03
2.820000000000000000e+02	3.378240556427445154e-03	1.467095069185926637e-01	2.291991732764979695e-01	2.000000000000000111e-01	1.199999999999999956e+00	8.237685379980548561e-03
2.830000000000000000e+02	-8.382729789617463650e-03	5.706089964228978628e-01	-6.349295539379840037e-01	2.000000000000000111e-01	1.199999999999999956e+00	5.964725234596022878e-03
2.840000000000000000e+02	8.173311747984548159e-04	8.675775604216397208e-02	6.288457734724102188e-01	2.000000000000000111e-01	1.199999999999999956e+00	2.049258431021368579e-02
2.850000000000000000e+02	1.832062529841454101e-03	3.463734681388477149e-02	5.963891095873151693e-01	2.000000000000000111e-01	1.199999999999999956e+00	2.904715134362097825e-03
2.860000000000000000e+02	4.522692718396894738e-04	9.818298136877341709e-02	5.401929357804484688e-01	2.000000000000000111e-01	1.199999999999999956e+00	7.024490483593279558e-03
2.870000000000000000e+02	1.039136762170999456e-03	2.555483374168673327e-01	-1.583215937837163523e-01	2.000000000000000111e-01	1.199999999999999956e+00	9.412626011683048952e-03
2.880000000000000000e+02	7.016054311424436887e-04	1.223726778507109175e-01	4.319937798037054577e-01	2.000000000000000111e-01	1.199999999999999956e+00	5.733984779965428311e-03
2.890000000000000000e+02	1.910425418282277622e-03	9.909101851719126497e-02	5.354301016177782646e-01	2.000000000000000111e-01	1.199999999999999956e+00	1.362838133230996791e-02
2.900000000000000000e+02	1.761928751562837417e-04	1.647449458105313680e-01	1.043968701800586096e-01	2.000000000000000111e-01	1.199999999999999956e+00	3.068319883814393106e-03
2.910000000000000000e+02	-9.129350477095405552e-04	3.645065504322691496e-01	-2.234637188150214726e-01	2.000000000000000111e-01	1.199999999999999956e+00	7.407415808621979798e-03
2.920000000000000000e+02	1.294931220422912161e-03	8.713987028172305582e-02	5.208877771859079520e-01	2.000000000000000111e-01	1.199999999999999956e+00	5.204250480164831182e-03
2.930000000000000000e+02	3.867283424914038856e-03	1.012165749242418950e-01	5.281961621952349084e-01	2.000000000000000111e-01	1.199999999999999956e+00	1.228126410027792666e-02
2.940000000000000000e+02	2.017319347335833329e-03	3.272443837416518647e-02	7.158360114283729425e-01	2.000000000000000111e-01	1.199999999999999956e+00	8.098948908951075776e-03
2.950000000000000000e+02	5.737713568593741695e-05	2.455707730168916192e-01	9.145246058837619429e-02	2.000000000000000111e-01	1.199999999999999956e+00	7.229746814826874812e-03
2.960000000000000000e+02	-8.502440942494305322e-06	2.053912065422594524e-01	1.323075850160266853e-01	2.000000000000000111e-01	1.199999999999999956e+00	6.291125951396738143e-03
2.970000000000000000e+02	-2.808430803866646640e-03	2.316604125057131203e-01	-2.763529435659304312e-01	2.000000000000000111e-01	1.199999999999999956e+00	1.316339608880975065e-01
2.980000000000000000e+02	4.679794621395491627e-03	2.269844524252172258e-01	-2.716034161961413673e-01	2.000000000000000111e-01	1.199999999999999956e+00	4.412135746538864770e-03
2.990000000000000000e+02	-1.299511820533507007e-02	5.981835586238488656e-01	-1.772091001174825209e+00	2.000000000000000111e-01	1.199999999999999956e+00	5.420463744004604123e-02
3.000000000000000000e+02	-4.170163730760961460e-04	1.803246183249662127e-01	1.010087730943340922e-01	2.000000000000000111e-01	1.199999999999999956e+00	5.761493325285917469e-03
3.010000000000000000e+02	2.504439622589365710e-03	1.293917291706717931e-01	3.744998665645020708e-01	2.000000000000000111e-01	1.199999999999999956e+00	4.338881466248112329e-03
3.020000000000000000e+02	4.915435764418558300e-04	2.355778931663678744e-01	1.623065426841816539e-01	2.000000000000000111e-01	1.199999999999999956e+00	3.325997552828724446e-03
3.030000000000000000e+02	8.696859314642439037e-06	1.956559368912968722e-01	1.897049221849531619e-01	2.000000000000000111e-01	1.199999999999999956e+00	5.614847735815844086e-03
3.040000000000000000e+02	-1.426798251010209318e-03	3.265232754952381855e-01	-1.296273794744955410e-01	2.000000000000000111e-01	1.199999999999999956e+00	9.471217610079749397e-03
3.050000000000000000e+02	1.687847353846138286e-03	1.256946803125248424e-01	3.554798660679892031e-01	2.000000000000000111e-01	1.199999999999999956e+00	8.535989727480687572e-03
3.060000000000000000e+02	-6.528953294389658150e-04	1.787013127313009653e-01	3.805956515308910326e-01	2.000000000000000111e-01	1.199999999999999956e+00	1.020703736834427909e-02
3.070000000000000000e+02	1.012698908254216004e-03	7.105217895269418105e-02	5.060178193881863518e-01	2.000000000000000111e-01	1.199999999999999956e+00	7.150852763177767586e-03
3.080000000000000000e+02	5.457325553001219102e-04	1.322615138638630339e-01	3.428085120148001153e-01	2.000000000000000111e-01	1.199999999999999956e+00	4.840078910793536339e-03
3.090000000000000000e+02	9.537144388202266126e-04	1.762531170778798006e-01	2.668833698535775234e-01	2.000000000000000111e-01	1.199999999999999956e+00	1.013285243278221233e-02
3.100000000000000000e+02	-9.193305601322959014e-04	2.562478786641476103e-01	-4.888520937637075292e-02	2.000000000000000111e-01	1.199999999999999956e+00	7.290785054736779493e-03
3.110000000000000000e+02	-9.367500928991892920e-04	3.365774129907411205e-01	-2.691738956851539299e-01	2.000000000000000111e-01	1.199999999999999956e+00	9.385725360932505382e-03
3.120000000000000000e+02	1.349724691185155614e-03	1.686285674162846804e-01	2.314519310118723361e-01	2.000000000000000111e-01	1.199999999999999956e+00	7.037468458041998276e-03
3.130000000000000000e+02	-1.635962117826756951e-03	3.035427847682869995e-01	2.776085810944106669e-02	2.000000000000000111e-01	1.199999999999999956e+00	8.506481141638749105e-03
3.140000000000000000e+02	4.726379122205625130e-03	5.307035579604953840e-02	5.480095468819705662e-01	2.000000000000000111e-01	1.199999999999999956e+00	9.746555274794677093e-03
3.150000000000000000e+02	4.125655619466057217e-04	2.581216525911693704e-01	-3.139947163326528567e-01	2.000000000000000111e-01	1.199999999999999956e+00	3.690887506163368931e-03
3.160000000000000000e+02	-6.848707908387255275e-04	4.307926753747225446e-01	-2.998404630927709036e-01	2.000000000000000111e-01	1.199999999999999956e+00	6.908768671180009167e-03
3.170000000000000000e+02	-8.000732549910745828e-04	1.894341838855461979e-01	1.674224923894396255e-01	2.000000000000000111e-01	1.199999999999999956e+00	5.733682398297738035e-03
3.180000000000000000e+02	3.059345674077651976e-03	1.221479875413562961e-02	8.614269907027856110e-01	2.000000000000000111e-01	1.199999999999999956e+00	3.734633792763764754e-02
3.190000000000000000e+02	-7.481696431694232798e-03	4.057014318096360816e-01	-3.232780345703059055e-01	2.000000000000000111e-01	1.199999999999999956e+00	6.019068696360883874e-02
3.200000000000000000e+02	1.672678596285839640e-03	1.150969856346557990e-01	3.918323508138494837e-01	2.000000000000000111e-01	1.199999999999999956e+00	5.010928509133806726e-03
3.210000000000000000e+02	3.535089471196089031e-03	2.047459204493543294e-01	-3.221098064453542520e-02	2.000000000000000111e-01	1.199999999999999956e+00	3.634465669458957805e-03
3.220000000000000000e+02	3.682917373685359961e-03	2.730467877440114766e-01	-4.360840825668774734e-01	2.000000000000000111e-01	1.199999999999999956e+00	3.057055893864662772e-03
3.230000000000000000e+02	2.516104971138305533e-03	7.383043974657875486e-02	5.843688020103587899e-01	2.000000000000000111e-01	1.199999999999999956e+00	7.011286083757452617e-03
3.240000000000000000e+02	2.148063080408791140e-03	1.102213671913701981e-01	4.545398068232988642e-01	2.000000000000000111e-01	1.199999999999999956e+00	5.423922204705932185e-03
3.250000000000000000e+02	-1.373615403849591261e-04	9.359889672824187046e-02	4.323978948937399203e-01	2.000000000000000111e-01	1.199999999999999956e+00	5.573326570049681912e-03
3.260000000000000000e+02	2.299345019451407013e-03	2.864629008627149753e-01	7.162679290587536940e-02	2.000000000000000111e-01	1.199999999999999956e+00	1.368388451805117867e-02
3.270000000000000000e+02	2.599653974110298013e-03	1.849429361196565369e-01	2.711603417676360372e-01	2.000000000000000111e-01	1.199999999999999956e+00	6.470777845776270673e-03
3.280000000000000000e+02	-1.045706028617014987e-03	2.452724067836231925e-01	2.313312100279265593e-01	2.000000000000000111e-01	1.199999999999999956e+00	1.206866287780615846e-02
3.290000000000000000e+02	1.944200150886042687e-03	1.016837434132082246e-01	4.246442146812297036e-01	2.000000000000000111e-01	1.199999999999999956e+00	2.881399818954404925e-03
3.300000000000000000e+02	9.983812270532956609e-04	7.056680676270714325e-02	5.589303853117799648e-01	2.000000000000000111e-01	1.199999999999999956e+00	3.218425562058169122e-03
3.310000000000000000e+02	2.216038254449883942e-03	8.148931187398197884e-02	5.752988938412142428e-01	2.000000000000000111e-01	1.199999999999999956e+00	7.959275464357918467e-03
3.320000000000000000e+02	1.389788427270525909e-03	1.415004501902406842e-01	3.805633094986586862e-01	2.000000000000000111e-01	1.199999999999999956e+00	5.241617506383334200e-03
3.330000000000000000e+02	-6.989519002332732179e-06	3.127665571936034117e-01	-1.357466487081926410e-01	2.000000000000000111e-01	1.199999999999999956e+00	4.785687533375473403e-03
3.340000000000000000e+02	1.565886335756740176e-03	1.578790947378385101e-01	2.035380731975102719e-01	2.000000000000000111e-01	1.199999999999999956e+00	4.359090453608096757e-03
3.350000000000000000e+02	2.401502929267921530e-03	6.303803165077141724e-02	5.630699834204355714e-01	2.000000000000000111e-01	1.199999999999999956e+00	3.923483611689058959e-03
3.360000000000000000e+02	1.353050572251595675e-03	9.242128487601768139e-02	4.567987065233194421e-01	2.000000000000000111e-01	1.199999999999999956e+00	4.319779440563656023e-03
3.370000000000000000e+02	8.751018052493670599e-04	9.218744974671376491e-02	4.552458877420266781e-01	2.000000000000000111e-01	1.199999999999999956e+00	7.241399423263768578e-03
3.380000000000000000e+02	-4.186674289085022559e-04	1.640895176514253762e-01	4.018851687291569164e-01	2.000000000000000111e-01	1.199999999999999956e+00	6.417485568546803069e-03
3.390000000000000000e+02	4.154850476241466264e-03	1.180959717855642466e-01	1.398485145253574036e-01	2.000000000000000111e-01	1.199999999999999956e+00	1.716708300792399791e-02
3.400000000000000000e+02	3.096381954179890745e-04	3.096956671054496568e-01	-3.194515901457282148e-01	2.000000000000000111e-01	1.199999999999999956e+00	3.101039112567199364e-03
3.410000000000000000e+02	-7.683493119355424856e-04	1.983327516587620742e-01	1.111780298985607374e-01	2.000000000000000111e-01	1.199999999999999956e+00	6.081931977865379438e-03
3.420000000000000000e+02	-1.067313339183955951e-03	3.366507442984719711e-01	-1.778716641742486004e-01	2.000000000000000111e-01	1.199999999999999956e+00	8.835015685267988070e-03
3.430000000000000000e+02	-5.424654717547544927e-03	3.596166259550895861e-01	-8.767701127193152644e-01	2.000000000000000111e-01	1.199999999999999956e+00	4.105448568519288327e-02
3.440000000000000000e+02	2.034892434446612750e-03	1.247272124695956996e-01	3.688255199195400458e-01	2.000000000000000111e-01	1.199999999999999956e+00	7.212898315001800391e-03
3.450000000000000000e+02	7.266005477211064144e-04	1.026149227939237574e-01	4.166994082218682394e-01	2.000000000000000111e-01	1.199999999999999956e+00	3.452797032643481739e-03
3.460000000000000000e+02	-3.512393021127497694e-03	3.220615856485373185e-01	4.762243522179421262e-02	2.000000000000000111e-01	1.199999999999999956e+00	1.020818896127597027e-02
3.470000000000000000e+02	4.696452250689337610e-03	1.318707345092987315e-01	3.471661062113433616e-01	2.000000000000000111e-01	1.199999999999999956e+00	4.400762867502161155e-03
3.480000000000000000e+02	3.985501946342688909e-03	1.975428334417980714e-01	1.692159456695279118e-01	2.000000000000000111e-01	1.199999999999999956e+00	4.803220952698998222e-03
3.490000000000000000e+02	5.658360206463924815e-04	1.910426102994419728e-01	1.677364734042963157e-01	2.000000000000000111e-01	1.199999999999999956e+00	4.627228524933849584e-03
3.500000000000000000e+02	-5.100375096429347888e-03	4.015141331844701011e-01	-2.829575271746200826e-01	2.000000000000000111e-01	1.199999999999999956e+00	3.699475434338330739e-03
3.510000000000000000e+02	-5.967437773502033607e-04	2.391948934409572070e-01	-1.955037425090537795e-01	2.000000000000000111e-01	1.199999999999999956e+00	4.959953310653348983e-03
3.520000000000000000e+02	4.092798082483519936e-03	1.418044226132000318e-01	3.961511570743201371e-01	2.000000000000000111e-01	1.199999999999999956e+00	1.715813206073080318e-03
3.530000000000000000e+02	-8.769918625628777111e-04	1.887355603602142440e-01	1.944396421081409088e-01	2.000000000000000111e-01	1.199999999999999956e+00	1.100285081946685006e-02
3.540000000000000000e+02	2.557953802937589644e-03	1.824106766509232536e-01	8.893141041319196916e-02	2.000000000000000111e-01	1.199999999999999956e+00	4.668577661380771474e-03
3.550000000000000000e+02	-1.985601127309959916e-03	3.025488410195549260e-01	1.363483094392652362e-01	2.000000000000000111e-01	1.199999999999999956e+00	7.418327361500514153e-03
3.560000000000000000e+02	7.174416847953171358e-05	1.484114518029286678e-01	3.779411522798024059e-01	2.000000000000000111e-01	1.199999999999999956e+00	6.525847443984022708e-03
3.570000000000000000e+02	8.548163904537941843e-04	1.793931622980914908e-01	1.041141382927879278e-01	2.000000000000000111e-01	1.199999999999999956e+00	4.473782984433724574e-03
3.580000000000000000e+02	1.935573509852674785e-04	1.741837890174531556e-01	1.067523730544155391e-01	2.000000000000000111e-01	1.199999999999999956e+00	2.696865563890783139e-03
3.590000000000000000e+02	-8.264865699326338303e-04	2.410930510223213141e-01	1.705305817648739009e-01	2.000000000000000111e-01	1.199999999999999956e+00	1.199406268564527298e-02
3.600000000000000000e+02	2.849117481341412769e-04	1.839984012037740591e-01	2.669028971774878300e-01	2.000000000000000111e-01	1.199999999999999956e+00	7.697563932141078882e-03
3.610000000000000000e+02	1.305616346502540531e-03	9.290126991610905827e-02	4.058353920624688804e-01	2.000000000000000111e-01	1.199999999999999956e+00	4.233417072867474810e-03
3.620000000000000000e+02	1.672491068598510461e-03	1.623545198614574914e-01	1.248023936895519270e-01	2.000000000000000111e-01	1.199999999999999956e+00	2.461385363908366510e-03
3.630000000000000000e+02	-7.239588489305796111e-04	2.136826554349980367e-01	-1.197144751646641581e-01	2.000000000000000111e-01	1.199999999999999956e+00	7.315470834747194243e-03
3.640000000000000000e+02	-2.643953715856014325e-03	2.887174924227756123e-01	1.003020737014317376e-01	2.000000000000000111e-01	1.199999999999999956e+00	1.130426251109049526e-02
3.650000000000000000e+02	2.081808063233442450e-03	5.832916679069000132e-02	5.437579009638313643e-01	2.000000000000000111e-01	1.199999999999999956e+00	7.067423271316410939e-03
3.660000000000000000e+02	3.511949843919735738e-04	2.133507905983543784e-01	-1.641796705868876494e-01	2.000000000000000111e-01	1.199999999999999956e+00	2.769039051483333271e-03
3.670000000000000000e+02	3.085573058242860279e-04	1.701653573314151346e-01	2.268620735721089687e-01	2.000000000000000111e-01	1.199999999999999956e+00	6.177364082289625927e-03
3.680000000000000000e+02	-4.496144440132588673e-04	1.124764185692504470e-01	2.133536167864891198e-01	2.000000000000000111e-01	1.199999999999999956e+00	5.031860040804207040e-02
3.690000000000000000e+02	1.923445226563394971e-03	8.552115514920635708e-02	5.005400031783961978e-01	2.000000000000000111e-01	1.199999999999999956e+00	1.003615535450719069e-02
3.700000000000000000e+02	5.321319276495021025e-03	1.863479667899471393e-01	-4.987685514368500606e-02	2.000000000000000111e-01	1.199999999999999956e+00	9.614100694312375378e-03
3.710000000000000000e+02	-4.499188947569632453e-03	3.343669357583562984e-01	-9.762914625401144519e-01	2.000000000000000111e-01	1.199999999999999956e+00	3.369749626299130274e-02
3.720000000000000000e+02	-8.267226232713114102e-04	2.473974927841397498e-01	1.214075744332268059e-01	2.000000000000000111e-01	1.199999999999999956e+00	3.270218799936098347e-03
3.730000000000000000e+02	9.604784339819164452e-04	1.120673580901700994e-01	4.081610947704432668e-01	2.000000000000000111e-01	1.199999999999999956e+00	4.390351652099562518e-03
3.740000000000000000e+02	6.848785283367072674e-04	2.181840512459949366e-01	4.794215255684175503e-02	2.000000000000000111e-01	1.199999999999999956e+00	4.223199784904192386e-03
3.750000000000000000e+02	-5.247553993016909005e-04	1.671791929642867658e-01	7.069159390752055572e-02	2.000000000000000111e-01	1.199999999999999956e+00	4.085450736816103809e-03
3.760000000000000000e+02	-8.063568413937011745e-04	1.657223544694320094e-01	4.565374931894581323e-01	2.000000000000000111e-01	1.199999999999999956e+00	1.640327071064974843e-02
3.770000000000000000e+02	1.581903565242493174e-03	7.161890819984405299e-02	5.625819111153029795e-01	2.000000000000000111e-01	1.199999999999999956e+00	5.279514522516482247e-03
3.780000000000000000e+02	7.413076347336945010e-04	7.488858039875148642e-02	5.413742573714706019e-01	2.000000000000000111e-01	1.199999999999999956e+00	4.071496959507246195e-03
3.790000000000000000e+02	-1.056441324819405725e-03	1.722666987896091240e-01	-3.652777725032230194e-02	2.000000000000000111e-01	1.199999999999999956e+00	4.248623120623454957e-02
3.800000000000000000e+02	1.170799484251803298e-03	2.705355847079495835e-01	7.263688344727459167e-02	2.000000000000000111e-01	1.199999999999999956e+00	7.322975565697998658e-03
3.810000000000000000e+02	2.797998448033191168e-03	1.215918563232670641e-01	4.205661405613931869e-01	2.000000000000000111e-01	1.199999999999999956e+00	1.635230152207978876e-02
3.820000000000000000e+02	2.002995236348730120e-04	1.040486190237416286e-01	6.442080760186996713e-01	2.000000000000000111e-01	1.199999999999999956e+00	1.089642384876686292e-02
3.830000000000000000e+02	1.219641303915419348e-03	1.564760767040717093e-01	2.200125816329996375e-01	2.000000000000000111e-01	1.199999999999999956e+00	3.364069334420623485e-03
