0.000000000000000000e+00	1.853406453695060187e-03	6.906348451343452544e-02	5.965191606908699651e-01	2.000000000000000111e-01	1.199999999999999956e+00	6.317969103590194251e-03
1.000000000000000000e+00	-1.116038569488974480e-02	5.792181084019671911e-01	-9.031985014029206837e-01	2.000000000000000111e-01	1.199999999999999956e+00	3.590838408451547167e-03
2.000000000000000000e+00	-6.871500547970235597e-04	2.396409752304262120e-01	3.186175092827614463e-02	2.000000000000000111e-01	1.199999999999999956e+00	6.039124831668533401e-03
3.000000000000000000e+00	-6.147764856238106248e-04	2.035497610332746843e-01	3.929657234436056967e-02	2.000000000000000111e-01	1.199999999999999956e+00	2.538032955133125330e-03
4.000000000000000000e+00	4.157917532690838178e-04	1.815756292160499441e-01	8.053608900347564159e-02	2.000000000000000111e-01	1.199999999999999956e+00	3.257777929520651317e-03
5.000000000000000000e+00	-3.890676818478151083e-02	1.104968761178657832e+00	-2.825994929713235848e+00	2.000000000000000111e-01	1.199999999999999956e+00	5.475612714551658655e-03
6.000000000000000000e+00	-4.989984195893305743e-04	2.179824057277610083e-01	-5.261186530696360109e-02	2.000000000000000111e-01	1.199999999999999956e+00	1.961278136754650465e-03
7.000000000000000000e+00	-1.840207909644305147e-03	2.606415065887586202e-01	1.730891559350435926e-01	2.000000000000000111e-01	1.199999999999999956e+00	5.024934130348581753e-03
8.000000000000000000e+00	1.442805709313010583e-03	1.785448915452149121e-01	3.407431497170181345e-01	2.000000000000000111e-01	1.199999999999999956e+00	9.639404783901187740e-03
9.000000000000000000e+00	3.968078183042795864e-04	1.439690359305268175e-01	3.111475451668557213e-01	2.000000000000000111e-01	1.199999999999999956e+00	4.611047411287107732e-03
1.000000000000000000e+01	4.816262204463912571e-04	3.544426345720401161e-01	-2.638176513852785732e-01	2.000000000000000111e-01	1.199999999999999956e+00	8.511928081979133753e-03
1.100000000000000000e+01	-1.030549577560347166e-02	5.586901799865074958e-01	-6.514475489230369121e-01	2.000000000000000111e-01	1.199999999999999956e+00	8.874566512417495986e-03
1.200000000000000000e+01	-6.342770901950856195e-03	6.315073903692908219e-01	-1.096628906772743051e+00	2.000000000000000111e-01	1.199999999999999956e+00	4.321733169723100502e-03
1.300000000000000000e+01	1.018637148143388804e-03	1.680703123125568688e-01	2.519703187346578055e-01	2.000000000000000111e-01	1.199999999999999956e+00	3.015552053843178950e-03
1.400000000000000000e+01	4.275875984093779718e-03	2.261319550991658101e-01	7.288084899883084944e-03	2.000000000000000111e-01	1.199999999999999956e+00	2.756108438970891923e-03
1.500000000000000000e+01	-4.933477257570224178e-03	4.235452412426389812e-01	-3.285352386494126975e-01	2.000000000000000111e-01	1.199999999999999956e+00	4.717426163009122951e-03
1.600000000000000000e+01	-4.481039190420975891e-03	3.850611621019601749e-01	-6.282961664920740930e-01	2.000000000000000111e-01	1.199999999999999956e+00	7.205728737427405384e-03
1.700000000000000000e+01	-1.051120779261961822e-03	3.600559324931341676e-01	-2.550339282164628685e-01	2.000000000000000111e-01	1.199999999999999956e+00	5.455206329313511994e-03
1.800000000000000000e+01	-1.922508151836872098e-02	8.725325651145613426e-01	-1.375291149842793104e+00	2.000000000000000111e-01	1.199999999999999956e+00	4.038833717330729024e-03
1.900000000000000000e+01	-2.728743685117988654e-04	1.967953439894114254e-01	3.803559446844788638e-01	2.000000000000000111e-01	1.199999999999999956e+00	4.011731178040876811e-02
2.000000000000000000e+01	2.171051228017662274e-03	1.408699696759077580e-01	3.931103102507025326e-01	2.000000000000000111e-01	1.199999999999999956e+00	1.438293532563092447e-02
2.100000000000000000e+01	3.135617232580680241e-03	1.681484179541673507e-01	1.176957855744853454e-01	2.000000000000000111e-01	1.199999999999999956e+00	1.680366921218028487e-03
2.200000000000000000e+01	1.059510142452307381e-03	1.858873982630648847e-01	3.234643018936447234e-01	2.000000000000000111e-01	1.199999999999999956e+00	7.378558890495208293e-03
2.300000000000000000e+01	6.893329573953006989e-04	1.044788212584559228e-01	4.288854958968748576e-01	2.000000000000000111e-01	1.199999999999999956e+00	1.877116440842804389e-03
2.400000000000000000e+01	-4.807016755142612180e-04	2.897335791000253402e-01	-2.636170773373436305e-01	2.000000000000000111e-01	1.199999999999999956e+00	3.607812347944388317e-03
2.500000000000000000e+01	-6.933158462914209598e-03	4.494496440995096598e-01	-3.146426750040802744e-01	2.000000000000000111e-01	1.199999999999999956e+00	8.902396414695642329e-03
2.600000000000000000e+01	1.722392152986871759e-03	1.575875959325106213e-01	3.484551101245760840e-01	2.000000000000000111e-01	1.199999999999999956e+00	8.531176189429423226e-03
2.700000000000000000e+01	-6.603660972600149419e-04	3.153394620753623423e-01	-1.464394176348120524e-01	2.000000000000000111e-01	1.199999999999999956e+00	1.099832782392253308e-02
2.800000000000000000e+01	1.684042206241278573e-03	1.006265427119305694e-01	3.464160142494554506e-01	2.000000000000000111e-01	1.199999999999999956e+00	9.640607395173065100e-03
2.900000000000000000e+01	-1.624381766892753123e-03	2.891418451440002646e-01	1.041266775881766193e-01	2.000000000000000111e-01	1.199999999999999956e+00	4.721759582871637960e-03
3.000000000000000000e+01	-2.721864608985415102e-03	3.160700850665466577e-01	4.342105843923782516e-02	2.000000000000000111e-01	1.199999999999999956e+00	5.336503376582808593e-03
3.100000000000000000e+01	-2.959980876026928592e-03	2.903554066698610936e-01	1.574818236900199508e-02	2.000000000000000111e-01	1.199999999999999956e+00	5.002948717877664549e-03
3.200000000000000000e+01	1.406710956208800543e-03	1.205758244536255935e-01	3.632863775721411059e-01	2.000000000000000111e-01	1.199999999999999956e+00	3.459579643460333146e-03
3.300000000000000000e+01	-4.937236349511309012e-03	4.149948348517362162e-01	-1.839347583644670436e-01	2.000000000000000111e-01	1.199999999999999956e+00	8.822152568591357796e-03
3.400000000000000000e+01	-1.855747160870544355e-03	4.527628689057728861e-01	-4.784409889898615376e-01	2.000000000000000111e-01	1.199999999999999956e+00	1.233195751408286411e-02
3.500000000000000000e+01	-4.333510174894254947e-03	5.650985968184226715e-01	-4.632896654394089708e-01	2.000000000000000111e-01	1.199999999999999956e+00	6.593537467006832520e-03
3.600000000000000000e+01	1.016129502006986709e-03	7.830544172542035219e-02	5.077885693238122222e-01	2.000000000000000111e-01	1.199999999999999956e+00	4.530665132552658646e-03
3.700000000000000000e+01	-2.425297090580768884e-03	3.508707921882073810e-01	-3.421379991572663926e-01	2.000000000000000111e-01	1.199999999999999956e+00	3.181150001432292863e-03
3.800000000000000000e+01	-4.784297734706676429e-03	4.711115072235583789e-01	-4.367708669303622671e-01	2.000000000000000111e-01	1.199999999999999956e+00	4.560624960547757754e-03
3.900000000000000000e+01	-1.727586510309977791e-03	3.313008293827373607e-01	-1.529420589957997123e-01	2.000000000000000111e-01	1.199999999999999956e+00	4.933814280461753556e-03
4.000000000000000000e+01	1.054145333184525798e-03	2.663828976231249479e-01	1.529844251597389793e-01	2.000000000000000111e-01	1.199999999999999956e+00	1.170649929098591460e-02
4.100000000000000000e+01	-2.584480904880915968e-03	3.255333170212081906e-01	-3.093401290563324579e-02	2.000000000000000111e-01	1.199999999999999956e+00	7.552573562438971190e-03
4.200000000000000000e+01	9.493962315086283774e-04	9.429853263972939881e-02	4.267123687019940270e-01	2.000000000000000111e-01	1.199999999999999956e+00	2.527936453354904123e-03
4.300000000000000000e+01	-5.524831732662560408e-04	2.350355983602275822e-01	-5.408276592959193607e-02	2.000000000000000111e-01	1.199999999999999956e+00	3.585167125530173277e-03
4.400000000000000000e+01	1.593386292698629027e-03	1.531786716100366763e-01	4.302552163054924605e-01	2.000000000000000111e-01	1.199999999999999956e+00	1.016601362742561646e-02
4.500000000000000000e+01	-1.162017845131621801e-03	1.930573168178421062e-01	2.394667685057267903e-01	2.000000000000000111e-01	1.199999999999999956e+00	6.216701043551693326e-03
4.600000000000000000e+01	3.105596528496794902e-03	3.602754369614718510e-01	-7.544204940487646560e-01	2.000000000000000111e-01	1.199999999999999956e+00	3.171866242837842464e-03
4.700000000000000000e+01	-1.082432775086218874e-03	3.122964978927828539e-01	-4.129819790949351699e-02	2.000000000000000111e-01	1.199999999999999956e+00	4.165246331532200183e-03
4.800000000000000000e+01	1.496210403169081875e-03	1.311675779980874257e-01	3.565907674888957324e-01	2.000000000000000111e-01	1.199999999999999956e+00	4.231201628696937798e-03
4.900000000000000000e+01	-2.205866973131953828e-03	4.247418741993018165e-01	-4.243066303564946296e-01	2.000000000000000111e-01	1.199999999999999956e+00	5.989531299630393608e-03
5.000000000000000000e+01	-4.271741085349643817e-04	2.423168849385932966e-01	1.158062310659779826e-01	2.000000000000000111e-01	1.199999999999999956e+00	1.233178650846218118e-02
5.100000000000000000e+01	-9.916871496413981815e-03	4.937183078511548917e-01	-2.047916063942718523e-01	2.000000000000000111e-01	1.199999999999999956e+00	1.522904185563049226e-02
5.200000000000000000e+01	1.276529670478366608e-03	1.502588976474681925e-01	4.184909396499572054e-01	2.000000000000000111e-01	1.199999999999999956e+00	6.855911267754152306e-03
5.300000000000000000e+01	-1.356892842316894082e-04	1.677976772671733730e-01	2.273404130663458922e-01	2.000000000000000111e-01	1.199999999999999956e+00	4.604518763957456476e-03
5.400000000000000000e+01	-1.823457930731530374e-03	2.735246858013594129e-01	-1.758660929476718593e-02	2.000000000000000111e-01	1.199999999999999956e+00	5.214421880042110699e-03
5.500000000000000000e+01	1.210799033607454396e-02	2.572339931289226445e-01	-2.030928922379220403e-01	2.000000000000000111e-01	1.199999999999999956e+00	6.349213032748152533e-03
5.600000000000000000e+01	-2.308155240756454285e-02	9.488344718190252491e-01	-1.460402792180164333e+00	2.000000000000000111e-01	1.199999999999999956e+00	5.993757382728010473e-03
5.700000000000000000e+01	1.714896846872938571e-03	1.354411249080998136e-01	2.651177418357879567e-01	2.000000000000000111e-01	1.199999999999999956e+00	3.543834448864251804e-03
5.800000000000000000e+01	1.957938581031791903e-03	1.236937485079913357e-01	4.265220183006990240e-01	2.000000000000000111e-01	1.199999999999999956e+00	5.070104963946856988e-03
5.900000000000000000e+01	2.378171749723703363e-04	2.931331303202132088e-01	-2.768837753210231512e-01	2.000000000000000111e-01	1.199999999999999956e+00	2.923271573619368440e-03
6.000000000000000000e+01	-2.031240823574437075e-03	2.768824578747396958e-01	1.840541191744771155e-01	2.000000000000000111e-01	1.199999999999999956e+00	4.163966328060793656e-03
6.100000000000000000e+01	4.591308224998187290e-03	4.021373005081301799e-01	-3.902650027010148293e-01	2.000000000000000111e-01	1.199999999999999956e+00	1.643204161791661858e-02
6.200000000000000000e+01	-1.228014681016564467e-03	2.065750354288749535e-01	3.711666877803789788e-01	2.000000000000000111e-01	1.199999999999999956e+00	9.701487406551457388e-03
6.300000000000000000e+01	1.040728943871250568e-03	1.221852261726830424e-01	4.543587354687530500e-01	2.000000000000000111e-01	1.199999999999999956e+00	5.804173886460374868e-03
6.400000000000000000e+01	-4.882983784697218256e-03	5.446800892180650999e-01	-5.320710380363440350e-01	2.000000000000000111e-01	1.199999999999999956e+00	9.102871046957368775e-03
6.500000000000000000e+01	2.011661154126302958e-03	1.577778455549459502e-01	2.302517476268799435e-01	2.000000000000000111e-01	1.199999999999999956e+00	8.037420354914531773e-03
6.600000000000000000e+01	-4.244132267804639862e-04	1.626155722377558288e-01	3.763075178226107376e-01	2.000000000000000111e-01	1.199999999999999956e+00	8.691281345784873311e-03
6.700000000000000000e+01	-2.915944232851608829e-03	3.346708710931415864e-01	-1.506297921366215320e-01	2.000000000000000111e-01	1.199999999999999956e+00	7.332175557863050697e-03
6.800000000000000000e+01	-2.956126690921682607e-02	1.092236304520196377e+00	-2.175438113563687992e+00	2.000000000000000111e-01	1.199999999999999956e+00	1.429875136097842614e-02
6.900000000000000000e+01	1.078115968178858849e-03	1.795292799470930289e-01	3.420594637937273141e-01	2.000000000000000111e-01	1.199999999999999956e+00	9.162012781663401301e-03
7.000000000000000000e+01	-1.489371611789471047e-03	2.504459016542298633e-01	1.238029508781766097e-01	2.000000000000000111e-01	1.199999999999999956e+00	7.823268058729612728e-03
7.100000000000000000e+01	1.292882040211077062e-03	8.682772980434703969e-02	4.686801355142662384e-01	2.000000000000000111e-01	1.199999999999999956e+00	4.059427149621445442e-03
7.200000000000000000e+01	-5.094729983907125143e-03	3.604263474564873282e-01	-9.436260923688788438e-02	2.000000000000000111e-01	1.199999999999999956e+00	5.344351697705035029e-03
7.300000000000000000e+01	-1.855292090392926876e-02	7.814057824614589753e-01	-9.366485482084092595e-01	2.000000000000000111e-01	1.199999999999999956e+00	8.164611476321652697e-03
7.400000000000000000e+01	6.060267255454097370e-04	1.178374193159503341e-01	5.172731878051783916e-01	2.000000000000000111e-01	1.199999999999999956e+00	9.772257756034049073e-03
7.500000000000000000e+01	1.014998060486140214e-03	2.191934880385039697e-01	-6.592447077844321157e-02	2.000000000000000111e-01	1.199999999999999956e+00	3.709056677942867714e-03
7.600000000000000000e+01	6.903985410393648388e-04	1.156933799619383058e-01	4.739346960988775059e-01	2.000000000000000111e-01	1.199999999999999956e+00	7.103121238927745211e-03
7.700000000000000000e+01	1.501005602371750704e-03	7.052915836171615160e-02	6.976634923512272657e-01	2.000000000000000111e-01	1.199999999999999956e+00	2.300563231855810506e-02
7.800000000000000000e+01	8.674391049165361064e-03	5.494285178199498354e-01	-1.032552738129436154e+00	2.000000000000000111e-01	1.199999999999999956e+00	4.068394021417540835e-03
7.900000000000000000e+01	-1.602768491419186451e-03	2.644511412327464894e-01	1.369352300468253958e-01	2.000000000000000111e-01	1.199999999999999956e+00	8.566514767329969429e-03
8.000000000000000000e+01	-1.806882480461479952e-03	2.881641433756600978e-01	3.083931579664866973e-02	2.000000000000000111e-01	1.199999999999999956e+00	6.936789265591748743e-03
8.100000000000000000e+01	-8.517125105006579343e-04	1.616582337053456553e-01	5.121757013620511501e-01	2.000000000000000111e-01	1.199999999999999956e+00	8.988049247633255606e-03
8.200000000000000000e+01	9.141578752834133171e-04	1.668444417417085934e-01	3.460162893247535898e-01	2.000000000000000111e-01	1.199999999999999956e+00	8.615400927598489828e-03
8.300000000000000000e+01	-1.218474562964931606e-03	2.480514085627981424e-01	7.641259765718189101e-02	2.000000000000000111e-01	1.199999999999999956e+00	8.030550537649344331e-03
8.400000000000000000e+01	-1.205834495780729043e-02	5.642603947659090569e-01	-6.380629785079552363e-01	2.000000000000000111e-01	1.199999999999999956e+00	5.407345235849916887e-03
8.500000000000000000e+01	1.285312162942068084e-04	1.597311759348274962e-01	3.637626881278359647e-01	2.000000000000000111e-01	1.199999999999999956e+00	4.837363355295603608e-03
8.600000000000000000e+01	-9.526666643412562852e-04	2.751616253139167467e-01	-4.008882534403035436e-02	2.000000000000000111e-01	1.199999999999999956e+00	1.749342230806953929e-03
8.700000000000000000e+01	-6.939866238727680683e-04	2.577925694340216789e-01	1.533989291444100012e-01	2.000000000000000111e-01	1.199999999999999956e+00	9.973619703832497033e-03
8.800000000000000000e+01	3.383201636577878261e-03	1.163785348531777841e-01	3.941486921873311733e-01	2.000000000000000111e-01	1.199999999999999956e+00	1.365367051782358405e-02
8.900000000000000000e+01	-6.537005738914445719e-04	2.198744109030402738e-01	2.126859627708395095e-01	2.000000000000000111e-01	1.199999999999999956e+00	2.311418962374496480e-03
9.000000000000000000e+01	-8.948815497085800194e-04	2.002712821568652657e-01	3.070598130624411226e-01	2.000000000000000111e-01	1.199999999999999956e+00	8.191380932437554094e-03
9.100000000000000000e+01	6.852648932581349196e-03	2.060388850887457934e-01	8.806976285533307802e-02	2.000000000000000111e-01	1.199999999999999956e+00	6.199452281403085123e-03
9.200000000000000000e+01	5.126748826987857733e-04	1.845891991464022885e-01	2.211311970570122298e-01	2.000000000000000111e-01	1.199999999999999956e+00	3.487140742994481162e-03
9.300000000000000000e+01	-6.052108706565700750e-04	1.879611856105187495e-01	3.941161674068278664e-01	2.000000000000000111e-01	1.199999999999999956e+00	8.048571138610167638e-03
9.400000000000000000e+01	-1.132532208743037942e-03	2.239093230878561880e-01	1.819323777703889533e-01	2.000000000000000111e-01	1.199999999999999956e+00	1.019374952303640953e-02
9.500000000000000000e+01	-1.349960486095772710e-02	6.290393965287806033e-01	-7.435578061716663356e-01	2.000000000000000111e-01	1.199999999999999956e+00	9.005872069318699921e-03
9.600000000000000000e+01	3.128999598048860364e-03	2.086168059129474839e-01	-1.208118001675946296e-01	2.000000000000000111e-01	1.199999999999999956e+00	6.666875799455161851e-03
9.700000000000000000e+01	-7.255407105817663835e-03	4.964931370704078750e-01	-4.336215224053718842e-01	2.000000000000000111e-01	1.199999999999999956e+00	1.046693837104834858e-02
9.800000000000000000e+01	-1.771059164631834729e-02	6.769170381854799912e-01	-4.523182841914126229e-01	2.000000000000000111e-01	1.199999999999999956e+00	1.292629371588628791e-02
9.900000000000000000e+01	-1.672405498256895537e-02	9.075673118281498697e-01	-1.887749235802188785e+00	2.000000000000000111e-01	1.199999999999999956e+00	4.488206583606326253e-03
1.000000000000000000e+02	-1.558243435088360043e-03	2.619812077795812821e-01	1.959651448208790114e-01	2.000000000000000111e-01	1.199999999999999956e+00	7.113719969480280896e-03
1.010000000000000000e+02	-6.749315652666242754e-03	4.709774049237442362e-01	-3.601006492717164775e-01	2.000000000000000111e-01	1.199999999999999956e+00	6.362999876211633890e-03
1.020000000000000000e+02	-2.494576971845210989e-02	1.065474894809108397e+00	-2.062694679386430252e+00	2.000000000000000111e-01	1.199999999999999956e+00	1.093336140562857321e-02
1.030000000000000000e+02	2.407410826775020155e-04	2.216165998317043417e-01	2.495288251347780317e-01	2.000000000000000111e-01	1.199999999999999956e+00	2.720850776894799278e-03
1.040000000000000000e+02	-7.801717125903571970e-03	4.470633333553593602e-01	-2.331860640922656103e-01	2.000000000000000111e-01	1.199999999999999956e+00	1.069061817234886157e-02
1.050000000000000000e+02	9.251343199206594993e-04	2.211845187112387867e-01	2.387182837085282117e-01	2.000000000000000111e-01	1.199999999999999956e+00	6.860873182107496589e-03
1.060000000000000000e+02	1.159591212846009314e-02	1.917406372508795587e-01	1.250240574898726642e-01	2.000000000000000111e-01	1.199999999999999956e+00	5.460709857221517950e-03
1.070000000000000000e+02	-2.187975128720165766e-02	8.562821269999271179e-01	-1.648291401263844769e+00	2.000000000000000111e-01	1.199999999999999956e+00	5.967710058917657413e-03
1.080000000000000000e+02	-4.071741216297172089e-02	1.465087742103536206e+00	-3.250559529688169746e+00	2.000000000000000111e-01	1.199999999999999956e+00	8.601214263052535738e-03
1.090000000000000000e+02	-5.383087077885944814e-04	2.364916949250470968e-01	5.151744693720239354e-02	2.000000000000000111e-01	1.199999999999999956e+00	6.347305147577753104e-03
1.100000000000000000e+02	6.544706181669396067e-04	8.809691172761403843e-02	5.137646246173428466e-01	2.000000000000000111e-01	1.199999999999999956e+00	5.867220448228765116e-03
1.110000000000000000e+02	-6.962536942833223892e-03	4.996620587693385018e-01	-5.122023840746257051e-01	2.000000000000000111e-01	1.199999999999999956e+00	1.129159100183081514e-02
1.120000000000000000e+02	-4.561307906730791700e-03	3.505497666546890101e-01	-1.953650784761480352e-01	2.000000000000000111e-01	1.199999999999999956e+00	7.862838235067151973e-03
1.130000000000000000e+02	-3.186207240016971937e-03	3.298809831642058321e-01	-1.074417542458592223e-01	2.000000000000000111e-01	1.199999999999999956e+00	4.347513788051489414e-03
1.140000000000000000e+02	-3.972227948371817759e-03	2.860862201329861798e-01	-4.024921508625123323e-01	2.000000000000000111e-01	1.199999999999999956e+00	5.066528680291006170e-02
1.150000000000000000e+02	-7.336556469552038030e-03	4.202120260431758680e-01	-8.766813769477330709e-01	2.000000000000000111e-01	1.199999999999999956e+00	2.054830338069384491e-02
1.160000000000000000e+02	3.356427309194543384e-04	1.902268179104383561e-01	2.488124139620668807e-01	2.000000000000000111e-01	1.199999999999999956e+00	5.386274327074748285e-03
1.170000000000000000e+02	-4.493173660884056293e-03	3.513375855062368380e-01	-3.553191636951158472e-02	2.000000000000000111e-01	1.199999999999999956e+00	2.805497937799328323e-03
1.180000000000000000e+02	2.493674343795299064e-03	1.867937232692868932e-01	2.680842454211185277e-01	2.000000000000000111e-01	1.199999999999999956e+00	8.762485091078535751e-03
1.190000000000000000e+02	6.449740617137579189e-05	1.890180219328584654e-01	3.078118922696346793e-01	2.000000000000000111e-01	1.199999999999999956e+00	5.203435445886674116e-03
1.200000000000000000e+02	-8.684456144055652943e-04	2.579212953875709702e-01	5.116554689899910358e-02	2.000000000000000111e-01	1.199999999999999956e+00	1.255703727190559879e-02
1.210000000000000000e+02	-5.762085255702546933e-03	5.015507275093572526e-01	-4.802295123741791016e-01	2.000000000000000111e-01	1.199999999999999956e+00	5.707278460136673212e-03
1.220000000000000000e+02	-2.417519061398482137e-03	3.762524133944220028e-01	-2.560934001539854066e-01	2.000000000000000111e-01	1.199999999999999956e+00	9.685945307153123740e-03
1.230000000000000000e+02	-4.492154795733343197e-04	4.759526727988279693e-01	-9.405345146751002972e-01	2.000000000000000111e-01	1.199999999999999956e+00	4.479884495565801886e-03
1.240000000000000000e+02	2.871000454980895261e-03	5.463659791005354843e-02	5.858550450022182998e-01	2.000000000000000111e-01	1.199999999999999956e+00	5.172988183212131122e-03
1.250000000000000000e+02	9.603200882175406614e-04	3.150462990603866142e-01	-4.589152529036977235e-01	2.000000000000000111e-01	1.199999999999999956e+00	1.945996191591121407e-03
1.260000000000000000e+02	1.675318683969330034e-03	1.674955622420888357e-01	2.473367476726813230e-01	2.000000000000000111e-01	1.199999999999999956e+00	3.829451000461509078e-03
1.270000000000000000e+02	-9.688316907998228023e-04	2.505985545748938281e-01	3.070348475422082224e-01	2.000000000000000111e-01	1.199999999999999956e+00	1.035366966382928085e-02
1.280000000000000000e+02	7.284177052018112010e-04	1.877127346945598185e-01	3.146438277538061712e-01	2.000000000000000111e-01	1.199999999999999956e+00	9.149817421697663961e-03
1.290000000000000000e+02	-3.545868531194867369e-03	6.983849920206426365e-01	-1.014211035585684151e+00	2.000000000000000111e-01	1.199999999999999956e+00	1.122006219240025311e-02
1.300000000000000000e+02	1.948504955289332655e-03	1.167759733732429556e-01	3.023320798283593014e-01	2.000000000000000111e-01	1.199999999999999956e+00	2.931196828731650640e-03
1.310000000000000000e+02	1.218000520707666337e-03	1.057434162631950142e-01	4.251939434578355659e-01	2.000000000000000111e-01	1.199999999999999956e+00	5.601168584042476827e-03
1.320000000000000000e+02	3.978283055291456302e-04	8.796302066190492264e-02	6.768827004501334343e-01	2.000000000000000111e-01	1.199999999999999956e+00	4.016499854204624853e-02
1.330000000000000000e+02	-8.686583113125759953e-03	5.476674071009308697e-01	-3.330393824885868881e-01	2.000000000000000111e-01	1.199999999999999956e+00	9.490175387617186611e-03
1.340000000000000000e+02	-4.430401882974472011e-04	2.518642484854781149e-01	-8.307386439353958707e-02	2.000000000000000111e-01	1.199999999999999956e+00	3.393050381599950309e-03
1.350000000000000000e+02	-1.048012042597512182e-03	3.348466244458395691e-01	-2.754360842350127569e-01	2.000000000000000111e-01	1.199999999999999956e+00	4.304373595061972146e-03
1.360000000000000000e+02	-1.433345022519267415e-03	2.438526150253249869e-01	2.172542338887071267e-01	2.000000000000000111e-01	1.199999999999999956e+00	7.254767672849268996e-03
1.370000000000000000e+02	-3.287162465880440936e-04	1.487669538468713304e-01	3.948039776431255810e-01	2.000000000000000111e-01	1.199999999999999956e+00	6.463500733336367821e-03
1.380000000000000000e+02	7.546975533687569869e-04	4.187154267209266395e-02	6.565193051131548163e-01	2.000000000000000111e-01	1.199999999999999956e+00	9.317249357940513704e-03
1.390000000000000000e+02	-1.190060322795919497e-03	1.936830598245186386e-01	3.704247518577252762e-01	2.000000000000000111e-01	1.199999999999999956e+00	6.761457323764214454e-03
1.400000000000000000e+02	-2.536233457438804434e-03	4.753062401424721362e-01	-7.037580822349012166e-01	2.000000000000000111e-01	1.199999999999999956e+00	5.647542188509921401e-03
1.410000000000000000e+02	-5.280151594221502371e-04	1.820326907915624792e-01	3.914117610463208052e-01	2.000000000000000111e-01	1.199999999999999956e+00	8.972021402987456068e-03
1.420000000000000000e+02	-1.258653516218311572e-03	2.173474542691245515e-01	2.388463512001655076e-01	2.000000000000000111e-01	1.199999999999999956e+00	6.685062639082718465e-03
1.430000000000000000e+02	-1.158107849041675090e-03	2.420642299277185050e-01	7.935192653226863513e-02	2.000000000000000111e-01	1.199999999999999956e+00	4.602863389665459194e-03
1.440000000000000000e+02	-1.775176675300273437e-03	3.119734479845662767e-01	-1.595237968842937448e-01	2.000000000000000111e-01	1.199999999999999956e+00	2.781224272062861932e-03
1.450000000000000000e+02	-1.400210637006916222e-03	2.347649203363188219e-01	2.245592421446147569e-01	2.000000000000000111e-01	1.199999999999999956e+00	6.614600518072585693e-03
1.460000000000000000e+02	2.927520389506260007e-04	1.651203713638901283e-01	2.733544415234399061e-01	2.000000000000000111e-01	1.199999999999999956e+00	5.525857763994795717e-03
1.470000000000000000e+02	4.056838253953409627e-03	3.354369497351718521e-01	-2.277684749756514471e-01	2.000000000000000111e-01	1.199999999999999956e+00	3.767840361298558077e-03
1.480000000000000000e+02	-3.339827436111110839e-03	3.253098900506912194e-01	-8.672992054343264812e-02	2.000000000000000111e-01	1.199999999999999956e+00	7.149020608207298615e-03
1.490000000000000000e+02	-1.425580955029220540e-02	5.925548356820012907e-01	-5.674112987653439077e-01	2.000000000000000111e-01	1.199999999999999956e+00	1.135974837383523471e-02
1.500000000000000000e+02	-3.226251722669682201e-03	2.987422772156773099e-01	1.423991211531969725e-01	2.000000000000000111e-01	1.199999999999999956e+00	7.264159777122711735e-03
1.510000000000000000e+02	1.016036375758469154e-03	2.597092229828653065e-01	2.333678294406515974e-02	2.000000000000000111e-01	1.199999999999999956e+00	8.685007083086615509e-03
1.520000000000000000e+02	4.137322923780593063e-04	3.619075274353997784e-01	-2.956141550665796203e-01	2.000000000000000111e-01	1.199999999999999956e+00	1.384934711845337008e-02
1.530000000000000000e+02	-9.871099767462454197e-04	2.879017867598100966e-01	-4.491104172022808427e-03	2.000000000000000111e-01	1.199999999999999956e+00	1.254646623077524184e-02
1.540000000000000000e+02	1.516989375268223451e-03	8.328160937025379240e-02	4.852801318707617995e-01	2.000000000000000111e-01	1.199999999999999956e+00	1.138322963573284129e-02
1.550000000000000000e+02	7.012007467179268800e-04	7.262287550504048506e-02	5.448483433642761220e-01	2.000000000000000111e-01	1.199999999999999956e+00	3.246099444993834869e-03
1.560000000000000000e+02	-5.877775021348685854e-03	4.310482377944136467e-01	-4.126967671503765089e-01	2.000000000000000111e-01	1.199999999999999956e+00	4.365277013703795783e-03
1.570000000000000000e+02	1.115996158096964948e-03	2.607069536030131585e-01	2.206425238452265347e-01	2.000000000000000111e-01	1.199999999999999956e+00	9.727293404775646732e-03
1.580000000000000000e+02	1.078406750067658444e-03	1.155030976572838097e-01	4.292228118284358018e-01	2.000000000000000111e-01	1.199999999999999956e+00	6.105128085258307823e-03
1.590000000000000000e+02	-7.278521599460628742e-04	1.992970055607602708e-01	2.471617121960698604e-01	2.000000000000000111e-01	1.199999999999999956e+00	1.337833781297580009e-02
1.600000000000000000e+02	1.582245615904250479e-03	1.914996359901786627e-01	2.062968126074742337e-01	2.000000000000000111e-01	1.199999999999999956e+00	8.233171863161246537e-03
1.610000000000000000e+02	1.416666400415813312e-05	1.054931364132573879e-01	4.779496950936925614e-01	2.000000000000000111e-01	1.199999999999999956e+00	6.003665377590874409e-03
1.620000000000000000e+02	-5.299850751615583621e-04	2.580891294027805039e-01	7.567327083761288264e-02	2.000000000000000111e-01	1.199999999999999956e+00	6.907265578244747330e-03
1.630000000000000000e+02	7.575215064648987333e-05	8.356141747015420618e-02	4.597475795580709956e-01	2.000000000000000111e-01	1.199999999999999956e+00	3.455241036333520782e-03
1.640000000000000000e+02	-2.650423122844718093e-02	8.411339647307470857e-01	-1.819772554053860958e+00	2.000000000000000111e-01	1.199999999999999956e+00	2.289034337340055056e-02
1.650000000000000000e+02	-2.123689473841552152e-03	2.609890129677043813e-01	2.134696427285289744e-01	2.000000000000000111e-01	1.199999999999999956e+00	2.924779573114770839e-02
1.660000000000000000e+02	3.135937439625448124e-04	1.838485444930779977e-01	2.538083343965693572e-01	2.000000000000000111e-01	1.199999999999999956e+00	7.133425794348446057e-03
1.670000000000000000e+02	4.873685279207209866e-04	7.066493543652678511e-02	7.398050129235920203e-01	2.000000000000000111e-01	1.199999999999999956e+00	2.207682743582524768e-02
1.680000000000000000e+02	5.187172803855060734e-04	2.592936751516227156e-01	-1.201163467122232653e-01	2.000000000000000111e-01	1.199999999999999956e+00	6.312109116739483307e-03
1.690000000000000000e+02	-6.297029112986808272e-04	2.070828652834572903e-01	2.340991537914498544e-01	2.000000000000000111e-01	1.199999999999999956e+00	5.037666435826854312e-03
1.700000000000000000e+02	-5.677316439326997267e-04	2.579875144649505514e-01	4.773545596034001193e-02	2.000000000000000111e-01	1.199999999999999956e+00	5.724511111778811737e-03
1.710000000000000000e+02	-1.097388742549710965e-02	5.318314953863529926e-01	-6.294760007698592119e-01	2.000000000000000111e-01	1.199999999999999956e+00	1.168310774250372157e-02
1.720000000000000000e+02	-1.370007772711135698e-02	6.694446790865272723e-01	-9.383569450572561976e-01	2.000000000000000111e-01	1.199999999999999956e+00	4.914180083172361123e-03
1.730000000000000000e+02	-3.944743635007644245e-03	3.832459215002724795e-01	-2.050329180133028117e-01	2.000000000000000111e-01	1.199999999999999956e+00	1.685151839305964669e-02
1.740000000000000000e+02	-1.869767405924961223e-03	2.388972310514194675e-01	3.051371728016620821e-01	2.000000000000000111e-01	1.199999999999999956e+00	8.852106676120416809e-03
1.750000000000000000e+02	-8.991071479607533595e-04	1.691198590114862399e-01	4.466642873451038831e-01	2.000000000000000111e-01	1.199999999999999956e+00	7.847175219377508851e-03
1.760000000000000000e+02	-5.064686779911846404e-02	1.427606227007627737e+00	-2.558003290204616142e+00	2.000000000000000111e-01	1.199999999999999956e+00	6.710877331892744699e-03
1.770000000000000000e+02	-1.930007890257751102e-02	7.822657935683929864e-01	-1.375464315651021785e+00	2.000000000000000111e-01	1.199999999999999956e+00	8.559203682736315003e-03
1.780000000000000000e+02	5.133374278965899002e-04	5.914963129784170381e-02	6.004442753449195092e-01	2.000000000000000111e-01	1.199999999999999956e+00	5.992495759038406374e-03
1.790000000000000000e+02	8.224282685321893712e-04	1.436197917837898352e-01	4.081482882849050142e-01	2.000000000000000111e-01	1.199999999999999956e+00	1.032717692393973416e-02
1.800000000000000000e+02	-1.746592383765029023e-03	2.576405220728258394e-01	3.010169904831272447e-03	2.000000000000000111e-01	1.199999999999999956e+00	5.948903797633670228e-03
1.810000000000000000e+02	9.294817303355692702e-04	5.067879694899530413e-02	6.700069935221248940e-01	2.000000000000000111e-01	1.199999999999999956e+00	2.073362173003498454e-02
1.820000000000000000e+02	1.306918707855960924e-03	2.345152799660413234e-01	6.875816908997078869e-02	2.000000000000000111e-01	1.199999999999999956e+00	4.149789614588108785e-03
1.830000000000000000e+02	-1.948414846052002610e-05	2.090297515182141519e-01	9.122012069429485948e-02	2.000000000000000111e-01	1.199999999999999956e+00	7.194748943859852197e-03
1.840000000000000000e+02	1.415848728288426677e-03	1.592860134164397479e-01	2.954837298063903717e-01	2.000000000000000111e-01	1.199999999999999956e+00	6.789275648595450782e-03
1.850000000000000000e+02	8.527296847205930916e-05	1.504204792237740229e-01	4.418407314751351400e-01	2.000000000000000111e-01	1.199999999999999956e+00	6.582283159527641501e-03
1.860000000000000000e+02	-1.073318265708590518e-03	1.890141554088841103e-01	4.044081265865382413e-01	2.000000000000000111e-01	1.199999999999999956e+00	1.271619776601576150e-02
1.870000000000000000e+02	1.343090185219218073e-04	1.940259887783835346e-01	1.401460762704034302e-01	2.000000000000000111e-01	1.199999999999999956e+00	4.148685870948167799e-03
1.880000000000000000e+02	-6.098517632172962329e-04	2.386777087958836807e-01	1.505821844690848899e-01	2.000000000000000111e-01	1.199999999999999956e+00	1.453674725183357226e-02
1.890000000000000000e+02	-9.223486178488757986e-03	5.527144753266637345e-01	-1.474307505146489561e+00	2.000000000000000111e-01	1.199999999999999956e+00	1.285838838170978542e-02
1.900000000000000000e+02	-3.183193062689295555e-04	1.398551619508263122e-01	4.986295794597013220e-01	2.000000000000000111e-01	1.199999999999999956e+00	6.255517170873010555e-03
1.910000000000000000e+02	-7.084432041204145880e-03	5.184621187959179700e-01	-8.204786978173643774e-01	2.000000000000000111e-01	1.199999999999999956e+00	5.939170490155568603e-03
1.920000000000000000e+02	1.883460346440328026e-04	1.784339721812784607e-01	2.865242755417396481e-01	2.000000000000000111e-01	1.199999999999999956e+00	6.998500614862097381e-03
1.930000000000000000e+02	-2.048835914687360295e-03	3.584978706532570003e-01	-2.076550220167536764e-01	2.000000000000000111e-01	1.199999999999999956e+00	7.894466895359034467e-03
1.940000000000000000e+02	1.451245898587121257e-03	1.415122964434760988e-01	2.455893561961532967e-01	2.000000000000000111e-01	1.199999999999999956e+00	3.307884665386825150e-03
1.950000000000000000e+02	-5.985375164544550538e-04	1.912896435530112849e-01	3.244384779223055126e-01	2.000000000000000111e-01	1.199999999999999956e+00	1.001636901681720801e-02
1.960000000000000000e+02	-1.193302723847061708e-02	7.721361330668324863e-01	-1.774416204894615490e+00	2.000000000000000111e-01	1.199999999999999956e+00	5.729026155404137385e-03
1.970000000000000000e+02	1.409034458471819084e-03	1.974502381481901270e-01	2.863096057135088301e-01	2.000000000000000111e-01	1.199999999999999956e+00	7.552155889399786957e-03
1.980000000000000000e+02	-1.655713314995417562e-04	4.117769911362874069e-01	-6.854841675692364689e-01	2.000000000000000111e-01	1.199999999999999956e+00	2.623368359593993959e-03
1.990000000000000000e+02	2.707993322558363818e-03	4.764920477026600709e-01	-8.660665156001265963e-01	2.000000000000000111e-01	1.199999999999999956e+00	7.462884277683245679e-03
2.000000000000000000e+02	4.306803634239187752e-03	1.569918163826983237e-01	1.303716977465829707e-01	2.000000000000000111e-01	1.199999999999999956e+00	4.610832094809510541e-03
2.010000000000000000e+02	-5.516799425675993768e-03	3.568217703451530554e-01	-7.070792214416226074e-01	2.000000000000000111e-01	1.199999999999999956e+00	4.168388081168764719e-02
2.020000000000000000e+02	-2.296116620406729418e-03	2.716684668470988884e-01	1.519119263966004496e-01	2.000000000000000111e-01	1.199999999999999956e+00	5.876278599218025429e-03
2.030000000000000000e+02	1.554288095401594200e-03	1.214503197272337881e-01	3.741923802445135117e-01	2.000000000000000111e-01	1.199999999999999956e+00	5.847566402253474675e-03
2.040000000000000000e+02	-2.560272756727290794e-03	2.305161146989425369e-01	-8.689509777244097677e-02	2.000000000000000111e-01	1.199999999999999956e+00	2.132846149813358294e-01
2.050000000000000000e+02	-7.727550819819289192e-04	2.800612739994280398e-01	-1.299891075833361498e-01	2.000000000000000111e-01	1.199999999999999956e+00	4.260778912108102376e-03
2.060000000000000000e+02	9.773478022739917528e-04	1.133935890294603677e-01	5.522020527793523037e-01	2.000000000000000111e-01	1.199999999999999956e+00	1.810813427719923721e-02
2.070000000000000000e+02	-1.060384684714590735e-02	5.681245309332185744e-01	-4.881938221516231025e-01	2.000000000000000111e-01	1.199999999999999956e+00	1.091890357243128530e-02
2.080000000000000000e+02	-1.811323979611484045e-03	2.966033991112143053e-01	-3.640853311224914179e-01	2.000000000000000111e-01	1.199999999999999956e+00	7.150089297929528367e-03
2.090000000000000000e+02	-2.556327537697292845e-02	8.178590413085360389e-01	-1.409565286879712609e+00	2.000000000000000111e-01	1.199999999999999956e+00	5.277141019733814359e-02
2.100000000000000000e+02	1.021213883338919180e-02	3.704470063499766819e-01	-3.134585668047478180e-01	2.000000000000000111e-01	1.199999999999999956e+00	3.242023067216325515e-03
2.110000000000000000e+02	7.529856986920874370e-04	8.600142330169678606e-02	5.326034733422511103e-01	2.000000000000000111e-01	1.199999999999999956e+00	5.088236564105634921e-03
2.120000000000000000e+02	1.326520921262748466e-03	2.109375993350074696e-01	2.176914469593014267e-01	2.000000000000000111e-01	1.199999999999999956e+00	6.770215251710630204e-03
2.130000000000000000e+02	-1.417855132294922179e-03	2.624953827194901335e-01	1.391146487526171427e-01	2.000000000000000111e-01	1.199999999999999956e+00	9.398432242903183645e-03
2.140000000000000000e+02	-3.595010065930532434e-02	1.093870111442891480e+00	-1.815981904251620982e+00	2.000000000000000111e-01	1.199999999999999956e+00	8.749588449655775271e-03
2.150000000000000000e+02	2.886255700925493325e-03	1.900880725616284905e-01	2.556593395959065873e-01	2.000000000000000111e-01	1.199999999999999956e+00	1.045290246806841392e-02
2.160000000000000000e+02	2.716559613553278397e-03	1.648362396752820480e-01	2.610264754752038563e-01	2.000000000000000111e-01	1.199999999999999956e+00	3.750102313390045201e-03
2.170000000000000000e+02	1.552889400430870976e-03	5.220946726275316890e-02	7.240357881510075533e-01	2.000000000000000111e-01	1.199999999999999956e+00	2.193071686006442533e-02
2.180000000000000000e+02	-6.876218007658366910e-04	2.865080946938033390e-01	-1.786841698324455052e-01	2.000000000000000111e-01	1.199999999999999956e+00	5.159244546271729570e-03
2.190000000000000000e+02	-1.381892998829378815e-03	3.864336822449800923e-01	-1.151339494694703092e-01	2.000000000000000111e-01	1.199999999999999956e+00	6.729150534844396785e-03
2.200000000000000000e+02	7.878338965677968283e-04	3.198779875276396845e-01	-1.223791091707098211e-01	2.000000000000000111e-01	1.199999999999999956e+00	7.973578888086597580e-03
2.210000000000000000e+02	-1.271077318226090675e-03	2.474135369760235292e-01	1.450766546377755262e-01	2.000000000000000111e-01	1.199999999999999956e+00	7.076464947653821058e-03
2.220000000000000000e+02	-1.590294065706177821e-03	2.547720628780848484e-01	1.803574199949160572e-01	2.000000000000000111e-01	1.199999999999999956e+00	7.002352844056218897e-03
2.230000000000000000e+02	-6.572316916365086165e-03	4.741088943299061609e-01	-6.562159354727770122e-01	2.000000000000000111e-01	1.199999999999999956e+00	6.408474485229293319e-03
2.240000000000000000e+02	1.117828614276048611e-03	2.278851246217408477e-01	9.338169905008975036e-02	2.000000000000000111e-01	1.199999999999999956e+00	3.436215193968943614e-03
2.250000000000000000e+02	1.945545633739919830e-03	1.551659896443167985e-01	4.574481900531792711e-01	2.000000000000000111e-01	1.199999999999999956e+00	3.780241706892605719e-02
2.260000000000000000e+02	-2.424376273698236226e-04	1.974330266232239284e-01	2.238100123440998068e-01	2.000000000000000111e-01	1.199999999999999956e+00	2.952262711816301417e-03
2.270000000000000000e+02	-1.007150492020848428e-02	6.386809721377050275e-01	-1.206424148404499519e+00	2.000000000000000111e-01	1.199999999999999956e+00	5.958294997581726690e-03
2.280000000000000000e+02	1.096412639026392993e-02	3.072943383758026670e-01	-3.221278782130343465e-01	2.000000000000000111e-01	1.199999999999999956e+00	6.692061780289338367e-03
2.290000000000000000e+02	1.283884511613925380e-03	1.676451090673148920e-03	8.391590005554678822e-01	2.000000000000000111e-01	1.199999999999999956e+00	1.089182635748223160e-02
2.300000000000000000e+02	3.392906104462221076e-05	1.477555399012765169e-01	3.133914727835396263e-01	2.000000000000000111e-01	1.199999999999999956e+00	3.969661236884383833e-03
2.310000000000000000e+02	1.775817432225126197e-03	1.713619169092123473e-01	3.896243374826693362e-01	2.000000000000000111e-01	1.199999999999999956e+00	4.523732694298103311e-03
2.320000000000000000e+02	1.068426386377842189e-03	2.192395201886667422e-01	1.035496817529995006e-01	2.000000000000000111e-01	1.199999999999999956e+00	6.834240742130888967e-03
2.330000000000000000e+02	3.629244905315393618e-04	2.006397810420207928e-01	1.061007867393803927e-01	2.000000000000000111e-01	1.199999999999999956e+00	2.888116669209995178e-03
2.340000000000000000e+02	-4.190577548218588598e-03	3.520990106470143766e-01	-1.649426177268145111e-01	2.000000000000000111e-01	1.199999999999999956e+00	5.739843991490982747e-03
2.350000000000000000e+02	-4.239493331508078361e-03	3.677872239833772650e-01	-1.717747186880940191e-01	2.000000000000000111e-01	1.199999999999999956e+00	4.831481655345783166e-03
2.360000000000000000e+02	5.288456468092578994e-03	1.246135371315935242e-01	3.073872843208178551e-01	2.000000000000000111e-01	1.199999999999999956e+00	8.058496530690647738e-03
2.370000000000000000e+02	-4.762257245251105223e-04	1.491886224895452306e-01	4.089358683156119056e-01	2.000000000000000111e-01	1.199999999999999956e+00	7.707522011419322590e-03
2.380000000000000000e+02	1.120621593808528420e-03	3.254633616928566675e-01	-1.921143877244588793e-01	2.000000000000000111e-01	1.199999999999999956e+00	2.431379082058804202e-03
2.390000000000000000e+02	-1.328209631176130318e-05	3.017977496231961654e-01	-1.258769436074258508e-01	2.000000000000000111e-01	1.199999999999999956e+00	4.156645750730122643e-03
2.400000000000000000e+02	-6.117385697533732954e-04	4.302426406735059272e-01	-8.527007696180524121e-01	2.000000000000000111e-01	1.199999999999999956e+00	1.796195809531508448e-03
2.410000000000000000e+02	9.267082145735006148e-04	2.311086831157443122e-01	2.289268841240370556e-01	2.000000000000000111e-01	1.199999999999999956e+00	5.627944188907907722e-03
2.420000000000000000e+02	1.088160618326811536e-03	1.525933731671518800e-01	2.623411915144391315e-01	2.000000000000000111e-01	1.199999999999999956e+00	6.994426203550815728e-03
2.430000000000000000e+02	-5.472799835859124950e-04	2.759700825290392623e-01	5.129418496349735790e-02	2.000000000000000111e-01	1.199999999999999956e+00	6.690379809122584676e-03
2.440000000000000000e+02	-7.486125730246258585e-04	1.158831838545493764e-01	5.742553048873899613e-01	2.000000000000000111e-01	1.199999999999999956e+00	7.851409772315377789e-02
2.450000000000000000e+02	2.193172143633764781e-03	1.372437102495872030e-01	2.248659489723623395e-01	2.000000000000000111e-01	1.199999999999999956e+00	1.760957592012491173e-03
2.460000000000000000e+02	2.836111775577488184e-03	2.309314968148012959e-01	1.069266052623336627e-01	2.000000000000000111e-01	1.199999999999999956e+00	5.551793969003325675e-03
2.470000000000000000e+02	8.429492905670659146e-04	1.745971103416313341e-01	1.117544950586357722e-01	2.000000000000000111e-01	1.199999999999999956e+00	7.577173719323460586e-03
2.480000000000000000e+02	-5.737521960639109693e-03	4.622430767922479089e-01	-4.869703361849806456e-01	2.000000000000000111e-01	1.199999999999999956e+00	1.179056623364108103e-02
2.490000000000000000e+02	-4.584998692962477182e-03	3.442918331219088635e-01	-8.766690733096371702e-02	2.000000000000000111e-01	1.199999999999999956e+00	1.170163212246288185e-02
2.500000000000000000e+02	1.107565011224226868e-03	2.560718567960135750e-01	-2.283221941253774645e-01	2.000000000000000111e-01	1.199999999999999956e+00	3.515686684585161200e-03
2.510000000000000000e+02	-5.197035063340499995e-05	2.678141494381548471e-01	-3.561225345147267518e-02	2.000000000000000111e-01	1.199999999999999956e+00	4.174004813628671637e-03
2.520000000000000000e+02	-8.842103168381555689e-03	4.711200443605145782e-01	-1.009648423373738169e+00	2.000000000000000111e-01	1.199999999999999956e+00	4.462175188118018554e-02
2.530000000000000000e+02	7.124480033491898149e-04	2.372311267831561932e-01	-6.875669417239382852e-02	2.000000000000000111e-01	1.199999999999999956e+00	4.534042353830531127e-03
2.540000000000000000e+02	-1.832187118988809352e-03	3.095787015239410689e-01	1.493910824026025708e-01	2.000000000000000111e-01	1.199999999999999956e+00	5.240925733083168399e-03
2.550000000000000000e+02	1.252278356032951500e-03	1.267412854661147392e-01	3.954597242299038307e-01	2.000000000000000111e-01	1.199999999999999956e+00	5.506579915305953588e-03
2.560000000000000000e+02	-1.806978068250835638e-03	2.623681012122982548e-01	2.830947652855186902e-03	2.000000000000000111e-01	1.199999999999999956e+00	8.376838649636470652e-03
2.570000000000000000e+02	-5.357037100038737317e-04	1.569868994589298794e-01	4.175736953751281177e-01	2.000000000000000111e-01	1.199999999999999956e+00	9.127038206587076083e-03
2.580000000000000000e+02	-8.741297737075309077e-03	5.505856162610888171e-01	-7.353034213171216749e-01	2.000000000000000111e-01	1.199999999999999956e+00	2.870742863566608759e-03
2.590000000000000000e+02	-2.852307230752195236e-04	1.999185259588421304e-01	1.464449164472432230e-01	2.000000000000000111e-01	1.199999999999999956e+00	4.374094743760883856e-03
2.600000000000000000e+02	5.919886755996504402e-04	2.480002816985811542e-01	1.303114191059111526e-01	2.000000000000000111e-01	1.199999999999999956e+00	7.627979934065541937e-03
2.610000000000000000e+02	-1.439270639781576331e-03	3.663411081535486447e-01	-8.646894137016500892e-01	2.000000000000000111e-01	1.199999999999999956e+00	1.404442913235115021e-03
2.620000000000000000e+02	-1.709559865886543795e-02	7.536406751514432845e-01	-1.222646350251752168e+00	2.000000000000000111e-01	1.199999999999999956e+00	5.863454305570137484e-03
2.630000000000000000e+02	3.258103268488764682e-03	5.620929489744994761e-02	6.787927086193487058e-01	2.000000000000000111e-01	1.199999999999999956e+00	1.191268522908349968e-02
2.640000000000000000e+02	1.052266423311178697e-03	9.158089415010454981e-02	5.194034803160181291e-01	2.000000000000000111e-01	1.199999999999999956e+00	8.210835818156538707e-03
2.650000000000000000e+02	1.593185775632742713e-03	1.668951069761932526e-01	3.958644428656747927e-01	2.000000000000000111e-01	1.199999999999999956e+00	1.166681675628847628e-02
2.660000000000000000e+02	-3.451101901335365540e-03	3.663667815402358308e-01	-1.607132411940872529e-01	2.000000000000000111e-01	1.199999999999999956e+00	7.844302818306361086e-03
2.670000000000000000e+02	3.185545701744399699e-03	5.174975537794993669e-02	5.752699968972913025e-01	2.000000000000000111e-01	1.199999999999999956e+00	6.341839473911781502e-03
2.680000000000000000e+02	7.213742776847730659e-04	7.763082958490429009e-02	4.600984856926197963e-01	2.000000000000000111e-01	1.199999999999999956e+00	1.211230555530293631e-03
2.690000000000000000e+02	3.919557307755554493e-04	1.282512849864693161e-01	4.163932851572553773e-01	2.000000000000000111e-01	1.199999999999999956e+00	5.270848121105965386e-03
2.700000000000000000e+02	3.244854621418974579e-04	1.857776984524326658e-01	3.276474110680416274e-02	2.000000000000000111e-01	1.199999999999999956e+00	3.251928869073009154e-03
2.710000000000000000e+02	-4.919891861315096523e-03	4.228533748130455239e-01	-2.046333492379766028e-01	2.000000000000000111e-01	1.199999999999999956e+00	4.240732459564910094e-03
2.720000000000000000e+02	-8.867832345727674976e-04	1.655872603747223504e-01	4.382749418321569834e-01	2.000000000000000111e-01	1.199999999999999956e+00	1.031199543643931786e-02
2.730000000000000000e+02	6.910989158495437889e-04	1.015415003049888742e-01	5.024929899450363280e-01	2.000000000000000111e-01	1.199999999999999956e+00	3.892186697551825499e-03
2.740000000000000000e+02	-1.491608601045047778e-04	3.155259407177600783e-01	-4.031980418951688350e-01	2.000000000000000111e-01	1.199999999999999956e+00	3.170866196731309677e-03
2.750000000000000000e+02	3.239766682197639785e-03	2.247303399903234911e-01	-1.862822601789515531e-01	2.000000000000000111e-01	1.199999999999999956e+00	1.550305346965139214e-03
2.760000000000000000e+02	7.728957556871487132e-04	1.889226958525139222e-01	2.404879837432756240e-01	2.000000000000000111e-01	1.199999999999999956e+00	4.154838727802369694e-03
2.770000000000000000e+02	-7.412037307021043580e-04	3.593552723933036153e-01	-3.346914710818538197e-01	2.000000000000000111e-01	1.199999999999999956e+00	3.274409340787215548e-03
2.780000000000000000e+02	3.237503314583881162e-04	7.238517535690602855e-02	5.105763846086768254e-01	2.000000000000000111e-01	1.199999999999999956e+00	5.636993927403606032e-03
2.790000000000000000e+02	-1.198912448390861444e-03	5.606568793467148204e-01	-7.988562737548567938e-01	2.000000000000000111e-01	1.199999999999999956e+00	8.828056116889668875e-03
2.800000000000000000e+02	-2.078112136016747793e-03	2.433844145395663572e-01	1.808516281481029608e-01	2.000000000000000111e-01	1.199999999999999956e+00	7.355694629426695955e-03
2.810000000000000000e+02	6.368885307435346839e-04	1.001056266064908329e-01	4.988637147778609560e-01	2.000000000000000111e-01	1.199999999999999956e+00	8.697407908197788556e-03
2.820000000000000000e+02	7.710901711695796682e-05	2.120304589628014269e-01	2.194608242556586042e-01	2.000000000000000111e-01	1.199999999999999956e+00	4.229298987323639770e-03
2.830000000000000000e+02	-2.862293479412521963e-03	3.179204968751194738e-01	6.159912026626024328e-02	2.000000000000000111e-01	1.199999999999999956e+00	9.790221958240632669e-03
2.840000000000000000e+02	1.079129162698195914e-03	2.164346161732318974e-01	-3.066280434645252129e-02	2.000000000000000111e-01	1.199999999999999956e+00	2.976847497670309824e-03
2.850000000000000000e+02	9.905074916673013903e-05	1.213608248829226161e-01	3.755651595333442394e-01	2.000000000000000111e-01	1.199999999999999956e+00	3.199770798962640189e-03
2.860000000000000000e+02	-4.645633111057004445e-03	3.697862994242620549e-01	-1.193409028781422521e-01	2.000000000000000111e-01	1.199999999999999956e+00	6.258841979405335709e-03
2.870000000000000000e+02	2.937295917066155577e-03	3.125892528458574238e-01	-4.043388146273705352e-01	2.000000000000000111e-01	1.199999999999999956e+00	9.304131858804669947e-03
2.880000000000000000e+02	-9.320073373763334025e-06	2.756719011412172571e-01	-1.302658294329575028e-01	2.000000000000000111e-01	1.199999999999999956e+00	6.254695293316255185e-03
2.890000000000000000e+02	-1.831818298655706100e-04	1.626281692106726906e-01	2.339215286741396227e-01	2.000000000000000111e-01	1.199999999999999956e+00	4.280591807175603523e-03
2.900000000000000000e+02	1.227987499500554896e-03	1.592818004952103461e-01	2.880763232010594699e-01	2.000000000000000111e-01	1.199999999999999956e+00	7.305204278229121204e-03
2.910000000000000000e+02	7.231111620703801698e-05	1.826600140217728152e-01	1.270814262019985819e-01	2.000000000000000111e-01	1.199999999999999956e+00	5.967599024227251796e-03
2.920000000000000000e+02	-2.512146067440561639e-03	5.309557766447648985e-01	-6.915137611789914374e-01	2.000000000000000111e-01	1.199999999999999956e+00	5.174394165025199797e-03
2.930000000000000000e+02	4.880590423733343307e-03	1.186092871208332677e-01	1.942740955996324903e-01	2.000000000000000111e-01	1.199999999999999956e+00	2.452235352954679464e-03
2.940000000000000000e+02	-3.187488174217156366e-03	4.178996563111743723e-01	-6.607850757841351452e-01	2.000000000000000111e-01	1.199999999999999956e+00	5.780792228031675015e-03
2.950000000000000000e+02	-1.400102137163114491e-04	1.599944534767941962e-01	3.550330661023792800e-01	2.000000000000000111e-01	1.199999999999999956e+00	7.055755177225927870e-03
2.960000000000000000e+02	-3.016204525362941929e-04	1.294551737200993757e-01	4.694549353085486487e-01	2.000000000000000111e-01	1.199999999999999956e+00	8.867315667969562221e-03
2.970000000000000000e+02	1.402604543538977936e-03	8.250069384170467812e-02	5.573279392967827039e-01	2.000000000000000111e-01	1.199999999999999956e+00	7.641775429500773445e-03
2.980000000000000000e+02	-4.624601989124142503e-04	3.159213721928886831e-01	1.123168083583006016e-01	2.000000000000000111e-01	1.199999999999999956e+00	4.594065676762961251e-03
2.990000000000000000e+02	-3.089354432558812872e-03	4.384689560039008449e-01	-3.996024504479676054e-01	2.000000000000000111e-01	1.199999999999999956e+00	7.313272949031794992e-03
3.000000000000000000e+02	-8.625392806944008313e-04	2.316118932730152069e-01	2.489402403492491089e-02	2.000000000000000111e-01	1.199999999999999956e+00	6.563794914397512101e-03
3.010000000000000000e+02	-1.647683303503060621e-04	1.868137193449878886e-01	2.216624427476334702e-01	2.000000000000000111e-01	1.199999999999999956e+00	5.909943686584452453e-03
3.020000000000000000e+02	-2.892652578527373473e-03	5.210149844162946797e-01	-1.102013415511298611e+00	2.000000000000000111e-01	1.199999999999999956e+00	4.730083069354186834e-03
3.030000000000000000e+02	-2.871000002798225047e-03	5.091321794666602285e-01	-7.740397815905684098e-01	2.000000000000000111e-01	1.199999999999999956e+00	7.947532010793687332e-03
3.040000000000000000e+02	-2.523857185103872778e-03	4.234578944032580394e-01	-2.597915977290963241e-01	2.000000000000000111e-01	1.199999999999999956e+00	6.808389931637536842e-03
3.050000000000000000e+02	1.455975644982954176e-03	8.127417112576776348e-02	4.136662619198490098e-01	2.000000000000000111e-01	1.199999999999999956e+00	2.607648300957086680e-03
3.060000000000000000e+02	-6.292628568087650469e-03	5.517110460285599149e-01	-6.035904007654862014e-01	2.000000000000000111e-01	1.199999999999999956e+00	1.268893574627750695e-02
3.070000000000000000e+02	-8.097767188190172286e-04	2.000585545977286994e-01	2.064088595074315968e-01	2.000000000000000111e-01	1.199999999999999956e+00	6.683508802194729377e-03
3.080000000000000000e+02	-4.378133742255483946e-04	3.952855427682578915e-01	-6.217297249707920415e-01	2.000000000000000111e-01	1.199999999999999956e+00	2.693674589077793124e-03
3.090000000000000000e+02	-6.409764731831141347e-04	2.409705771543293740e-01	1.379902761548379431e-01	2.000000000000000111e-01	1.199999999999999956e+00	2.893636073616336329e-03
3.100000000000000000e+02	-3.399610839128427184e-04	1.307541382433474175e-01	3.848689813294972062e-01	2.000000000000000111e-01	1.199999999999999956e+00	4.203161197875816824e-03
3.110000000000000000e+02	-1.681384584825635362e-03	4.330190525212661568e-01	-5.993433929935383375e-01	2.000000000000000111e-01	1.199999999999999956e+00	3.927106750648472720e-03
3.120000000000000000e+02	2.997178959103156040e-05	2.114555658487094203e-01	3.694240220690003795e-02	2.000000000000000111e-01	1.199999999999999956e+00	4.139334266540646914e-03
3.130000000000000000e+02	2.251409425212902383e-04	1.757891099396059476e-01	3.625772099288004924e-01	2.000000000000000111e-01	1.199999999999999956e+00	8.414842830428993434e-03
3.140000000000000000e+02	-7.179854880893889353e-03	4.393987615631332888e-01	-2.757554233778058972e-01	2.000000000000000111e-01	1.199999999999999956e+00	8.853408024918373032e-03
3.150000000000000000e+02	4.687495528894444264e-04	1.569178174431704043e-01	3.609424196156627573e-01	2.000000000000000111e-01	1.199999999999999956e+00	4.536307233260551339e-03
3.160000000000000000e+02	-1.173974798342169654e-03	1.974164446290013752e-01	3.402125227891126258e-01	2.000000000000000111e-01	1.199999999999999956e+00	1.055647245663785330e-02
3.170000000000000000e+02	9.526718324285680115e-04	2.096778699586046013e-01	2.182842308402497267e-01	2.000000000000000111e-01	1.199999999999999956e+00	5.231248701027584047e-03
3.180000000000000000e+02	-1.652547061320005801e-03	2.357206190861320105e-01	1.604618127387231752e-01	2.000000000000000111e-01	1.199999999999999956e+00	1.116013181293366678e-02
3.190000000000000000e+02	-1.659349892193791353e-03	2.416397230558529341e-01	2.650366797928658258e-01	2.000000000000000111e-01	1.199999999999999956e+00	1.290166458295998082e-02
3.200000000000000000e+02	-1.058817556565532034e-03	2.561572636398796177e-01	7.066538761010221492e-02	2.000000000000000111e-01	1.199999999999999956e+00	1.505229368045433828e-02
3.210000000000000000e+02	9.433689379929332012e-04	6.120670963414518578e-02	5.671014890531671515e-01	2.000000000000000111e-01	1.199999999999999956e+00	4.985496396782515549e-03
3.220000000000000000e+02	2.551490770420950676e-04	2.005884842021410097e-01	2.749054470660405869e-01	2.000000000000000111e-01	1.199999999999999956e+00	9.928113415542543646e-03
3.230000000000000000e+02	-1.036010136491976328e-03	1.491393509803868589e-01	2.350636628357731794e-01	2.000000000000000111e-01	1.199999999999999956e+00	3.167751391094297819e-02
3.240000000000000000e+02	-2.048734730484236440e-03	3.874640636105836089e-01	-4.559332509310252135e-01	2.000000000000000111e-01	1.199999999999999956e+00	7.379482464444188546e-03
3.250000000000000000e+02	1.207474322432601499e-03	2.129425332786611946e-01	1.548165201166105120e-01	2.000000000000000111e-01	1.199999999999999956e+00	4.536413465859276926e-03
3.260000000000000000e+02	-3.157994497250846740e-03	2.705074275030733832e-01	-7.189376967922980199e-01	2.000000000000000111e-01	1.199999999999999956e+00	3.512400936250024280e-02
3.270000000000000000e+02	1.270527617443245865e-03	1.418812189426114923e-01	2.465035543029308052e-01	2.000000000000000111e-01	1.199999999999999956e+00	4.170793091545802085e-03
3.280000000000000000e+02	-8.102250954177710445e-04	1.315954407154932282e-01	2.415154680243869478e-01	2.000000000000000111e-01	1.199999999999999956e+00	8.156301287655776111e-02
3.290000000000000000e+02	-1.472854794049581646e-02	6.725302950158934534e-01	-1.140143222665311207e+00	2.000000000000000111e-01	1.199999999999999956e+00	8.481366844029862226e-03
3.300000000000000000e+02	-1.409229330410750533e-03	2.213701453837742528e-01	1.221213314780653647e-01	2.000000000000000111e-01	1.199999999999999956e+00	4.437139838525048542e-03
3.310000000000000000e+02	4.097549792097400067e-04	2.262941956626025042e-01	3.027525529705856755e-01	2.000000000000000111e-01	1.199999999999999956e+00	2.747610815050721515e-03
3.320000000000000000e+02	6.431794494712844267e-04	2.694326020186892379e-01	-2.229431229610647769e-01	2.000000000000000111e-01	1.199999999999999956e+00	5.223142868096714367e-03
3.330000000000000000e+02	9.583931657722751223e-04	3.031282703904439879e-01	-1.588578446088986240e-01	2.000000000000000111e-01	1.199999999999999956e+00	6.311616219403391216e-03
3.340000000000000000e+02	-1.151293222621939611e-03	1.958493003527181364e-01	2.948404438612595158e-01	2.000000000000000111e-01	1.199999999999999956e+00	5.719080791970725629e-03
3.350000000000000000e+02	5.122534570933719991e-04	1.451688803094680069e-01	2.418212507470411943e-01	2.000000000000000111e-01	1.199999999999999956e+00	4.242919912975985121e-03
3.360000000000000000e+02	-2.175229758044057958e-03	3.676831294387004623e-01	-3.070773076062405238e-01	2.000000000000000111e-01	1.199999999999999956e+00	6.714322912188971058e-03
3.370000000000000000e+02	-1.614782485193752733e-03	1.768278871892442761e-01	-8.765044931474719192e-02	2.000000000000000111e-01	1.199999999999999956e+00	3.785079460927990441e-02
3.380000000000000000e+02	-2.439324589939206953e-03	2.691593781379482131e-01	2.205709548070453607e-01	2.000000000000000111e-01	1.199999999999999956e+00	1.205752582885417576e-02
3.390000000000000000e+02	-3.819432945008345223e-03	3.971313173089683901e-01	-9.989807315209642269e-02	2.000000000000000111e-01	1.199999999999999956e+00	8.919959707882127789e-03
3.400000000000000000e+02	-4.073461888452371144e-03	3.232071271333583629e-01	-1.026156294505744526e-01	2.000000000000000111e-01	1.199999999999999956e+00	7.486212642919523076e-03
3.410000000000000000e+02	-2.786469071215555340e-03	3.416964263556564463e-01	-5.994868673019304595e-02	2.000000000000000111e-01	1.199999999999999956e+00	4.615174565515573271e-03
3.420000000000000000e+02	-1.143737150687301318e-03	1.589446019374237129e-01	3.620099235238436464e-01	2.000000000000000111e-01	1.199999999999999956e+00	5.865983014869959739e-02
3.430000000000000000e+02	2.656027989859016409e-03	7.948102339906414071e-02	5.527848348280115509e-01	2.000000000000000111e-01	1.199999999999999956e+00	5.099740566649106285e-03
3.440000000000000000e+02	-3.470408550333076332e-03	3.410797774946828231e-01	-9.407053045189961438e-03	2.000000000000000111e-01	1.199999999999999956e+00	7.582408134089437153e-03
3.450000000000000000e+02	-2.345680010038015285e-03	2.550970000641650803e-01	-2.711429087302956731e-01	2.000000000000000111e-01	1.199999999999999956e+00	2.211062011199746435e-02
3.460000000000000000e+02	-4.900408892144220672e-03	4.383644625287914098e-01	-4.131567544165726247e-01	2.000000000000000111e-01	1.199999999999999956e+00	3.877260043775916914e-03
3.470000000000000000e+02	-9.784849090802457544e-03	5.505841247607660138e-01	-8.526701597580661485e-01	2.000000000000000111e-01	1.199999999999999956e+00	1.350770410506697654e-02
3.480000000000000000e+02	1.236172863000565983e-03	1.144950773493963875e-01	4.248518915690482345e-01	2.000000000000000111e-01	1.199999999999999956e+00	5.670237914014000617e-03
3.490000000000000000e+02	1.114780802668698329e-03	1.059032910754557633e-01	4.571582578620163595e-01	2.000000000000000111e-01	1.199999999999999956e+00	7.001574247069022351e-03
3.500000000000000000e+02	-1.058924487304269786e-03	1.669584516850246558e-01	5.244229436458502924e-01	2.000000000000000111e-01	1.199999999999999956e+00	1.392392218527843499e-02
3.510000000000000000e+02	3.104526235895164760e-03	1.986375335203370007e-01	1.930205744661201983e-01	2.000000000000000111e-01	1.199999999999999956e+00	6.794924754939668000e-03
3.520000000000000000e+02	-6.489260830184317291e-04	1.454256467863422886e-01	5.324970613557677979e-01	2.000000000000000111e-01	1.199999999999999956e+00	1.805411279155914525e-02
3.530000000000000000e+02	2.759645998887365207e-04	6.294446862122002329e-02	5.586593369210968163e-01	2.000000000000000111e-01	1.199999999999999956e+00	3.621962320836138744e-03
3.540000000000000000e+02	-2.388034713650307068e-03	2.812295531167558482e-01	1.924645348862208394e-01	2.000000000000000111e-01	1.199999999999999956e+00	1.618212413559417737e-02
3.550000000000000000e+02	2.596463305531285844e-03	1.793560010505657332e-01	1.514245946752348360e-01	2.000000000000000111e-01	1.199999999999999956e+00	8.108296199557550252e-03
3.560000000000000000e+02	-1.147779791341446611e-03	3.894892042537035914e-01	-4.606946404609963963e-01	2.000000000000000111e-01	1.199999999999999956e+00	8.479686983241715645e-03
3.570000000000000000e+02	-2.967452933611523357e-03	4.257648796718216389e-01	-3.569403047129622308e-01	2.000000000000000111e-01	1.199999999999999956e+00	1.127540213923687411e-02
3.580000000000000000e+02	-4.825082798019747141e-03	3.695673661765225271e-01	-1.564368429592297716e-01	2.000000000000000111e-01	1.199999999999999956e+00	9.600851492397506973e-03
3.590000000000000000e+02	-4.674993891355349457e-03	3.937729314264454272e-01	-1.763811138910771348e-01	2.000000000000000111e-01	1.199999999999999956e+00	8.279574741231135113e-03
3.600000000000000000e+02	-5.313764180327677604e-04	1.191489380420377581e-01	5.859524226150725212e-02	2.000000000000000111e-01	1.199999999999999956e+00	4.065072579845525891e-02
3.610000000000000000e+02	-1.758273200957156165e-03	3.345919627170255151e-01	-3.999817268072369814e-02	2.000000000000000111e-01	1.199999999999999956e+00	1.104393095092474388e-02
3.620000000000000000e+02	8.547147553807662654e-03	4.691532776518182735e-02	6.164921629577637674e-01	2.000000000000000111e-01	1.199999999999999956e+00	2.969491542850287089e-02
3.630000000000000000e+02	1.976530653447441770e-03	1.673821446166235682e-01	1.370722340962600150e-01	2.000000000000000111e-01	1.199999999999999956e+00	6.912200092318021571e-03
3.640000000000000000e+02	-1.816870185175292361e-04	2.193918960860287426e-01	-2.810442726460982144e-02	2.000000000000000111e-01	1.199999999999999956e+00	3.408229938433549218e-03
3.650000000000000000e+02	-3.362223733526774339e-02	9.357200745704864486e-01	-1.056873026416078609e+00	2.000000000000000111e-01	1.199999999999999956e+00	2.071911960283609466e-02
3.660000000000000000e+02	-1.485757462859027458e-03	2.299408240564360384e-01	1.599483229759437464e-01	2.000000000000000111e-01	1.199999999999999956e+00	6.169682092115642488e-03
3.670000000000000000e+02	2.711277161598899844e-03	2.024910760617900651e-01	2.389261163470335347e-02	2.000000000000000111e-01	1.199999999999999956e+00	3.496659340359021401e-03
3.680000000000000000e+02	-1.245019643652074334e-03	2.614519234684041793e-01	9.704830712571244078e-02	2.000000000000000111e-01	1.199999999999999956e+00	1.207832771956267488e-02
3.690000000000000000e+02	-6.084778325868986983e-05	2.112005007853898220e-01	1.637360815861534924e-01	2.000000000000000111e-01	1.199999999999999956e+00	7.296965365640732844e-03
3.700000000000000000e+02	-4.443221372075131792e-04	1.722456296236030415e-01	4.029949292198642397e-01	2.000000000000000111e-01	1.199999999999999956e+00	8.576579659354339330e-03
3.710000000000000000e+02	2.957795709355344038e-03	1.605043117384179208e-01	2.620392275523779624e-01	2.000000000000000111e-01	1.199999999999999956e+00	3.218774992572382126e-03
3.720000000000000000e+02	7.011066605610897194e-04	9.812194765842996436e-02	5.003426681421525579e-01	2.000000000000000111e-01	1.199999999999999956e+00	4.900515041554904735e-03
3.730000000000000000e+02	1.377922141759001847e-03	1.295952727268470939e-01	4.816638532659629490e-01	2.000000000000000111e-01	1.199999999999999956e+00	6.961034613495638464e-03
3.740000000000000000e+02	1.265775713463547264e-04	2.683842389775911719e-01	1.038971737974812015e-01	2.000000000000000111e-01	1.199999999999999956e+00	9.978501215349887959e-03
3.750000000000000000e+02	5.228316637391131191e-04	2.443443933629631526e-01	1.187571073472195593e-01	2.000000000000000111e-01	1.199999999999999956e+00	3.337084511037282947e-03
3.760000000000000000e+02	7.487927563709206175e-04	1.308922319729421413e-01	4.338708696030129097e-01	2.000000000000000111e-01	1.199999999999999956e+00	1.127925053570477502e-02
3.770000000000000000e+02	2.087871388594425722e-04	1.362136539005855684e-01	4.553613730803953707e-01	2.000000000000000111e-01	1.199999999999999956e+00	1.723873153641463860e-02
3.780000000000000000e+02	-6.298883229761180480e-03	4.632101679810888828e-01	-6.375348504712459174e-01	2.000000000000000111e-01	1.199999999999999956e+00	7.568462380193501440e-03
3.790000000000000000e+02	3.866829862718303059e-03	1.416053670210752902e-01	2.345366912471984477e-01	2.000000000000000111e-01	1.199999999999999956e+00	3.982858862327296953e-03
3.800000000000000000e+02	3.593233780558073836e-03	2.307103008854753945e-01	-8.240158307971245932e-02	2.000000000000000111e-01	1.199999999999999956e+00	9.400313359971277163e-03
3.810000000000000000e+02	1.048346627158227093e-04	2.724170482271316418e-01	-4.490679468448188771e-02	2.000000000000000111e-01	1.199999999999999956e+00	5.326043016709210327e-03
3.820000000000000000e+02	-1.519049680726346782e-03	2.404596780800818678e-01	1.430515988880918243e-01	2.000000000000000111e-01	1.199999999999999956e+00	5.437035898872183935e-03
3.830000000000000000e+02	1.175381787728565402e-03	6.687503147040388396e-02	6.799923133541907472e-01	2.000000000000000111e-01	1.199999999999999956e+00	1.293356200886490275e-02
