0.000000000000000000e+00	-2.080185927054346937e-03	2.899993380183207847e-01	1.158219140856902030e-01	2.000000000000000111e-01	1.199999999999999956e+00	9.075521803974594820e-03
1.000000000000000000e+00	-3.928595294674349704e-04	1.761878541081959848e-01	3.223010415086444702e-01	2.000000000000000111e-01	1.199999999999999956e+00	5.368758973768159373e-03
2.000000000000000000e+00	6.856450160295956458e-04	2.095893801691345593e-01	1.259877121093393448e-01	2.000000000000000111e-01	1.199999999999999956e+00	5.487029353757499027e-03
3.000000000000000000e+00	1.446642291599621599e-02	4.626850789532676450e-02	5.268173125328827755e-01	2.000000000000000111e-01	1.199999999999999956e+00	1.333970655441631993e-02
4.000000000000000000e+00	-1.864727514850536821e-03	3.699878096862273535e-01	-1.331687434547115245e-01	2.000000000000000111e-01	1.199999999999999956e+00	9.161792224092493026e-03
5.000000000000000000e+00	-5.283174160763793627e-03	5.666019412127974997e-01	-6.556681770011349997e-01	2.000000000000000111e-01	1.199999999999999956e+00	8.821166773743864195e-03
6.000000000000000000e+00	-9.344212459389237765e-03	7.688430423333985075e-01	-1.406642382754445642e+00	2.000000000000000111e-01	1.199999999999999956e+00	9.326529499610686225e-03
7.000000000000000000e+00	-9.183971140794039596e-05	1.559366828336113397e-01	3.341003656597116844e-01	2.000000000000000111e-01	1.199999999999999956e+00	6.561225181241939382e-03
8.000000000000000000e+00	-1.190903537096735026e-03	2.455646322451108809e-01	1.292364099677962841e-01	2.000000000000000111e-01	1.199999999999999956e+00	9.199686809226422304e-03
9.000000000000000000e+00	-1.526218114648004998e-02	9.691347028945439535e-01	-2.287686878127046519e+00	2.000000000000000111e-01	1.199999999999999956e+00	5.212649243021852397e-03
1.000000000000000000e+01	-1.947836046379598828e-03	2.718253562882587682e-01	1.032078840215886473e-01	2.000000000000000111e-01	1.199999999999999956e+00	6.392999377737042070e-03
1.100000000000000000e+01	9.147298640219994311e-04	1.748941090952258470e-01	2.220503711565311455e-01	2.000000000000000111e-01	1.199999999999999956e+00	4.058390944520535830e-03
1.200000000000000000e+01	-2.139025466108356033e-03	2.917445566002583313e-01	5.520068666022659443e-02	2.000000000000000111e-01	1.199999999999999956e+00	4.203822628636186796e-03
1.300000000000000000e+01	-3.872741888205649837e-04	1.950964824300988332e-01	6.352475052950978807e-02	2.000000000000000111e-01	1.199999999999999956e+00	3.969306039289753445e-03
1.400000000000000000e+01	3.054502820765892055e-03	1.767872046283232301e-01	7.772566768695954309e-02	2.000000000000000111e-01	1.199999999999999956e+00	4.911309646460151890e-03
1.500000000000000000e+01	-2.369470492943792379e-03	4.178620199641540078e-01	-3.710871920904557086e-01	2.000000000000000111e-01	1.199999999999999956e+00	6.766407768190621681e-03
1.600000000000000000e+01	1.146825626076683957e-03	1.495434974293006480e-01	3.577528063231438793e-01	2.000000000000000111e-01	1.199999999999999956e+00	6.934990667105488289e-03
1.700000000000000000e+01	3.577085287516278069e-04	2.611062826138690340e-01	1.366518343389304668e-01	2.000000000000000111e-01	1.199999999999999956e+00	9.088059031602799265e-03
1.800000000000000000e+01	5.353963195279273866e-04	7.360006191433771106e-02	5.885381303078447424e-01	2.000000000000000111e-01	1.199999999999999956e+00	6.081979284884817503e-03
1.900000000000000000e+01	3.927114522332404538e-04	1.538829873492455202e-01	4.172185127135250582e-01	2.000000000000000111e-01	1.199999999999999956e+00	7.922617659379916841e-03
2.000000000000000000e+01	1.345009373935894927e-03	1.385541559380137622e-01	1.936988292997727790e-01	2.000000000000000111e-01	1.199999999999999956e+00	7.867711851889660699e-03
2.100000000000000000e+01	-2.101922688231210729e-03	2.616057639752674691e-01	2.048577317127975306e-02	2.000000000000000111e-01	1.199999999999999956e+00	5.072864291732519064e-03
2.200000000000000000e+01	-5.422332993301410067e-04	1.982853305480613282e-01	2.688225635237313504e-01	2.000000000000000111e-01	1.199999999999999956e+00	1.249354680212616531e-02
2.300000000000000000e+01	-5.534486379109015801e-03	4.115829078666849439e-01	-8.033694754073028577e-02	2.000000000000000111e-01	1.199999999999999956e+00	1.067363385017178201e-02
2.400000000000000000e+01	-2.032247996916388951e-04	4.318727648722109347e-01	-4.735143258271925504e-01	2.000000000000000111e-01	1.199999999999999956e+00	4.843385500053789573e-03
2.500000000000000000e+01	1.572768346363973523e-03	1.074720730689816967e-01	5.728410472003468978e-01	2.000000000000000111e-01	1.199999999999999956e+00	1.290602845285944260e-02
2.600000000000000000e+01	-1.339540181514950598e-03	2.808997452869965716e-01	9.975782568642088677e-02	2.000000000000000111e-01	1.199999999999999956e+00	8.167725089442924233e-03
2.700000000000000000e+01	1.080437185317668827e-03	5.368351067996488535e-01	-1.169792877546497856e+00	2.000000000000000111e-01	1.199999999999999956e+00	4.864274034019381091e-03
2.800000000000000000e+01	-1.607978492982710568e-03	3.135837120418266122e-01	-6.418781260174011294e-02	2.000000000000000111e-01	1.199999999999999956e+00	9.477166411043600608e-03
2.900000000000000000e+01	2.169808721228182169e-04	2.638513353991264743e-01	8.410279728404512767e-02	2.000000000000000111e-01	1.199999999999999956e+00	1.018129924861952383e-02
3.000000000000000000e+01	9.975887128941018141e-04	9.547470413559085156e-02	5.551634624203032331e-01	2.000000000000000111e-01	1.199999999999999956e+00	8.331533584392774097e-03
3.100000000000000000e+01	-1.064818704220121381e-03	2.770819903989453770e-01	1.147104018464029096e-01	2.000000000000000111e-01	1.199999999999999956e+00	9.552868804129683797e-03
3.200000000000000000e+01	-1.436458695733151695e-03	2.228854908380525912e-01	1.521730457192456143e-01	2.000000000000000111e-01	1.199999999999999956e+00	1.029837530118206564e-02
3.300000000000000000e+01	-1.692402266939463124e-03	3.172796643879870482e-01	5.987829494262086882e-02	2.000000000000000111e-01	1.199999999999999956e+00	1.069415936833238191e-02
3.400000000000000000e+01	4.283983914037923254e-04	9.535802387377130540e-02	5.967423651371803750e-01	2.000000000000000111e-01	1.199999999999999956e+00	8.358701051907382537e-03
3.500000000000000000e+01	-3.605939800394708907e-04	1.582652918059611891e-01	4.856762196358075379e-01	2.000000000000000111e-01	1.199999999999999956e+00	8.825805676428136529e-03
3.600000000000000000e+01	2.829663657266238454e-03	1.988400278122215981e-01	2.968497095677147257e-01	2.000000000000000111e-01	1.199999999999999956e+00	8.155614271610066301e-03
3.700000000000000000e+01	8.385596275791695731e-05	2.765368432229419193e-01	4.861233408517406929e-02	2.000000000000000111e-01	1.199999999999999956e+00	7.932045264685962799e-03
3.800000000000000000e+01	3.262428561090860999e-04	1.236141477826582513e-01	5.926443568194641465e-01	2.000000000000000111e-01	1.199999999999999956e+00	1.703326362093357874e-02
3.900000000000000000e+01	-1.080276841078468613e-03	4.638975198730549421e-01	-4.886181040177799417e-01	2.000000000000000111e-01	1.199999999999999956e+00	8.237583055989964112e-03
4.000000000000000000e+01	-1.249237523829026947e-02	6.934145142254113381e-01	-9.862111505495514407e-01	2.000000000000000111e-01	1.199999999999999956e+00	1.885551627381296114e-02
4.100000000000000000e+01	4.430426856023372633e-04	1.146539674955115301e-01	5.414701696630714878e-01	2.000000000000000111e-01	1.199999999999999956e+00	9.853615087864836530e-03
4.200000000000000000e+01	7.435665972444617175e-03	3.534148084832369197e-01	-4.426395131181419806e-01	2.000000000000000111e-01	1.199999999999999956e+00	7.963025516329894082e-03
4.300000000000000000e+01	9.811861187847528611e-04	1.532898173075805115e-01	4.146878408813403638e-01	2.000000000000000111e-01	1.199999999999999956e+00	1.809693617923067294e-02
4.400000000000000000e+01	-1.513463068280266471e-02	8.559743258982379643e-01	-1.403661261796510296e+00	2.000000000000000111e-01	1.199999999999999956e+00	1.066907374210866906e-02
4.500000000000000000e+01	-9.284515812488916336e-04	2.585961837265154939e-01	1.718850045227280354e-01	2.000000000000000111e-01	1.199999999999999956e+00	8.566104965076259958e-03
4.600000000000000000e+01	-3.463161820857333143e-04	3.891409548784006689e-01	-3.024632623623855210e-01	2.000000000000000111e-01	1.199999999999999956e+00	5.246565504837771322e-03
4.700000000000000000e+01	-2.620827146778718572e-03	3.559352522685889086e-01	7.793870816236836419e-02	2.000000000000000111e-01	1.199999999999999956e+00	1.315293868828010249e-02
4.800000000000000000e+01	-1.240128180930544861e-04	1.350981236459760093e-01	1.909877198279121835e-01	2.000000000000000111e-01	1.199999999999999956e+00	1.416627609890746143e-03
4.900000000000000000e+01	-1.547214660587488833e-04	2.004561085239104090e-01	2.100897807928401306e-01	2.000000000000000111e-01	1.199999999999999956e+00	4.507059092114573673e-03
5.000000000000000000e+01	-5.194572739903651100e-03	4.071114559296014068e-01	-3.090903649858312008e-01	2.000000000000000111e-01	1.199999999999999956e+00	9.199398732110451379e-03
5.100000000000000000e+01	9.390003978901215144e-04	2.111031587092456752e-01	2.136798880607724271e-01	2.000000000000000111e-01	1.199999999999999956e+00	5.984778283262996885e-03
5.200000000000000000e+01	-2.197824028332011348e-03	3.251612847356725178e-01	-3.580917011879467537e-01	2.000000000000000111e-01	1.199999999999999956e+00	4.482042102042442522e-03
5.300000000000000000e+01	4.242597351041883140e-04	3.201025085476826293e-01	7.929732410273171439e-02	2.000000000000000111e-01	1.199999999999999956e+00	1.347629212715436772e-02
5.400000000000000000e+01	-1.108294197388162532e-02	6.167450024891407701e-01	-1.077923894487725853e+00	2.000000000000000111e-01	1.199999999999999956e+00	6.887273516805345226e-03
5.500000000000000000e+01	1.261082160579149979e-03	1.145719086855433166e-01	4.260122155080212636e-01	2.000000000000000111e-01	1.199999999999999956e+00	4.722343273212544108e-03
5.600000000000000000e+01	-8.192708467336248194e-05	1.760943062982771590e-01	3.001103329379488649e-01	2.000000000000000111e-01	1.199999999999999956e+00	3.939756691092872153e-03
5.700000000000000000e+01	1.112088409978523578e-03	3.199863900743707967e-01	-1.234223068050765981e-01	2.000000000000000111e-01	1.199999999999999956e+00	5.108378930891009466e-03
5.800000000000000000e+01	-2.084299250637989057e-03	2.766769410902599757e-01	9.892746427769338879e-02	2.000000000000000111e-01	1.199999999999999956e+00	7.880956438616956716e-03
5.900000000000000000e+01	-1.734808873407979847e-03	2.842896013056465110e-01	4.639773277602010637e-02	2.000000000000000111e-01	1.199999999999999956e+00	8.554004429225596506e-03
6.000000000000000000e+01	-1.787840657450964505e-03	3.277041726730284266e-01	-3.680473220672819679e-02	2.000000000000000111e-01	1.199999999999999956e+00	1.014761113191501966e-02
6.100000000000000000e+01	-2.711203502219568587e-03	2.879544430138787359e-01	2.464258480633434445e-01	2.000000000000000111e-01	1.199999999999999956e+00	1.431028338072826145e-02
6.200000000000000000e+01	1.765807843291585259e-04	3.733006436290993713e-01	-3.271687356245798206e-01	2.000000000000000111e-01	1.199999999999999956e+00	4.481391400218374434e-03
6.300000000000000000e+01	-1.437052478054479110e-03	3.974615211666091552e-01	-2.964447495238378139e-01	2.000000000000000111e-01	1.199999999999999956e+00	6.603901655851643522e-03
6.400000000000000000e+01	-9.784974626356612512e-03	6.062348841939182442e-01	-7.362257895317751988e-01	2.000000000000000111e-01	1.199999999999999956e+00	3.828367963855442997e-03
6.500000000000000000e+01	1.571347064671536854e-03	2.172972169869829273e-01	2.242099939745796355e-01	2.000000000000000111e-01	1.199999999999999956e+00	5.306149425453991937e-03
6.600000000000000000e+01	8.654189108393888982e-04	7.381042320512050392e-02	5.682249319579548708e-01	2.000000000000000111e-01	1.199999999999999956e+00	5.517245704446386255e-03
6.700000000000000000e+01	-6.052664205554205736e-03	4.520010485322153437e-01	-2.615968976795972623e-01	2.000000000000000111e-01	1.199999999999999956e+00	5.889634452971838352e-03
6.800000000000000000e+01	-7.335218224358420851e-04	3.877160306786432420e-01	-2.391197942861795767e-01	2.000000000000000111e-01	1.199999999999999956e+00	6.695871655521610892e-03
6.900000000000000000e+01	1.034520369282876731e-02	3.002348052373144394e-01	-1.935351485452749820e-01	2.000000000000000111e-01	1.199999999999999956e+00	4.359598492541999493e-03
7.000000000000000000e+01	-1.465361977028158992e-02	7.057836227272590301e-01	-1.177241274315806940e+00	2.000000000000000111e-01	1.199999999999999956e+00	8.543072879858245802e-03
7.100000000000000000e+01	-2.866579567700376901e-03	4.091355876733536734e-01	-3.636774318229987202e-01	2.000000000000000111e-01	1.199999999999999956e+00	7.535416613886548008e-03
7.200000000000000000e+01	-2.755690866255111789e-03	2.992983571336821358e-01	8.568456255786038867e-02	2.000000000000000111e-01	1.199999999999999956e+00	7.066030994907759530e-03
7.300000000000000000e+01	-2.236159444789566700e-02	8.715608391463082194e-01	-1.074662989728124352e+00	2.000000000000000111e-01	1.199999999999999956e+00	8.417763087315028453e-03
7.400000000000000000e+01	-3.485748674745217657e-02	1.065796206503272892e+00	-1.803603717594749689e+00	2.000000000000000111e-01	1.199999999999999956e+00	6.045684026252274613e-03
7.500000000000000000e+01	2.180191859845553859e-03	1.244653193100655891e-01	3.621147976825671577e-01	2.000000000000000111e-01	1.199999999999999956e+00	4.529831492914643785e-03
7.600000000000000000e+01	1.800574600821946763e-03	2.074833207682907632e-01	2.171003083746017026e-01	2.000000000000000111e-01	1.199999999999999956e+00	3.964205763768576321e-03
7.700000000000000000e+01	7.640771430340586061e-04	2.317116101744448042e-01	7.366298935379367308e-02	2.000000000000000111e-01	1.199999999999999956e+00	7.729831513250693190e-03
7.800000000000000000e+01	-4.039278444819161418e-04	1.318488715484474050e-01	4.663039361362821822e-01	2.000000000000000111e-01	1.199999999999999956e+00	1.170218852489115016e-02
7.900000000000000000e+01	1.029615300872594851e-03	1.351605223807599565e-01	4.942816946885972840e-01	2.000000000000000111e-01	1.199999999999999956e+00	7.049140805486998028e-03
8.000000000000000000e+01	1.189030543695939607e-03	8.465844838489869351e-02	6.100204187977968928e-01	2.000000000000000111e-01	1.199999999999999956e+00	9.285384711153223808e-03
8.100000000000000000e+01	-2.838350132719613846e-03	3.783302570095954942e-01	-1.692469193242178704e-01	2.000000000000000111e-01	1.199999999999999956e+00	7.507481773283567264e-03
8.200000000000000000e+01	1.922249679508979906e-03	1.972057723334474655e-01	1.839314880232207905e-01	2.000000000000000111e-01	1.199999999999999956e+00	7.959239709948029082e-03
8.300000000000000000e+01	-1.095043160946488486e-02	7.768707004544216366e-01	-1.476843273551072144e+00	2.000000000000000111e-01	1.199999999999999956e+00	7.548842500743828399e-03
8.400000000000000000e+01	-1.893372865827911908e-02	7.881076732185412492e-01	-8.895026831683372492e-01	2.000000000000000111e-01	1.199999999999999956e+00	8.227102374441630506e-03
8.500000000000000000e+01	-1.491772130401528354e-02	6.363080565703557179e-01	-1.644965456418955085e+00	2.000000000000000111e-01	1.199999999999999956e+00	1.191814790248719030e-01
8.600000000000000000e+01	1.946303156563185515e-03	2.926152303351903239e-01	1.037471216547647401e-02	2.000000000000000111e-01	1.199999999999999956e+00	7.482579093277839932e-03
8.700000000000000000e+01	1.304753431574065189e-02	1.851086888511595252e-01	-5.498859288791568822e-02	2.000000000000000111e-01	1.199999999999999956e+00	4.949159093002274135e-03
8.800000000000000000e+01	-1.077865380870479586e-03	2.634094180096169246e-01	5.542024238923648483e-02	2.000000000000000111e-01	1.199999999999999956e+00	4.937765627853176777e-03
8.900000000000000000e+01	-8.428906073304711808e-04	1.825787306023976542e-01	8.340063854245549635e-02	2.000000000000000111e-01	1.199999999999999956e+00	4.899042014660771882e-03
9.000000000000000000e+01	-2.466884185714147862e-04	6.481275880911369081e-02	5.932846406851757237e-01	2.000000000000000111e-01	1.199999999999999956e+00	3.559230574801990760e-02
9.100000000000000000e+01	-3.175111622971179843e-03	4.028232291034953838e-01	-4.147820300123816750e-01	2.000000000000000111e-01	1.199999999999999956e+00	7.865834398693238513e-03
9.200000000000000000e+01	-2.882770902839269702e-03	3.888451516266765440e-01	-2.678592720268158089e-01	2.000000000000000111e-01	1.199999999999999956e+00	2.348946331045837638e-03
9.300000000000000000e+01	1.501367454773301245e-03	1.483690379468790566e-01	3.515758913940025820e-01	2.000000000000000111e-01	1.199999999999999956e+00	3.781111066153285735e-03
9.400000000000000000e+01	1.856208342773205252e-03	1.614763589032972291e-01	2.958577009977410022e-01	2.000000000000000111e-01	1.199999999999999956e+00	4.645778801463719757e-03
9.500000000000000000e+01	8.519662798969403498e-05	1.825011212200725874e-01	3.529728245172254475e-01	2.000000000000000111e-01	1.199999999999999956e+00	1.105408006948213097e-02
9.600000000000000000e+01	8.898971066763968363e-04	2.484022843465312491e-01	-1.516567503072598910e-01	2.000000000000000111e-01	1.199999999999999956e+00	2.487941353354504535e-03
9.700000000000000000e+01	2.202335182539090974e-04	1.372678820364147401e-01	4.787088690806236002e-01	2.000000000000000111e-01	1.199999999999999956e+00	1.230205879932640654e-02
9.800000000000000000e+01	1.689285564033394431e-03	1.490324281618838620e-01	2.093181178019434263e-01	2.000000000000000111e-01	1.199999999999999956e+00	1.628368574440194460e-03
9.900000000000000000e+01	-1.064408857335203675e-03	1.984054951043725812e-01	3.404704221271739328e-01	2.000000000000000111e-01	1.199999999999999956e+00	6.946635699381897497e-03
1.000000000000000000e+02	-3.779650619229309172e-03	3.563055587548332737e-01	-2.170006540821400876e-02	2.000000000000000111e-01	1.199999999999999956e+00	9.226222365170320266e-03
1.010000000000000000e+02	-7.088077777051213224e-04	2.140760055222946101e-01	1.255134405226252525e-01	2.000000000000000111e-01	1.199999999999999956e+00	4.090547625514265317e-03
1.020000000000000000e+02	1.381921930325586030e-03	1.177289430509322332e-01	4.576034628553742323e-01	2.000000000000000111e-01	1.199999999999999956e+00	4.749341918308954726e-03
1.030000000000000000e+02	-2.534440476751086743e-03	2.878457629464056811e-01	5.485857704163166204e-02	2.000000000000000111e-01	1.199999999999999956e+00	1.086775660230422484e-02
1.040000000000000000e+02	4.335159783357077335e-04	1.895127552494640655e-01	3.185833545616274520e-01	2.000000000000000111e-01	1.199999999999999956e+00	7.586212157662518621e-03
1.050000000000000000e+02	-1.549785311116946146e-04	2.224236998911156837e-01	1.478563150149976302e-01	2.000000000000000111e-01	1.199999999999999956e+00	5.732086667658627989e-03
1.060000000000000000e+02	-3.680130285789834713e-03	4.204393691938588806e-01	-3.470979601976900142e-01	2.000000000000000111e-01	1.199999999999999956e+00	1.653719152727192027e-02
1.070000000000000000e+02	-2.367785152699107391e-04	2.733237491829939025e-01	-9.712903987640686410e-02	2.000000000000000111e-01	1.199999999999999956e+00	4.896631780668007916e-03
1.080000000000000000e+02	-1.069450524876547392e-03	4.602614396725632218e-01	-3.569331877134738207e-01	2.000000000000000111e-01	1.199999999999999956e+00	7.467404184098312518e-03
1.090000000000000000e+02	-4.627244752298614872e-03	4.357491211109918439e-01	-2.964635758244833497e-01	2.000000000000000111e-01	1.199999999999999956e+00	7.924839533927663729e-03
1.100000000000000000e+02	2.340444500681124716e-03	1.415883055078940023e-01	3.633750552395467182e-01	2.000000000000000111e-01	1.199999999999999956e+00	5.865538683388867199e-03
1.110000000000000000e+02	-2.971926609603164991e-03	3.206389703383306644e-01	1.272470934603955328e-01	2.000000000000000111e-01	1.199999999999999956e+00	7.500119898568623558e-03
1.120000000000000000e+02	1.110997738741629137e-03	7.930991179581817208e-02	6.575791091108158515e-01	2.000000000000000111e-01	1.199999999999999956e+00	8.288836021697013057e-03
1.130000000000000000e+02	-5.872737209210955253e-03	4.601382857436007168e-01	-2.481213356474762932e-01	2.000000000000000111e-01	1.199999999999999956e+00	4.232005007062553288e-03
1.140000000000000000e+02	7.910381557945737321e-04	1.835764196158430617e-01	2.436670870558645952e-01	2.000000000000000111e-01	1.199999999999999956e+00	5.416419623279240293e-03
1.150000000000000000e+02	-6.582798037169772416e-03	5.113775575331522827e-01	-2.214829569234995077e-01	2.000000000000000111e-01	1.199999999999999956e+00	8.388392722351730238e-03
1.160000000000000000e+02	-1.480850154146159297e-03	2.727806455662208918e-01	1.739355498351269347e-01	2.000000000000000111e-01	1.199999999999999956e+00	7.265949436566524096e-03
1.170000000000000000e+02	1.073855652590506235e-03	1.242757492685595544e-01	5.655071259372115300e-01	2.000000000000000111e-01	1.199999999999999956e+00	1.631156438787325844e-02
1.180000000000000000e+02	2.091445778920043418e-03	3.646664194823051597e-01	-2.558505902836838430e-01	2.000000000000000111e-01	1.199999999999999956e+00	1.159293540789174855e-02
1.190000000000000000e+02	-1.126661343413089440e-02	6.336599508204268094e-01	-9.539946660250251398e-01	2.000000000000000111e-01	1.199999999999999956e+00	1.511802734712572663e-02
1.200000000000000000e+02	-1.201135437993997718e-02	6.948698000212071291e-01	-7.730790474701576542e-01	2.000000000000000111e-01	1.199999999999999956e+00	9.250136351831472759e-03
1.210000000000000000e+02	2.076485534727666536e-03	2.746969764024356220e-01	-2.115854800899938937e-01	2.000000000000000111e-01	1.199999999999999956e+00	3.141394264095098265e-03
1.220000000000000000e+02	-1.112980163741841486e-02	6.629857148599067607e-01	-9.118670018424817059e-01	2.000000000000000111e-01	1.199999999999999956e+00	8.217933411450625489e-03
1.230000000000000000e+02	-5.243064838575924383e-03	5.027893645587656613e-01	-2.237406889941953025e-01	2.000000000000000111e-01	1.199999999999999956e+00	6.141390671967728032e-03
1.240000000000000000e+02	-1.234290426465463287e-03	2.428735391977721036e-01	6.648759432744899556e-02	2.000000000000000111e-01	1.199999999999999956e+00	8.739177387777965003e-03
1.250000000000000000e+02	-1.971170089397415726e-02	7.428435731078694149e-01	-8.132595254790739858e-01	2.000000000000000111e-01	1.199999999999999956e+00	7.549938506119647889e-03
1.260000000000000000e+02	-3.903618054125908982e-02	1.186363758813097080e+00	-2.387705403513529667e+00	2.000000000000000111e-01	1.199999999999999956e+00	7.693126278682285366e-03
1.270000000000000000e+02	-9.804789873495412672e-03	6.734407707409797439e-01	-1.574244234802603337e+00	2.000000000000000111e-01	1.199999999999999956e+00	2.807670457564453298e-03
1.280000000000000000e+02	-9.313364298036789233e-04	3.790532653752531900e-01	-1.192869304300825384e-01	2.000000000000000111e-01	1.199999999999999956e+00	1.052807993858665032e-02
1.290000000000000000e+02	-2.039968502836912376e-03	4.319220616095285625e-01	-3.246985170428411394e-01	2.000000000000000111e-01	1.199999999999999956e+00	2.753393106327363393e-03
1.300000000000000000e+02	1.875182708218464970e-03	1.410819949624606551e-01	3.935483252499487605e-01	2.000000000000000111e-01	1.199999999999999956e+00	5.449456869481757518e-03
1.310000000000000000e+02	2.972983346351604304e-03	5.867070846160439279e-01	-1.112004413326615371e+00	2.000000000000000111e-01	1.199999999999999956e+00	4.609060748929913638e-03
1.320000000000000000e+02	2.077810202233740418e-03	3.417411800219329887e-01	-4.595359291030511883e-01	2.000000000000000111e-01	1.199999999999999956e+00	4.552379242681667791e-03
1.330000000000000000e+02	-8.146802007105670082e-04	1.855872665086446827e-01	3.118835720557480151e-01	2.000000000000000111e-01	1.199999999999999956e+00	4.786010127298520947e-03
1.340000000000000000e+02	4.436316264963144026e-04	1.411065745058626975e-01	3.308704511304756402e-01	2.000000000000000111e-01	1.199999999999999956e+00	6.562573287153828858e-03
1.350000000000000000e+02	-4.012128254759002310e-03	3.159167082279015215e-01	1.324152074615456698e-01	2.000000000000000111e-01	1.199999999999999956e+00	9.466887127719611147e-03
1.360000000000000000e+02	-1.074725925362882356e-03	1.783497203132945741e-01	3.760352641457735956e-01	2.000000000000000111e-01	1.199999999999999956e+00	4.410056047074191639e-03
1.370000000000000000e+02	-2.803654941134292068e-03	3.739200478374705150e-01	-1.451027803503839309e-01	2.000000000000000111e-01	1.199999999999999956e+00	4.991938499991703006e-03
1.380000000000000000e+02	-2.569246437943112187e-03	4.354982999060801885e-01	-6.062295532995500835e-01	2.000000000000000111e-01	1.199999999999999956e+00	6.222153825217418936e-03
1.390000000000000000e+02	-4.770518201423183322e-03	4.825130589706405071e-01	-7.388006876697321701e-01	2.000000000000000111e-01	1.199999999999999956e+00	4.983728777717655670e-03
1.400000000000000000e+02	-6.382025406232800157e-04	1.963821853439314535e-01	2.920660508870041028e-01	2.000000000000000111e-01	1.199999999999999956e+00	9.147120458204602636e-03
1.410000000000000000e+02	-5.659165258778634661e-04	1.731335844124472501e-01	3.857318473218236399e-01	2.000000000000000111e-01	1.199999999999999956e+00	4.670378653032497204e-03
1.420000000000000000e+02	-4.286783827190869902e-04	1.978378402296894767e-01	3.315215642888968972e-02	2.000000000000000111e-01	1.199999999999999956e+00	2.400283555103454973e-03
1.430000000000000000e+02	-2.326315360021758739e-03	2.133631393446225322e-01	-1.586893293559903384e-01	2.000000000000000111e-01	1.199999999999999956e+00	4.361009059844757341e-02
1.440000000000000000e+02	6.535429030794839269e-04	8.008550568074758458e-02	5.465207171286170507e-01	2.000000000000000111e-01	1.199999999999999956e+00	4.051563204209157609e-03
1.450000000000000000e+02	2.882305986596442934e-03	2.821695786419549101e-01	-2.873047484954285302e-01	2.000000000000000111e-01	1.199999999999999956e+00	3.206167132023764101e-03
1.460000000000000000e+02	1.886055946605755349e-03	1.877861018228344225e-01	3.045672263143521796e-01	2.000000000000000111e-01	1.199999999999999956e+00	7.018189028823244337e-03
1.470000000000000000e+02	2.221089075487095617e-03	2.977055622087766418e-01	5.687880499731123862e-02	2.000000000000000111e-01	1.199999999999999956e+00	1.037076686684465683e-02
1.480000000000000000e+02	-4.712191071919108812e-03	4.388178792739887979e-01	-4.071102600344831401e-01	2.000000000000000111e-01	1.199999999999999956e+00	5.295394720245179612e-03
1.490000000000000000e+02	-1.886748039203349004e-04	2.002933080725194936e-01	1.866647073816554148e-01	2.000000000000000111e-01	1.199999999999999956e+00	5.112649682283613647e-03
1.500000000000000000e+02	3.746574794928604624e-03	1.513577431634126058e-01	3.580198368105365070e-01	2.000000000000000111e-01	1.199999999999999956e+00	6.976674173637148479e-03
1.510000000000000000e+02	7.705599735104570139e-04	1.095380388682876682e-01	5.471636534205837066e-01	2.000000000000000111e-01	1.199999999999999956e+00	9.644927842066801024e-03
1.520000000000000000e+02	-1.572806072370425134e-03	4.714906069087345108e-01	-5.563176954499367000e-01	2.000000000000000111e-01	1.199999999999999956e+00	4.083648955263289096e-03
1.530000000000000000e+02	-6.689975470596235506e-03	4.632490651483897603e-01	-4.297510849968073643e-01	2.000000000000000111e-01	1.199999999999999956e+00	6.341590179862700502e-03
1.540000000000000000e+02	-3.275258803854006438e-03	5.343857117014032543e-01	-2.869326239664280465e-01	2.000000000000000111e-01	1.199999999999999956e+00	1.097765387109011018e-02
1.550000000000000000e+02	1.804452739570636024e-04	1.430506991243044035e-01	4.739690349428298255e-01	2.000000000000000111e-01	1.199999999999999956e+00	1.022372550884193855e-02
1.560000000000000000e+02	8.125187477567296116e-04	1.071925331381773372e-01	5.091981493964348182e-01	2.000000000000000111e-01	1.199999999999999956e+00	9.184472568075160645e-03
1.570000000000000000e+02	3.160510606836788123e-05	1.805131094513958701e-01	3.379605436361323711e-01	2.000000000000000111e-01	1.199999999999999956e+00	6.545929843925663537e-03
1.580000000000000000e+02	-2.252352641755085271e-03	3.350951648035230268e-01	-2.835569479584751917e-01	2.000000000000000111e-01	1.199999999999999956e+00	7.089687873358951897e-03
1.590000000000000000e+02	1.255007644946430287e-03	1.368031405551618229e-01	4.007899117886859486e-01	2.000000000000000111e-01	1.199999999999999956e+00	8.219605434145087555e-03
1.600000000000000000e+02	8.414350745965323711e-04	8.332307189555100690e-02	4.641409728293974801e-01	2.000000000000000111e-01	1.199999999999999956e+00	3.410119203155214957e-03
1.610000000000000000e+02	9.189178047489400102e-04	3.119603430823532642e-01	1.241462045960921579e-01	2.000000000000000111e-01	1.199999999999999956e+00	1.097058653280858810e-02
1.620000000000000000e+02	-1.829803858911695366e-04	1.689437839142294562e-01	2.115016543611458744e-01	2.000000000000000111e-01	1.199999999999999956e+00	2.430990153952632387e-03
1.630000000000000000e+02	1.180529307787823263e-03	9.595627945367808664e-02	4.681638380438739588e-01	2.000000000000000111e-01	1.199999999999999956e+00	5.417294671509460466e-03
1.640000000000000000e+02	7.890988067627182755e-04	5.826167908680073004e-02	7.030506901265709541e-01	2.000000000000000111e-01	1.199999999999999956e+00	7.555751895899703689e-03
1.650000000000000000e+02	-1.121393144993572963e-03	3.004502276700635188e-01	-1.203642255959422869e-01	2.000000000000000111e-01	1.199999999999999956e+00	8.188019239983640105e-03
1.660000000000000000e+02	-3.329533183222923892e-04	7.535672983037046413e-02	7.732807528085068327e-01	2.000000000000000111e-01	1.199999999999999956e+00	9.407179914374516616e-02
1.670000000000000000e+02	-1.637291849432959994e-05	2.154124227147300452e-01	2.247774906419039986e-01	2.000000000000000111e-01	1.199999999999999956e+00	1.033823470517090774e-02
1.680000000000000000e+02	1.180106114033377352e-03	5.367894266329801267e-01	-1.070509494073974111e+00	2.000000000000000111e-01	1.199999999999999956e+00	5.106983153444753787e-02
1.690000000000000000e+02	-1.083674195299620625e-03	6.054603977856464203e-01	-9.957736182543746040e-01	2.000000000000000111e-01	1.199999999999999956e+00	4.885616005965031164e-03
1.700000000000000000e+02	-1.595669947751848002e-03	2.443473300287714312e-01	1.037686415550655994e-01	2.000000000000000111e-01	1.199999999999999956e+00	6.706528594276656326e-03
1.710000000000000000e+02	9.394654271906873431e-04	2.440095699449872646e-01	-3.456900860737421866e-02	2.000000000000000111e-01	1.199999999999999956e+00	4.059153363474675945e-03
1.720000000000000000e+02	-5.537416902399250676e-03	3.926177033230475177e-01	-1.264733021406989621e-01	2.000000000000000111e-01	1.199999999999999956e+00	8.802180391632498727e-03
1.730000000000000000e+02	-1.409619756665474828e-03	2.148904552364446774e-01	7.103373752533936880e-02	2.000000000000000111e-01	1.199999999999999956e+00	7.667528165915112222e-03
1.740000000000000000e+02	-2.174431198356992830e-03	3.131247679917494864e-01	1.043164264170508559e-01	2.000000000000000111e-01	1.199999999999999956e+00	1.362393191557225922e-02
1.750000000000000000e+02	-2.630378432616233692e-03	2.510691598837018756e-01	1.181185180562920323e-01	2.000000000000000111e-01	1.199999999999999956e+00	3.587986612838167839e-03
1.760000000000000000e+02	-2.922844466001168822e-04	1.981990196649846547e-01	2.674502236029363544e-01	2.000000000000000111e-01	1.199999999999999956e+00	9.183344406501325191e-03
1.770000000000000000e+02	1.061244640595825333e-03	2.134430427992648205e-01	1.296016952686143142e-01	2.000000000000000111e-01	1.199999999999999956e+00	5.832223361487337554e-03
1.780000000000000000e+02	-6.211105608349884975e-04	3.225859536814142392e-01	-2.038502013479766006e-01	2.000000000000000111e-01	1.199999999999999956e+00	4.212683349541781856e-03
1.790000000000000000e+02	-5.785730583021483518e-04	2.372383590159832523e-01	1.518034083427353131e-01	2.000000000000000111e-01	1.199999999999999956e+00	4.629074156482906009e-03
1.800000000000000000e+02	2.501191424305234659e-04	1.778212255711506817e-01	3.451226470537367419e-01	2.000000000000000111e-01	1.199999999999999956e+00	1.075253810512544206e-02
1.810000000000000000e+02	-3.509999750263907616e-03	4.153017433541854597e-01	-2.461354193700637794e-01	2.000000000000000111e-01	1.199999999999999956e+00	7.509882886194573295e-03
1.820000000000000000e+02	-3.128964619874621388e-03	2.998246843083629543e-01	1.292950110797903562e-01	2.000000000000000111e-01	1.199999999999999956e+00	7.696023914841318772e-03
1.830000000000000000e+02	2.648644590043686999e-03	1.445380548815828059e-01	4.468875099723055300e-01	2.000000000000000111e-01	1.199999999999999956e+00	1.382247487922648281e-02
1.840000000000000000e+02	-1.001719528076832760e-01	1.887539477549863509e+00	-3.262664429914023501e+00	2.000000000000000111e-01	1.199999999999999956e+00	8.120035985203862341e-03
1.850000000000000000e+02	-2.969147627315121829e-03	3.531068784538394789e-01	-2.240252640482669477e-01	2.000000000000000111e-01	1.199999999999999956e+00	5.942987981345909318e-03
1.860000000000000000e+02	-2.666995828320107079e-03	3.144805869192179859e-01	-1.453630691333271940e-01	2.000000000000000111e-01	1.199999999999999956e+00	6.332545166460491412e-03
1.870000000000000000e+02	4.941730078679520445e-04	1.292063053407942197e-01	3.278198664822720154e-01	2.000000000000000111e-01	1.199999999999999956e+00	4.160864504989341371e-03
1.880000000000000000e+02	3.337457517915004015e-04	1.052659335343414243e-01	5.715883865026363253e-01	2.000000000000000111e-01	1.199999999999999956e+00	6.387079993572434763e-03
1.890000000000000000e+02	-2.102779326721076342e-02	1.037516750484251515e+00	-1.469993548088999624e+00	2.000000000000000111e-01	1.199999999999999956e+00	8.880192635834126963e-03
1.900000000000000000e+02	-1.666706989580017759e-03	2.101656952806250922e-01	4.256770327783065966e-01	2.000000000000000111e-01	1.199999999999999956e+00	9.501191955618572965e-03
1.910000000000000000e+02	-1.447676333273320787e-03	2.883311400465824459e-01	1.282872718560676972e-01	2.000000000000000111e-01	1.199999999999999956e+00	6.405867693196198344e-03
1.920000000000000000e+02	-6.117361173466745287e-03	4.415120672061443874e-01	-3.308287666839362373e-01	2.000000000000000111e-01	1.199999999999999956e+00	6.895372241745024479e-03
1.930000000000000000e+02	1.503099020534504797e-03	7.789050237594011272e-02	4.550589054400486777e-01	2.000000000000000111e-01	1.199999999999999956e+00	3.673615916287800709e-03
1.940000000000000000e+02	3.320875417299345295e-03	2.981187276474415171e-01	6.330231152460807920e-02	2.000000000000000111e-01	1.199999999999999956e+00	6.220647200697745904e-03
1.950000000000000000e+02	1.938404073946372805e-03	1.777955674815689391e-01	2.198457237881377146e-01	2.000000000000000111e-01	1.199999999999999956e+00	5.047974467540563767e-03
1.960000000000000000e+02	-1.351678126438607668e-03	1.970314879462984892e-01	4.475891995055212291e-01	2.000000000000000111e-01	1.199999999999999956e+00	1.178644655687463919e-02
1.970000000000000000e+02	1.187874655092320021e-03	1.036994397205190099e-01	4.983316839752260918e-01	2.000000000000000111e-01	1.199999999999999956e+00	5.114527088464487260e-03
1.980000000000000000e+02	-6.221615737484603986e-04	1.770247742075909958e-01	3.885497359337897194e-01	2.000000000000000111e-01	1.199999999999999956e+00	6.675565727838428907e-03
1.990000000000000000e+02	1.930061661774011735e-03	1.805750988228449483e-01	2.485328534936663836e-01	2.000000000000000111e-01	1.199999999999999956e+00	8.590595474200843004e-03
2.000000000000000000e+02	-1.069873647597016858e-03	2.381816416263771996e-01	1.505248019417626537e-01	2.000000000000000111e-01	1.199999999999999956e+00	6.689943527061660219e-03
2.010000000000000000e+02	2.357783712380005911e-04	1.203323967258452809e-01	4.510883991960361605e-01	2.000000000000000111e-01	1.199999999999999956e+00	2.874860861099056992e-03
2.020000000000000000e+02	-2.932533405369642122e-03	3.639731293404255830e-01	-1.122590059769175141e-01	2.000000000000000111e-01	1.199999999999999956e+00	1.470216440900081432e-02
2.030000000000000000e+02	-3.007028285677453071e-04	1.241731599603859149e-01	4.513950090336877885e-01	2.000000000000000111e-01	1.199999999999999956e+00	5.175073193311026561e-03
2.040000000000000000e+02	-4.753281950866717655e-03	4.090649080625254341e-01	-3.804171752116403127e-02	2.000000000000000111e-01	1.199999999999999956e+00	6.309161841974870663e-03
2.050000000000000000e+02	1.902281782833519603e-03	1.415704985169924102e-01	4.838704255092287632e-01	2.000000000000000111e-01	1.199999999999999956e+00	6.277516746167495325e-03
2.060000000000000000e+02	1.570886660785928866e-03	8.761196239931173801e-02	5.529050551933727409e-01	2.000000000000000111e-01	1.199999999999999956e+00	9.483977127127719148e-03
2.070000000000000000e+02	-3.789561453665722061e-03	3.340845362396744345e-01	-3.249420815846972843e-01	2.000000000000000111e-01	1.199999999999999956e+00	9.071432232466092316e-03
2.080000000000000000e+02	-8.955842104044505966e-03	5.086587304501153373e-01	-4.205754633475233817e-01	2.000000000000000111e-01	1.199999999999999956e+00	1.063673379565275960e-02
2.090000000000000000e+02	-1.736085660765078562e-03	2.410750844481402699e-01	1.834773325267562427e-01	2.000000000000000111e-01	1.199999999999999956e+00	9.190660157754092577e-03
2.100000000000000000e+02	-7.224732281928530203e-03	5.310553921394431942e-01	-3.406087078665418488e-01	2.000000000000000111e-01	1.199999999999999956e+00	7.539082135971711222e-03
2.110000000000000000e+02	-1.339127884128994261e-03	3.881320084695673578e-01	-1.193692012679319348e-01	2.000000000000000111e-01	1.199999999999999956e+00	7.699830289606098173e-03
2.120000000000000000e+02	-1.078908037806330499e-03	2.647448198869595815e-01	1.970744306659675260e-01	2.000000000000000111e-01	1.199999999999999956e+00	1.024531095372354338e-02
2.130000000000000000e+02	-1.628803784271076749e-03	3.175441632250334267e-01	5.920632578274176439e-02	2.000000000000000111e-01	1.199999999999999956e+00	4.149057498085988518e-03
2.140000000000000000e+02	-7.901636397522443208e-04	2.278109605311143260e-01	1.347029300501212390e-01	2.000000000000000111e-01	1.199999999999999956e+00	3.025599116937960961e-03
2.150000000000000000e+02	7.504632635594498053e-04	4.244868732543787271e-01	-6.198483109976269390e-01	2.000000000000000111e-01	1.199999999999999956e+00	4.643216715902210266e-03
2.160000000000000000e+02	6.328259501884042496e-04	1.320569405255466733e-01	3.494520567502337194e-01	2.000000000000000111e-01	1.199999999999999956e+00	1.014763787582019690e-02
2.170000000000000000e+02	2.301026105346207738e-03	1.942408929658882011e-01	2.689807611975978396e-01	2.000000000000000111e-01	1.199999999999999956e+00	2.308190084123752563e-03
2.180000000000000000e+02	3.629768879033366726e-04	1.409223652990165554e-01	2.610215851689865474e-01	2.000000000000000111e-01	1.199999999999999956e+00	4.387892241771973977e-03
2.190000000000000000e+02	-4.499664184480024580e-03	3.544871944465710079e-01	1.231024310488209039e-01	2.000000000000000111e-01	1.199999999999999956e+00	1.159651220990625883e-02
2.200000000000000000e+02	6.229471007582770446e-04	1.145876686085241097e-01	4.540197716361458191e-01	2.000000000000000111e-01	1.199999999999999956e+00	5.575797012636445234e-03
2.210000000000000000e+02	-1.769520289840635988e-02	8.413299670670266739e-01	-9.775615128437022960e-01	2.000000000000000111e-01	1.199999999999999956e+00	1.093784398882684424e-02
2.220000000000000000e+02	1.731953590391023339e-04	1.473823667556825590e-01	3.900366760682794087e-01	2.000000000000000111e-01	1.199999999999999956e+00	5.323827363613433360e-03
2.230000000000000000e+02	-1.780787689701977469e-02	7.789327170112118059e-01	-1.050444498450898045e+00	2.000000000000000111e-01	1.199999999999999956e+00	3.951609383283317435e-03
2.240000000000000000e+02	6.286326651343984674e-04	1.876292873301710629e-01	2.895825358521815218e-01	2.000000000000000111e-01	1.199999999999999956e+00	4.349436602324811482e-03
2.250000000000000000e+02	-3.192318558738257463e-03	3.076689323838253665e-01	-8.841274587388348039e-02	2.000000000000000111e-01	1.199999999999999956e+00	6.588149290538103733e-03
2.260000000000000000e+02	5.588682580350446284e-04	1.303794612219167370e-01	4.851058999584636489e-01	2.000000000000000111e-01	1.199999999999999956e+00	3.596550003711774385e-02
2.270000000000000000e+02	3.216923567578471098e-04	1.243192876785046280e-01	4.483788311667851190e-01	2.000000000000000111e-01	1.199999999999999956e+00	6.027099126419239832e-03
2.280000000000000000e+02	2.916332036356937747e-04	1.402419518996867454e-01	3.800843467814689625e-01	2.000000000000000111e-01	1.199999999999999956e+00	8.232789727617064596e-03
2.290000000000000000e+02	2.839795253110070222e-03	1.357824738362117811e-01	4.216403837114675035e-01	2.000000000000000111e-01	1.199999999999999956e+00	1.225150548251954970e-02
2.300000000000000000e+02	5.826111605936225160e-04	1.220029413941066537e-01	4.911013267678443484e-01	2.000000000000000111e-01	1.199999999999999956e+00	7.863334524847496662e-03
2.310000000000000000e+02	3.583015742561570008e-04	7.014292285137618821e-02	6.396087902876974596e-01	2.000000000000000111e-01	1.199999999999999956e+00	6.653007011162704286e-03
2.320000000000000000e+02	1.199842624636143600e-03	1.833467462571284623e-01	2.737885214925568356e-01	2.000000000000000111e-01	1.199999999999999956e+00	7.810996685279189035e-03
2.330000000000000000e+02	9.992783364640041559e-04	1.675269585785020277e-01	3.731310139188757091e-01	2.000000000000000111e-01	1.199999999999999956e+00	1.138488655530226802e-02
2.340000000000000000e+02	-6.493377579182355551e-03	5.022196937813471207e-01	-3.188681129583175178e-01	2.000000000000000111e-01	1.199999999999999956e+00	1.288109517135935071e-02
2.350000000000000000e+02	2.006651745465809283e-04	1.837621006082392205e-01	2.448813239316960377e-01	2.000000000000000111e-01	1.199999999999999956e+00	3.574105802420095811e-03
2.360000000000000000e+02	-7.867288995152737835e-04	2.515417701782116655e-01	-3.069994588873825592e-02	2.000000000000000111e-01	1.199999999999999956e+00	4.887199966666160370e-03
2.370000000000000000e+02	6.573908452902036022e-03	1.920125551495114324e-01	1.262787473725190956e-01	2.000000000000000111e-01	1.199999999999999956e+00	6.316652804689039218e-03
2.380000000000000000e+02	-7.455624687292295230e-03	5.184860813541339875e-01	-5.669780973736635588e-01	2.000000000000000111e-01	1.199999999999999956e+00	8.099758876206114913e-03
2.390000000000000000e+02	4.048205944508647433e-04	1.214242110043985967e-01	4.728128371257218632e-01	2.000000000000000111e-01	1.199999999999999956e+00	1.077594442319880497e-02
2.400000000000000000e+02	-2.141894250954775279e-03	2.563629836823466124e-01	1.827838586097794149e-01	2.000000000000000111e-01	1.199999999999999956e+00	4.872705764564358617e-03
2.410000000000000000e+02	8.660514881906197174e-04	1.297574608170657673e-01	4.782089084825602576e-01	2.000000000000000111e-01	1.199999999999999956e+00	5.816301839065791089e-03
2.420000000000000000e+02	1.316862477971397294e-03	9.669245791832427328e-02	4.405519966125148734e-01	2.000000000000000111e-01	1.199999999999999956e+00	5.104448491511059428e-03
2.430000000000000000e+02	-4.799874826474682075e-03	4.370428712064171051e-01	-6.712660598946280643e-01	2.000000000000000111e-01	1.199999999999999956e+00	5.532143245383202255e-03
2.440000000000000000e+02	1.516821571540236157e-03	1.300109081270959532e-01	4.832571803165044422e-01	2.000000000000000111e-01	1.199999999999999956e+00	1.325991317045922650e-02
2.450000000000000000e+02	3.522501167870033777e-03	1.557203815267678149e-01	1.674841950336545260e-01	2.000000000000000111e-01	1.199999999999999956e+00	5.866271217643971581e-03
2.460000000000000000e+02	-3.036478686891222510e-04	2.681715883322213778e-01	-1.401406921868684208e-01	2.000000000000000111e-01	1.199999999999999956e+00	3.205463094355051092e-03
2.470000000000000000e+02	-6.050497957198242710e-02	1.848185966629987131e+00	-3.604829478777187290e+00	2.000000000000000111e-01	1.199999999999999956e+00	4.797604273099967571e-03
2.480000000000000000e+02	3.938691168286016222e-04	2.662244173708356865e-01	-2.089844110219951645e-02	2.000000000000000111e-01	1.199999999999999956e+00	7.194935394930273773e-03
2.490000000000000000e+02	9.393682456687317724e-04	8.678847127489131008e-02	5.652256013024148373e-01	2.000000000000000111e-01	1.199999999999999956e+00	4.338649462717752980e-03
2.500000000000000000e+02	-9.722690276974959439e-03	5.200327082485763919e-01	-2.717220236950383949e-01	2.000000000000000111e-01	1.199999999999999956e+00	1.085218080660677042e-02
2.510000000000000000e+02	-6.023969864875947447e-03	3.724383194475847647e-01	-7.145940431354382838e-01	2.000000000000000111e-01	1.199999999999999956e+00	2.274725053956083709e-02
2.520000000000000000e+02	-2.296405662753360066e-03	2.134490005761877085e-01	-1.133792953639352064e-01	2.000000000000000111e-01	1.199999999999999956e+00	3.152558210025778462e-02
2.530000000000000000e+02	1.872786867103083328e-03	1.893011868740009651e-01	2.853083356786565439e-01	2.000000000000000111e-01	1.199999999999999956e+00	7.834909173048998018e-03
2.540000000000000000e+02	1.064923439269145795e-02	3.531741111369086639e-01	-3.935825139268938067e-01	2.000000000000000111e-01	1.199999999999999956e+00	6.920512455983601763e-03
2.550000000000000000e+02	5.297529196679105984e-04	1.888523038941154752e-01	2.267857787803797542e-01	2.000000000000000111e-01	1.199999999999999956e+00	4.697138951451954557e-03
2.560000000000000000e+02	-1.208203562063693689e-03	2.172660145223709316e-01	1.857907577884763128e-01	2.000000000000000111e-01	1.199999999999999956e+00	8.864046669108355953e-03
2.570000000000000000e+02	4.043489987078511313e-04	2.981435658683510570e-01	-1.938653940401735554e-02	2.000000000000000111e-01	1.199999999999999956e+00	2.693719790816183606e-03
2.580000000000000000e+02	1.542304784829633666e-04	2.174020996827268626e-01	8.015820839675535936e-02	2.000000000000000111e-01	1.199999999999999956e+00	3.524564423315675911e-03
2.590000000000000000e+02	5.237088470966720036e-04	1.693246300236098123e-01	3.028323526243257291e-01	2.000000000000000111e-01	1.199999999999999956e+00	5.231289127854637545e-03
2.600000000000000000e+02	4.102491544241854485e-03	2.050462642673522018e-01	1.555585173958959899e-01	2.000000000000000111e-01	1.199999999999999956e+00	8.061359745487706868e-03
2.610000000000000000e+02	2.882797126036156215e-03	1.286650707053702269e-01	3.775417958517102157e-01	2.000000000000000111e-01	1.199999999999999956e+00	6.662931452157362308e-03
2.620000000000000000e+02	-5.131282969468941137e-04	2.865948691544038529e-01	1.353502121828964455e-01	2.000000000000000111e-01	1.199999999999999956e+00	9.025985235005723473e-03
2.630000000000000000e+02	-1.628873363376711183e-03	3.674166824512644092e-01	-2.697802121050942858e-01	2.000000000000000111e-01	1.199999999999999956e+00	6.091447758746627861e-03
2.640000000000000000e+02	2.213055706834766946e-04	1.166806065825995720e-01	4.986665052733298964e-01	2.000000000000000111e-01	1.199999999999999956e+00	6.616189248925979406e-03
2.650000000000000000e+02	-5.321894388006615309e-03	4.111332114102362323e-01	-4.082724320881156999e-01	2.000000000000000111e-01	1.199999999999999956e+00	9.184749014701138609e-03
2.660000000000000000e+02	2.715182044007557593e-04	1.297891062911392113e-01	4.554759722563170854e-01	2.000000000000000111e-01	1.199999999999999956e+00	6.073393587420775064e-03
2.670000000000000000e+02	-2.734362315246397293e-03	2.675701944745746408e-01	2.124677934783418820e-01	2.000000000000000111e-01	1.199999999999999956e+00	1.308584722490801176e-02
2.680000000000000000e+02	-1.836985363199623118e-03	2.980038089695297709e-01	3.513883078445179109e-02	2.000000000000000111e-01	1.199999999999999956e+00	9.199937895243153960e-03
2.690000000000000000e+02	-4.715910889150030753e-03	5.382793782284650552e-01	-4.404924471830860000e-01	2.000000000000000111e-01	1.199999999999999956e+00	6.966645092909611904e-03
2.700000000000000000e+02	4.001202934062250000e-04	1.136414958950934945e-01	3.922225616325079045e-01	2.000000000000000111e-01	1.199999999999999956e+00	2.498940187369542900e-03
2.710000000000000000e+02	-4.092130911039423835e-03	5.929019735283224124e-01	-6.340737745429789740e-01	2.000000000000000111e-01	1.199999999999999956e+00	9.777551703245776493e-03
2.720000000000000000e+02	5.979943033329379988e-04	3.137577165056963935e-01	-1.517682461692690943e-01	2.000000000000000111e-01	1.199999999999999956e+00	3.546596049133653693e-03
2.730000000000000000e+02	2.521534169360941692e-03	2.997618158701906843e-01	-7.793915593800893049e-02	2.000000000000000111e-01	1.199999999999999956e+00	7.616308657919387826e-03
2.740000000000000000e+02	-3.611789199738704541e-03	5.150087022857575692e-01	-3.945123924005207172e-01	2.000000000000000111e-01	1.199999999999999956e+00	7.266374190885272789e-03
2.750000000000000000e+02	6.749987186673988161e-04	1.444698439855830463e-01	3.268787626209905817e-01	2.000000000000000111e-01	1.199999999999999956e+00	4.641908849698543442e-03
2.760000000000000000e+02	7.033529823545908721e-04	1.406969855881725906e-01	4.581531806004450758e-01	2.000000000000000111e-01	1.199999999999999956e+00	7.586132685975250332e-03
2.770000000000000000e+02	-2.463118584685864538e-04	1.749300823594639454e-01	3.748541449487898802e-01	2.000000000000000111e-01	1.199999999999999956e+00	1.173657069754933772e-02
2.780000000000000000e+02	6.220007320419741791e-04	1.616820310750803902e-01	3.980985080495895723e-01	2.000000000000000111e-01	1.199999999999999956e+00	8.954460844395497124e-03
2.790000000000000000e+02	1.913413011519468849e-03	1.339116704655601564e-01	3.946670463150234731e-01	2.000000000000000111e-01	1.199999999999999956e+00	3.795924233199113231e-03
2.800000000000000000e+02	-3.018654749110748323e-04	2.439305911025851092e-01	1.318924858638541586e-01	2.000000000000000111e-01	1.199999999999999956e+00	4.323618022921093401e-03
2.810000000000000000e+02	1.660359488434212704e-03	2.129438447967764714e-01	1.674936297321178991e-01	2.000000000000000111e-01	1.199999999999999956e+00	6.268697735977000855e-03
2.820000000000000000e+02	7.543422232063776113e-04	8.822331626701401808e-02	4.746671756615099547e-01	2.000000000000000111e-01	1.199999999999999956e+00	4.622098861750835452e-03
2.830000000000000000e+02	4.650833760541314981e-04	1.174013067984481518e-01	4.195292758889221929e-01	2.000000000000000111e-01	1.199999999999999956e+00	3.185411178015875450e-03
2.840000000000000000e+02	-1.846407130390462096e-03	2.753928948296628376e-01	2.540478988118444192e-02	2.000000000000000111e-01	1.199999999999999956e+00	5.172592246250251255e-03
2.850000000000000000e+02	1.539899754174503619e-03	1.294045125332582702e-01	4.932507390872391539e-01	2.000000000000000111e-01	1.199999999999999956e+00	1.131725979915410886e-02
2.860000000000000000e+02	-2.451166992841434349e-03	3.882041222769482824e-01	-6.569424559467789138e-01	2.000000000000000111e-01	1.199999999999999956e+00	3.838590629640404716e-03
2.870000000000000000e+02	-9.868104407265390621e-03	6.923726284694869948e-01	-8.973528319425385646e-01	2.000000000000000111e-01	1.199999999999999956e+00	1.106904810715435283e-02
2.880000000000000000e+02	4.988899021668391671e-03	1.420979338367346356e-01	1.730228942077678411e-01	2.000000000000000111e-01	1.199999999999999956e+00	4.167945733079714277e-03
2.890000000000000000e+02	3.739259710018470653e-04	9.396685985212231695e-02	3.970424862873738192e-01	2.000000000000000111e-01	1.199999999999999956e+00	6.112238145567038330e-03
2.900000000000000000e+02	-9.366943310622800889e-04	3.176585695540256604e-01	-1.390832731170332792e-01	2.000000000000000111e-01	1.199999999999999956e+00	3.814159592614254669e-03
2.910000000000000000e+02	1.903228140726342553e-03	6.007268404662310934e-02	5.774794333640558275e-01	2.000000000000000111e-01	1.199999999999999956e+00	4.966563039282756963e-03
2.920000000000000000e+02	3.390879402246239752e-04	1.468181861931613930e-01	3.252152637757559361e-01	2.000000000000000111e-01	1.199999999999999956e+00	4.492527039342372741e-03
2.930000000000000000e+02	3.120684055949514858e-04	6.662662972512159443e-02	6.176784708369811305e-01	2.000000000000000111e-01	1.199999999999999956e+00	9.300999567338799970e-03
2.940000000000000000e+02	9.909679309253211377e-04	2.932903911836580724e-01	-1.055921988236381281e-01	2.000000000000000111e-01	1.199999999999999956e+00	3.027811226568880021e-03
2.950000000000000000e+02	1.367339269567623399e-03	1.377991627048329448e-01	2.732968353232774206e-01	2.000000000000000111e-01	1.199999999999999956e+00	5.411646781579202391e-03
2.960000000000000000e+02	-1.338495691856593679e-02	5.967661450268211265e-01	-1.750830174502928216e+00	2.000000000000000111e-01	1.199999999999999956e+00	1.832336291440556791e-02
2.970000000000000000e+02	1.584608792699329725e-03	3.243822300950520154e-01	-8.061670798090814216e-02	2.000000000000000111e-01	1.199999999999999956e+00	1.058657061326267849e-02
2.980000000000000000e+02	-5.691157116734840617e-04	2.291857975668714908e-01	2.337675485397014974e-01	2.000000000000000111e-01	1.199999999999999956e+00	7.680043044482593936e-03
2.990000000000000000e+02	1.596994483341957188e-03	3.194257292453486219e-01	-6.600912385634289947e-01	2.000000000000000111e-01	1.199999999999999956e+00	2.174893312598508936e-03
3.000000000000000000e+02	6.185728859312261251e-04	2.533826984691591733e-01	4.103777484294601763e-02	2.000000000000000111e-01	1.199999999999999956e+00	6.725417549317534195e-03
3.010000000000000000e+02	7.203560719391996839e-03	1.678569857272547428e-01	1.941764191608466028e-01	2.000000000000000111e-01	1.199999999999999956e+00	3.611190190667974698e-03
3.020000000000000000e+02	1.086562032315862561e-03	6.642404414796990175e-02	6.339206402836761178e-01	2.000000000000000111e-01	1.199999999999999956e+00	7.389815401983866432e-03
3.030000000000000000e+02	-9.729034615353629933e-04	1.764458440808116257e-01	4.080538890205112068e-01	2.000000000000000111e-01	1.199999999999999956e+00	1.209654580569319467e-02
3.040000000000000000e+02	-1.222495999094339383e-02	5.849611858141141596e-01	-6.996366775988507314e-01	2.000000000000000111e-01	1.199999999999999956e+00	1.346123102727013465e-02
3.050000000000000000e+02	7.792149396223309755e-04	1.400665266638417839e-01	5.173702399658650641e-01	2.000000000000000111e-01	1.199999999999999956e+00	1.281248693231987548e-02
3.060000000000000000e+02	4.619324129125718863e-04	1.008044308899306019e-01	4.996094082724495955e-01	2.000000000000000111e-01	1.199999999999999956e+00	3.931856382510536332e-03
3.070000000000000000e+02	-4.674660265624475293e-03	3.905143516625244060e-01	-3.092484561363519902e-01	2.000000000000000111e-01	1.199999999999999956e+00	1.084343622637445881e-02
3.080000000000000000e+02	8.704164450469645004e-04	1.367202678069127375e-01	2.565313827538089342e-01	2.000000000000000111e-01	1.199999999999999956e+00	2.336999601029416968e-03
3.090000000000000000e+02	-1.414341938710058798e-04	1.231109124433283214e-01	3.811034475607311123e-01	2.000000000000000111e-01	1.199999999999999956e+00	4.254857547004232618e-03
3.100000000000000000e+02	-1.044201851008165439e-03	2.133891713328439910e-01	6.715201066348885917e-02	2.000000000000000111e-01	1.199999999999999956e+00	6.016259852514703292e-03
3.110000000000000000e+02	1.493769931197094899e-04	2.740054531780753977e-01	-3.277513838254275669e-02	2.000000000000000111e-01	1.199999999999999956e+00	4.677991860702545093e-03
3.120000000000000000e+02	1.117937507183491873e-03	8.180491807399865867e-02	5.912966006617574877e-01	2.000000000000000111e-01	1.199999999999999956e+00	2.084492899537562435e-02
3.130000000000000000e+02	8.646807829280996798e-04	1.053853099469611032e-01	5.045071622663162003e-01	2.000000000000000111e-01	1.199999999999999956e+00	1.372945800539722080e-02
3.140000000000000000e+02	-7.212756572357469000e-04	1.590198314079155906e-01	3.548980384719060410e-01	2.000000000000000111e-01	1.199999999999999956e+00	5.620728267870626037e-03
3.150000000000000000e+02	1.611542045587675441e-03	1.122939093026578405e-01	4.748549233171854844e-01	2.000000000000000111e-01	1.199999999999999956e+00	6.140359552139500535e-03
3.160000000000000000e+02	-2.431057462106837365e-04	1.959151420851761305e-01	2.218370592813947439e-01	2.000000000000000111e-01	1.199999999999999956e+00	5.578233732552679257e-03
3.170000000000000000e+02	-4.755447428216922311e-04	2.047824805452840846e-01	1.915774051196947880e-01	2.000000000000000111e-01	1.199999999999999956e+00	7.827542553696432287e-03
3.180000000000000000e+02	6.908036325363132914e-04	2.078513361455979480e-01	1.333891412402032906e-01	2.000000000000000111e-01	1.199999999999999956e+00	2.555729979111434798e-03
3.190000000000000000e+02	4.766732430880256909e-03	3.452973153483708257e-01	-2.964249449889844179e-01	2.000000000000000111e-01	1.199999999999999956e+00	8.201345417438462779e-03
3.200000000000000000e+02	-3.307996782471939244e-04	2.284361825346129249e-01	1.996868099838220445e-01	2.000000000000000111e-01	1.199999999999999956e+00	4.336849695795385977e-03
3.210000000000000000e+02	5.533332699366066108e-03	1.847398733246410907e-01	1.037863386943969068e-01	2.000000000000000111e-01	1.199999999999999956e+00	6.021861293064886475e-03
3.220000000000000000e+02	-1.631455545637907874e-03	2.939286812785830705e-01	1.334141792116652070e-01	2.000000000000000111e-01	1.199999999999999956e+00	5.395307184085976725e-03
3.230000000000000000e+02	1.081982259409348598e-03	1.594991195658955474e-01	3.652834551511734418e-01	2.000000000000000111e-01	1.199999999999999956e+00	1.058609032739589451e-02
3.240000000000000000e+02	-1.328270991553539247e-04	2.354061560531214292e-01	5.360885243916779785e-02	2.000000000000000111e-01	1.199999999999999956e+00	3.859106225736995237e-03
3.250000000000000000e+02	-1.392187700053326531e-02	6.576931787051027989e-01	-8.274831802243935996e-01	2.000000000000000111e-01	1.199999999999999956e+00	7.541564056387913169e-03
3.260000000000000000e+02	1.401214643165559891e-03	2.126846885098632733e-01	9.909119524663800860e-02	2.000000000000000111e-01	1.199999999999999956e+00	2.304994523368229711e-03
3.270000000000000000e+02	-2.442182539412124116e-03	3.461720500582988191e-01	-3.030948345892774398e-01	2.000000000000000111e-01	1.199999999999999956e+00	4.345147669325889576e-03
3.280000000000000000e+02	1.617897222266167796e-03	1.287720062258043974e-01	3.749320521371961590e-01	2.000000000000000111e-01	1.199999999999999956e+00	2.893350919752439836e-03
3.290000000000000000e+02	-9.414203062514014259e-03	5.520197825529808977e-01	-7.650334977410837567e-01	2.000000000000000111e-01	1.199999999999999956e+00	1.037926761885749581e-02
3.300000000000000000e+02	1.029371608032384486e-03	1.479162885944927397e-01	4.151551500379033754e-01	2.000000000000000111e-01	1.199999999999999956e+00	4.482172603836454342e-03
3.310000000000000000e+02	1.399862250253526650e-03	1.774246455832795000e-01	1.993357870989922453e-01	2.000000000000000111e-01	1.199999999999999956e+00	5.626639119464823570e-03
3.320000000000000000e+02	-4.599764103573102136e-04	1.737332698648163254e-01	2.922188492891524270e-01	2.000000000000000111e-01	1.199999999999999956e+00	3.701387653800930488e-03
3.330000000000000000e+02	1.833732034872803240e-03	3.695216650760117516e-01	-5.384248205435411272e-01	2.000000000000000111e-01	1.199999999999999956e+00	3.843020038965285802e-03
3.340000000000000000e+02	1.902826254854849070e-03	2.593476711535497303e-01	-1.589866810074047621e-02	2.000000000000000111e-01	1.199999999999999956e+00	3.832305730643193777e-03
3.350000000000000000e+02	3.026693163663212002e-04	1.314206071936776521e-01	5.244510422795287674e-01	2.000000000000000111e-01	1.199999999999999956e+00	9.038589027350505192e-03
3.360000000000000000e+02	5.113145869436526610e-04	6.128121906176944161e-02	6.825248579694602746e-01	2.000000000000000111e-01	1.199999999999999956e+00	8.300879169267621344e-03
3.370000000000000000e+02	-2.753160353687520942e-04	1.406898983042336460e-01	4.676368315480639026e-01	2.000000000000000111e-01	1.199999999999999956e+00	1.000894253197751396e-02
3.380000000000000000e+02	-2.314811879305952275e-04	1.691255851017871015e-01	8.302648847289040290e-02	2.000000000000000111e-01	1.199999999999999956e+00	3.359218084311811625e-03
3.390000000000000000e+02	5.145863060801995252e-04	7.412310836869819008e-02	4.587124440379493073e-01	2.000000000000000111e-01	1.199999999999999956e+00	4.663657063016841617e-03
3.400000000000000000e+02	-1.644447753301221367e-03	4.648760691715286830e-01	-4.393896746780914242e-01	2.000000000000000111e-01	1.199999999999999956e+00	4.136003794445301286e-03
3.410000000000000000e+02	-2.716639434141654777e-04	2.041951008751106966e-01	3.196835615893731664e-01	2.000000000000000111e-01	1.199999999999999956e+00	1.386607276855352303e-02
3.420000000000000000e+02	5.837823664955264476e-04	2.866064081240040085e-01	-1.308606063287127697e-01	2.000000000000000111e-01	1.199999999999999956e+00	3.959235575763760638e-03
3.430000000000000000e+02	-5.725513336111636787e-04	1.578878336149341366e-01	3.445730181250605817e-01	2.000000000000000111e-01	1.199999999999999956e+00	5.130853831650186540e-03
3.440000000000000000e+02	-2.907181712303313990e-03	2.820313611775687179e-01	1.998809770763383398e-01	2.000000000000000111e-01	1.199999999999999956e+00	6.017874105662172034e-03
3.450000000000000000e+02	1.075994835800267143e-04	2.137641880191908927e-01	-3.758278701489992102e-02	2.000000000000000111e-01	1.199999999999999956e+00	4.209725707654228717e-03
3.460000000000000000e+02	-2.807338059912719251e-03	2.757001214202162154e-01	1.762008879907588366e-01	2.000000000000000111e-01	1.199999999999999956e+00	1.173278301859454788e-02
3.470000000000000000e+02	-5.291506097128341468e-03	4.912324391133039980e-01	-3.192410899103341748e-01	2.000000000000000111e-01	1.199999999999999956e+00	8.319815318731193718e-03
3.480000000000000000e+02	2.752273191632745981e-04	3.837879361542980705e-01	-3.055430730099106817e-01	2.000000000000000111e-01	1.199999999999999956e+00	2.031359918714376218e-03
3.490000000000000000e+02	-7.281145663618770764e-04	1.634568050078454848e-01	3.192174471111641765e-01	2.000000000000000111e-01	1.199999999999999956e+00	3.296150901188389399e-03
3.500000000000000000e+02	4.174606444234827611e-04	1.261652572476960055e-01	4.107498622023650903e-01	2.000000000000000111e-01	1.199999999999999956e+00	4.173749668270008810e-03
3.510000000000000000e+02	3.605020464863060818e-03	2.357930801993302627e-01	1.034637631161952065e-01	2.000000000000000111e-01	1.199999999999999956e+00	9.932961543416380171e-03
3.520000000000000000e+02	7.568410695852716401e-04	1.590126678383227132e-01	4.609972120319110189e-01	2.000000000000000111e-01	1.199999999999999956e+00	1.216241179118018358e-02
3.530000000000000000e+02	2.278264098703411226e-03	2.202709458139685550e-01	1.946591735278775381e-01	2.000000000000000111e-01	1.199999999999999956e+00	9.285901109360323799e-03
3.540000000000000000e+02	-3.969948680960037326e-04	1.860276338842995203e-01	3.013988333689465726e-01	2.000000000000000111e-01	1.199999999999999956e+00	8.831424336103685727e-03
3.550000000000000000e+02	2.448299295057800376e-03	6.769598015943785463e-02	6.477031309739582632e-01	2.000000000000000111e-01	1.199999999999999956e+00	1.134140853342373648e-02
3.560000000000000000e+02	6.468618590329140152e-04	2.075109087454874990e-01	1.259431109436000007e-01	2.000000000000000111e-01	1.199999999999999956e+00	5.260995579454724735e-03
3.570000000000000000e+02	-3.704178052614014519e-04	1.585861068037772437e-01	3.258949998773079670e-01	2.000000000000000111e-01	1.199999999999999956e+00	6.640964202190191741e-03
3.580000000000000000e+02	3.892599846144945185e-04	1.156188665746862021e-01	4.399915035460071344e-01	2.000000000000000111e-01	1.199999999999999956e+00	7.359740293274230453e-03
3.590000000000000000e+02	-6.237043510842295822e-03	4.698732227443740417e-01	-3.486839483622485858e-01	2.000000000000000111e-01	1.199999999999999956e+00	6.292108126126865278e-03
3.600000000000000000e+02	1.030152305137521261e-03	1.594155769618530449e-01	3.403201447322929951e-01	2.000000000000000111e-01	1.199999999999999956e+00	7.505616543756109260e-03
3.610000000000000000e+02	4.549902340154388688e-04	5.134107290159314191e-02	8.738557603323120482e-01	2.000000000000000111e-01	1.199999999999999956e+00	6.707174035823820768e-02
3.620000000000000000e+02	-1.140768085102387280e-03	2.433054360825814277e-01	2.397060702561164547e-01	2.000000000000000111e-01	1.199999999999999956e+00	9.927992589304617324e-03
3.630000000000000000e+02	-2.692147249547121798e-02	9.928144406105705588e-01	-1.637030319062779071e+00	2.000000000000000111e-01	1.199999999999999956e+00	9.208810362573382341e-03
3.640000000000000000e+02	4.255175741176509853e-03	5.847344720819306341e-01	-1.425105841990919053e+00	2.000000000000000111e-01	1.199999999999999956e+00	2.495610094204707939e-03
3.650000000000000000e+02	-1.632700063613412664e-03	2.798466596032698761e-01	1.633214306011687711e-02	2.000000000000000111e-01	1.199999999999999956e+00	4.175412277418963543e-03
3.660000000000000000e+02	-1.039587591247845277e-02	5.352028812168215799e-01	-3.730373170538587857e-01	2.000000000000000111e-01	1.199999999999999956e+00	8.193311830086336470e-03
3.670000000000000000e+02	8.487305812288193198e-04	2.052514173238884354e-01	6.810648552568299152e-02	2.000000000000000111e-01	1.199999999999999956e+00	3.369348818466564362e-03
3.680000000000000000e+02	1.303622833826150428e-03	2.126777782924201832e-01	1.704173510176105744e-01	2.000000000000000111e-01	1.199999999999999956e+00	8.603873449178574273e-03
3.690000000000000000e+02	3.792070821249700439e-03	2.049037097210651137e-01	1.907830330356645732e-01	2.000000000000000111e-01	1.199999999999999956e+00	8.136049919323829968e-03
3.700000000000000000e+02	1.167595633567373293e-04	1.281174098685024243e-01	4.501587244345177652e-01	2.000000000000000111e-01	1.199999999999999956e+00	5.393542515439558524e-03
3.710000000000000000e+02	-3.907258168439630992e-04	1.643021433596581760e-01	2.984743199015911230e-01	2.000000000000000111e-01	1.199999999999999956e+00	2.691003526209640503e-03
3.720000000000000000e+02	-3.422726988749525898e-03	3.825257799045843066e-01	-5.202102837535216295e-01	2.000000000000000111e-01	1.199999999999999956e+00	7.916208555636830915e-03
3.730000000000000000e+02	1.917523072888912975e-03	7.151198587546807317e-02	5.594918049876391741e-01	2.000000000000000111e-01	1.199999999999999956e+00	7.636031702310873241e-03
3.740000000000000000e+02	9.410389412261739844e-04	8.505341572997825172e-02	5.571588711159458640e-01	2.000000000000000111e-01	1.199999999999999956e+00	6.168430835178671801e-03
3.750000000000000000e+02	-4.901109940199886977e-04	1.312569168167100897e-01	3.578536508077019285e-01	2.000000000000000111e-01	1.199999999999999956e+00	1.389552386826751855e-02
3.760000000000000000e+02	2.146822658422114193e-03	1.567487649867467803e-01	2.065798259108362345e-01	2.000000000000000111e-01	1.199999999999999956e+00	9.860713923323257378e-04
3.770000000000000000e+02	-1.637124846714167029e-05	1.774472998698155835e-01	4.110154915723578384e-01	2.000000000000000111e-01	1.199999999999999956e+00	4.282692410785348715e-03
3.780000000000000000e+02	-2.327395718834618030e-03	2.717957866335224959e-01	1.825044899321000003e-01	2.000000000000000111e-01	1.199999999999999956e+00	1.845072779391842069e-02
3.790000000000000000e+02	7.342601591470740256e-04	1.697759713290201700e-01	1.850043025991183754e-01	2.000000000000000111e-01	1.199999999999999956e+00	2.709762535699617586e-03
3.800000000000000000e+02	6.645048724402302003e-04	1.498589317818275757e-01	4.162086729957938935e-01	2.000000000000000111e-01	1.199999999999999956e+00	7.831602334907513188e-03
3.810000000000000000e+02	-1.148432190761758398e-03	2.254014658729824039e-01	-2.187419822622409527e-01	2.000000000000000111e-01	1.199999999999999956e+00	3.681388429825694416e-03
3.820000000000000000e+02	-1.549295985683636504e-03	4.708899802854714101e-01	-7.289775427263380791e-01	2.000000000000000111e-01	1.199999999999999956e+00	5.043991321900331316e-03
3.830000000000000000e+02	1.193790892549388260e-03	1.942915281684571005e-01	1.585811414776325812e-01	2.000000000000000111e-01	1.199999999999999956e+00	2.628016687072688620e-03
