# lsbPerExcitatoryMicroSiemens:
1000.0
# lsbPerInhibitoryMicroSiemens:
250.0
# drviout_base:
1.5
# drvifall_base:
1.0
# calibration factors:
1.000000000000000000e+00
1.000000000000000000e+00
1.000000000000000000e+00
1.000000000000000000e+00
1.000000000000000000e+00
1.000000000000000000e+00
1.000000000000000000e+00
1.000000000000000000e+00
1.000000000000000000e+00
1.000000000000000000e+00
1.000000000000000000e+00
1.000000000000000000e+00
1.000000000000000000e+00
1.000000000000000000e+00
1.000000000000000000e+00
1.000000000000000000e+00
1.000000000000000000e+00
1.000000000000000000e+00
1.000000000000000000e+00
1.000000000000000000e+00
1.000000000000000000e+00
1.000000000000000000e+00
1.000000000000000000e+00
1.000000000000000000e+00
1.000000000000000000e+00
1.000000000000000000e+00
1.000000000000000000e+00
1.000000000000000000e+00
1.000000000000000000e+00
1.000000000000000000e+00
1.000000000000000000e+00
1.000000000000000000e+00
1.000000000000000000e+00
1.000000000000000000e+00
1.000000000000000000e+00
1.000000000000000000e+00
1.000000000000000000e+00
1.000000000000000000e+00
1.000000000000000000e+00
1.000000000000000000e+00
1.000000000000000000e+00
1.000000000000000000e+00
1.000000000000000000e+00
1.000000000000000000e+00
1.000000000000000000e+00
1.000000000000000000e+00
1.000000000000000000e+00
1.000000000000000000e+00
1.000000000000000000e+00
1.000000000000000000e+00
1.000000000000000000e+00
1.000000000000000000e+00
1.000000000000000000e+00
1.000000000000000000e+00
1.000000000000000000e+00
1.000000000000000000e+00
1.000000000000000000e+00
1.000000000000000000e+00
1.000000000000000000e+00
1.000000000000000000e+00
1.000000000000000000e+00
1.000000000000000000e+00
1.000000000000000000e+00
1.000000000000000000e+00
1.000000000000000000e+00
1.000000000000000000e+00
1.000000000000000000e+00
1.000000000000000000e+00
1.000000000000000000e+00
1.000000000000000000e+00
1.000000000000000000e+00
1.000000000000000000e+00
1.000000000000000000e+00
1.000000000000000000e+00
1.000000000000000000e+00
1.000000000000000000e+00
1.000000000000000000e+00
1.000000000000000000e+00
1.000000000000000000e+00
1.000000000000000000e+00
1.000000000000000000e+00
1.000000000000000000e+00
1.000000000000000000e+00
1.000000000000000000e+00
1.000000000000000000e+00
1.000000000000000000e+00
1.000000000000000000e+00
1.000000000000000000e+00
1.000000000000000000e+00
1.000000000000000000e+00
1.000000000000000000e+00
1.000000000000000000e+00
1.000000000000000000e+00
1.000000000000000000e+00
1.000000000000000000e+00
1.000000000000000000e+00
1.000000000000000000e+00
1.000000000000000000e+00
1.000000000000000000e+00
1.000000000000000000e+00
1.000000000000000000e+00
1.000000000000000000e+00
1.000000000000000000e+00
1.000000000000000000e+00
1.000000000000000000e+00
1.000000000000000000e+00
1.000000000000000000e+00
1.000000000000000000e+00
1.000000000000000000e+00
1.000000000000000000e+00
1.000000000000000000e+00
1.000000000000000000e+00
1.000000000000000000e+00
1.000000000000000000e+00
1.000000000000000000e+00
1.000000000000000000e+00
1.000000000000000000e+00
1.000000000000000000e+00
1.000000000000000000e+00
1.000000000000000000e+00
1.000000000000000000e+00
1.000000000000000000e+00
1.000000000000000000e+00
1.000000000000000000e+00
1.000000000000000000e+00
1.000000000000000000e+00
1.000000000000000000e+00
1.000000000000000000e+00
1.000000000000000000e+00
1.000000000000000000e+00
1.000000000000000000e+00
1.000000000000000000e+00
1.000000000000000000e+00
1.000000000000000000e+00
1.000000000000000000e+00
1.000000000000000000e+00
1.000000000000000000e+00
1.000000000000000000e+00
1.000000000000000000e+00
1.000000000000000000e+00
1.000000000000000000e+00
1.000000000000000000e+00
1.000000000000000000e+00
1.000000000000000000e+00
1.000000000000000000e+00
1.000000000000000000e+00
1.000000000000000000e+00
1.000000000000000000e+00
1.000000000000000000e+00
1.000000000000000000e+00
1.000000000000000000e+00
1.000000000000000000e+00
1.000000000000000000e+00
1.000000000000000000e+00
1.000000000000000000e+00
1.000000000000000000e+00
1.000000000000000000e+00
1.000000000000000000e+00
1.000000000000000000e+00
1.000000000000000000e+00
1.000000000000000000e+00
1.000000000000000000e+00
1.000000000000000000e+00
1.000000000000000000e+00
1.000000000000000000e+00
1.000000000000000000e+00
1.000000000000000000e+00
1.000000000000000000e+00
1.000000000000000000e+00
1.000000000000000000e+00
1.000000000000000000e+00
1.000000000000000000e+00
1.000000000000000000e+00
1.000000000000000000e+00
1.000000000000000000e+00
1.000000000000000000e+00
1.000000000000000000e+00
1.000000000000000000e+00
1.000000000000000000e+00
1.000000000000000000e+00
1.000000000000000000e+00
1.000000000000000000e+00
1.000000000000000000e+00
1.000000000000000000e+00
1.000000000000000000e+00
1.000000000000000000e+00
1.000000000000000000e+00
1.000000000000000000e+00
1.000000000000000000e+00
1.000000000000000000e+00
1.000000000000000000e+00
1.000000000000000000e+00
1.000000000000000000e+00
1.000000000000000000e+00
1.000000000000000000e+00
1.000000000000000000e+00
1.000000000000000000e+00
1.000000000000000000e+00
1.000000000000000000e+00
1.000000000000000000e+00
1.000000000000000000e+00
1.000000000000000000e+00
1.000000000000000000e+00
1.000000000000000000e+00
1.000000000000000000e+00
1.000000000000000000e+00
1.000000000000000000e+00
1.000000000000000000e+00
1.000000000000000000e+00
1.000000000000000000e+00
1.000000000000000000e+00
1.000000000000000000e+00
1.000000000000000000e+00
1.000000000000000000e+00
1.000000000000000000e+00
1.000000000000000000e+00
1.000000000000000000e+00
1.000000000000000000e+00
1.000000000000000000e+00
1.000000000000000000e+00
1.000000000000000000e+00
1.000000000000000000e+00
1.000000000000000000e+00
1.000000000000000000e+00
1.000000000000000000e+00
1.000000000000000000e+00
1.000000000000000000e+00
1.000000000000000000e+00
1.000000000000000000e+00
1.000000000000000000e+00
1.000000000000000000e+00
1.000000000000000000e+00
1.000000000000000000e+00
1.000000000000000000e+00
1.000000000000000000e+00
1.000000000000000000e+00
1.000000000000000000e+00
1.000000000000000000e+00
1.000000000000000000e+00
1.000000000000000000e+00
1.000000000000000000e+00
1.000000000000000000e+00
1.000000000000000000e+00
1.000000000000000000e+00
1.000000000000000000e+00
1.000000000000000000e+00
1.000000000000000000e+00
1.000000000000000000e+00
1.000000000000000000e+00
1.000000000000000000e+00
1.000000000000000000e+00
1.000000000000000000e+00
1.000000000000000000e+00
1.000000000000000000e+00
1.000000000000000000e+00
1.000000000000000000e+00
1.295572916666666741e+00
9.830729166666666297e-01
9.830729166666666297e-01
1.256510416666666741e+00
6.510416666666666956e-03
6.184895833333333703e-01
7.617187500000000000e-01
5.013020833333333703e-01
9.179687500000000000e-01
1.048177083333333259e+00
9.830729166666666297e-01
9.309895833333333703e-01
9.309895833333333703e-01
9.309895833333333703e-01
3.059895833333333148e-01
8.789062500000000000e-01
1.106770833333333287e-01
9.960937500000000000e-01
6.510416666666666956e-03
1.256510416666666741e+00
9.440104166666666297e-01
1.139322916666666741e+00
1.256510416666666741e+00
6.445312500000000000e-01
7.226562500000000000e-01
7.096354166666666297e-01
7.747395833333333703e-01
1.048177083333333259e+00
6.184895833333333703e-01
1.009114583333333259e+00
9.570312500000000000e-01
9.830729166666666297e-01
9.570312500000000000e-01
9.570312500000000000e-01
8.528645833333333703e-01
1.152343750000000000e+00
1.152343750000000000e+00
8.007812500000000000e-01
1.087239583333333259e+00
8.138020833333333703e-01
9.179687500000000000e-01
1.035156250000000000e+00
1.048177083333333259e+00
1.048177083333333259e+00
8.789062500000000000e-01
1.009114583333333259e+00
1.660156250000000000e+00
6.510416666666666956e-03
6.510416666666666956e-03
9.960937500000000000e-01
9.309895833333333703e-01
8.138020833333333703e-01
1.100260416666666741e+00
1.399739583333333259e+00
8.268229166666666297e-01
1.126302083333333259e+00
1.477864583333333259e+00
9.830729166666666297e-01
8.919270833333333703e-01
1.282552083333333259e+00
9.570312500000000000e-01
8.268229166666666297e-01
1.347656250000000000e+00
4.492187500000000000e-01
9.570312500000000000e-01
1.048177083333333259e+00
8.919270833333333703e-01
1.503906250000000000e+00
8.268229166666666297e-01
6.510416666666666956e-03
9.960937500000000000e-01
1.542968750000000000e+00
9.700520833333333703e-01
1.113281250000000000e+00
9.830729166666666297e-01
1.497395833333333426e-01
6.575520833333333703e-01
2.018229166666666574e-01
6.510416666666666956e-03
1.048177083333333259e+00
1.009114583333333259e+00
1.386718750000000000e+00
1.256510416666666741e+00
8.268229166666666297e-01
1.204427083333333259e+00
1.165364583333333259e+00
1.061197916666666741e+00
1.048177083333333259e+00
9.570312500000000000e-01
9.309895833333333703e-01
8.528645833333333703e-01
8.268229166666666297e-01
1.009114583333333259e+00
2.148437500000000000e-01
1.100260416666666741e+00
1.204427083333333259e+00
1.048177083333333259e+00
4.231770833333333148e-01
1.152343750000000000e+00
8.268229166666666297e-01
1.165364583333333259e+00
7.617187500000000000e-01
1.048177083333333259e+00
4.622395833333333148e-01
9.309895833333333703e-01
8.007812500000000000e-01
8.528645833333333703e-01
1.178385416666666741e+00
7.356770833333333703e-01
1.074218750000000000e+00
9.830729166666666297e-01
9.179687500000000000e-01
6.510416666666666956e-03
1.660156250000000000e+00
8.789062500000000000e-01
6.835937500000000000e-01
3.450520833333333148e-01
1.048177083333333259e+00
8.789062500000000000e-01
9.960937500000000000e-01
4.752604166666666852e-01
9.440104166666666297e-01
9.440104166666666297e-01
1.035156250000000000e+00
8.398437500000000000e-01
1.048177083333333259e+00
6.835937500000000000e-01
6.510416666666666956e-03
8.007812500000000000e-01
9.960937500000000000e-01
5.859375000000000000e-02
8.268229166666666297e-01
8.789062500000000000e-01
1.048177083333333259e+00
5.143229166666666297e-01
9.309895833333333703e-01
8.528645833333333703e-01
1.048177083333333259e+00
8.528645833333333703e-01
1.048177083333333259e+00
9.309895833333333703e-01
7.096354166666666297e-01
1.035156250000000000e+00
1.360677083333333259e+00
6.510416666666666956e-03
1.256510416666666741e+00
1.048177083333333259e+00
1.048177083333333259e+00
1.178385416666666741e+00
1.048177083333333259e+00
6.510416666666666956e-03
9.765625000000000000e-02
8.398437500000000000e-01
1.087239583333333259e+00
5.794270833333333703e-01
1.113281250000000000e+00
1.757812500000000000e-01
1.360677083333333259e+00
1.048177083333333259e+00
9.570312500000000000e-01
1.953125000000000000e-02
1.048177083333333259e+00
8.398437500000000000e-01
6.510416666666666956e-03
1.282552083333333259e+00
6.575520833333333703e-01
6.510416666666666956e-03
9.700520833333333703e-01
6.705729166666666297e-01
6.054687500000000000e-01
6.510416666666666956e-03
1.048177083333333259e+00
9.830729166666666297e-01
9.309895833333333703e-01
7.617187500000000000e-01
8.919270833333333703e-01
1.360677083333333259e+00
9.570312500000000000e-01
6.510416666666666956e-03
1.282552083333333259e+00
9.700520833333333703e-01
9.830729166666666297e-01
9.700520833333333703e-01
6.510416666666666956e-03
1.009114583333333259e+00
1.048177083333333259e+00
1.100260416666666741e+00
6.575520833333333703e-01
4.231770833333333148e-01
6.510416666666666956e-03
7.096354166666666297e-01
1.113281250000000000e+00
8.268229166666666297e-01
9.049479166666666297e-01
1.022135416666666741e+00
4.101562500000000000e-01
1.048177083333333259e+00
9.309895833333333703e-01
8.398437500000000000e-01
9.309895833333333703e-01
1.152343750000000000e+00
1.152343750000000000e+00
1.061197916666666741e+00
9.309895833333333703e-01
6.510416666666666956e-03
5.924479166666666297e-01
9.309895833333333703e-01
9.309895833333333703e-01
6.510416666666666956e-03
5.273437500000000000e-01
5.013020833333333703e-01
7.747395833333333703e-01
1.269531250000000000e+00
1.126302083333333259e+00
1.087239583333333259e+00
6.510416666666666956e-03
1.048177083333333259e+00
9.309895833333333703e-01
7.617187500000000000e-01
9.960937500000000000e-01
8.007812500000000000e-01
8.919270833333333703e-01
9.765625000000000000e-02
4.361979166666666852e-01
7.747395833333333703e-01
1.412760416666666741e+00
8.789062500000000000e-01
1.061197916666666741e+00
8.398437500000000000e-01
8.268229166666666297e-01
8.919270833333333703e-01
6.510416666666666956e-03
8.919270833333333703e-01
6.445312500000000000e-01
6.510416666666666956e-03
1.152343750000000000e+00
1.074218750000000000e+00
9.179687500000000000e-01
8.658854166666666297e-01
1.035156250000000000e+00
8.528645833333333703e-01
9.179687500000000000e-01
4.882812500000000000e-01
1.412760416666666741e+00
9.440104166666666297e-01
1.048177083333333259e+00
6.510416666666666956e-03
5.403645833333333703e-01
1.048177083333333259e+00
8.398437500000000000e-01
9.700520833333333703e-01
6.510416666666666956e-03
6.510416666666666956e-03
1.048177083333333259e+00
8.398437500000000000e-01
9.049479166666666297e-01
1.000000000000000000e+00
1.000000000000000000e+00
1.000000000000000000e+00
1.000000000000000000e+00
1.000000000000000000e+00
1.000000000000000000e+00
1.000000000000000000e+00
1.000000000000000000e+00
1.000000000000000000e+00
1.000000000000000000e+00
1.000000000000000000e+00
1.000000000000000000e+00
1.000000000000000000e+00
1.000000000000000000e+00
1.000000000000000000e+00
1.000000000000000000e+00
1.000000000000000000e+00
1.000000000000000000e+00
1.000000000000000000e+00
1.000000000000000000e+00
1.000000000000000000e+00
1.000000000000000000e+00
1.000000000000000000e+00
1.000000000000000000e+00
1.000000000000000000e+00
1.000000000000000000e+00
1.000000000000000000e+00
1.000000000000000000e+00
1.000000000000000000e+00
1.000000000000000000e+00
1.000000000000000000e+00
1.000000000000000000e+00
1.000000000000000000e+00
1.000000000000000000e+00
1.000000000000000000e+00
1.000000000000000000e+00
1.000000000000000000e+00
1.000000000000000000e+00
1.000000000000000000e+00
1.000000000000000000e+00
1.000000000000000000e+00
1.000000000000000000e+00
1.000000000000000000e+00
1.000000000000000000e+00
1.000000000000000000e+00
1.000000000000000000e+00
1.000000000000000000e+00
1.000000000000000000e+00
1.000000000000000000e+00
1.000000000000000000e+00
1.000000000000000000e+00
1.000000000000000000e+00
1.000000000000000000e+00
1.000000000000000000e+00
1.000000000000000000e+00
1.000000000000000000e+00
1.000000000000000000e+00
1.000000000000000000e+00
1.000000000000000000e+00
1.000000000000000000e+00
1.000000000000000000e+00
1.000000000000000000e+00
1.000000000000000000e+00
1.000000000000000000e+00
1.000000000000000000e+00
1.000000000000000000e+00
1.000000000000000000e+00
1.000000000000000000e+00
1.000000000000000000e+00
1.000000000000000000e+00
1.000000000000000000e+00
1.000000000000000000e+00
1.000000000000000000e+00
1.000000000000000000e+00
1.000000000000000000e+00
1.000000000000000000e+00
1.000000000000000000e+00
1.000000000000000000e+00
1.000000000000000000e+00
1.000000000000000000e+00
1.000000000000000000e+00
1.000000000000000000e+00
1.000000000000000000e+00
1.000000000000000000e+00
1.000000000000000000e+00
1.000000000000000000e+00
1.000000000000000000e+00
1.000000000000000000e+00
1.000000000000000000e+00
1.000000000000000000e+00
1.000000000000000000e+00
1.000000000000000000e+00
1.000000000000000000e+00
1.000000000000000000e+00
1.000000000000000000e+00
1.000000000000000000e+00
1.000000000000000000e+00
1.000000000000000000e+00
1.000000000000000000e+00
1.000000000000000000e+00
1.000000000000000000e+00
1.000000000000000000e+00
1.000000000000000000e+00
1.000000000000000000e+00
1.000000000000000000e+00
1.000000000000000000e+00
1.000000000000000000e+00
1.000000000000000000e+00
1.000000000000000000e+00
1.000000000000000000e+00
1.000000000000000000e+00
1.000000000000000000e+00
1.000000000000000000e+00
1.000000000000000000e+00
1.000000000000000000e+00
1.000000000000000000e+00
1.000000000000000000e+00
1.000000000000000000e+00
1.000000000000000000e+00
1.000000000000000000e+00
1.000000000000000000e+00
1.000000000000000000e+00
1.000000000000000000e+00
1.000000000000000000e+00
1.000000000000000000e+00
1.000000000000000000e+00
1.000000000000000000e+00
1.000000000000000000e+00
1.000000000000000000e+00
1.000000000000000000e+00
1.000000000000000000e+00
1.000000000000000000e+00
1.000000000000000000e+00
1.000000000000000000e+00
1.000000000000000000e+00
1.000000000000000000e+00
1.000000000000000000e+00
1.000000000000000000e+00
1.000000000000000000e+00
1.000000000000000000e+00
1.000000000000000000e+00
1.000000000000000000e+00
1.000000000000000000e+00
1.000000000000000000e+00
1.000000000000000000e+00
1.000000000000000000e+00
1.000000000000000000e+00
1.000000000000000000e+00
1.000000000000000000e+00
1.000000000000000000e+00
1.000000000000000000e+00
1.000000000000000000e+00
1.000000000000000000e+00
1.000000000000000000e+00
1.000000000000000000e+00
1.000000000000000000e+00
1.000000000000000000e+00
1.000000000000000000e+00
1.000000000000000000e+00
1.000000000000000000e+00
1.000000000000000000e+00
1.000000000000000000e+00
1.000000000000000000e+00
1.000000000000000000e+00
1.000000000000000000e+00
1.000000000000000000e+00
1.000000000000000000e+00
1.000000000000000000e+00
1.000000000000000000e+00
1.000000000000000000e+00
1.000000000000000000e+00
1.000000000000000000e+00
1.000000000000000000e+00
1.000000000000000000e+00
1.000000000000000000e+00
1.000000000000000000e+00
1.000000000000000000e+00
1.000000000000000000e+00
1.000000000000000000e+00
1.000000000000000000e+00
1.000000000000000000e+00
1.000000000000000000e+00
1.000000000000000000e+00
1.000000000000000000e+00
1.000000000000000000e+00
1.000000000000000000e+00
1.000000000000000000e+00
1.000000000000000000e+00
1.000000000000000000e+00
1.000000000000000000e+00
1.000000000000000000e+00
1.000000000000000000e+00
1.000000000000000000e+00
1.000000000000000000e+00
1.000000000000000000e+00
1.000000000000000000e+00
1.000000000000000000e+00
1.000000000000000000e+00
1.000000000000000000e+00
1.000000000000000000e+00
1.000000000000000000e+00
1.000000000000000000e+00
1.000000000000000000e+00
1.000000000000000000e+00
1.000000000000000000e+00
1.000000000000000000e+00
1.000000000000000000e+00
1.000000000000000000e+00
1.000000000000000000e+00
1.000000000000000000e+00
1.000000000000000000e+00
1.000000000000000000e+00
1.000000000000000000e+00
1.000000000000000000e+00
1.000000000000000000e+00
1.000000000000000000e+00
1.000000000000000000e+00
1.000000000000000000e+00
1.000000000000000000e+00
1.000000000000000000e+00
1.000000000000000000e+00
1.000000000000000000e+00
1.000000000000000000e+00
1.000000000000000000e+00
1.000000000000000000e+00
1.000000000000000000e+00
1.000000000000000000e+00
1.000000000000000000e+00
1.000000000000000000e+00
1.000000000000000000e+00
1.000000000000000000e+00
1.000000000000000000e+00
1.000000000000000000e+00
1.000000000000000000e+00
1.000000000000000000e+00
1.000000000000000000e+00
1.000000000000000000e+00
1.000000000000000000e+00
1.000000000000000000e+00
1.000000000000000000e+00
1.000000000000000000e+00
1.000000000000000000e+00
1.000000000000000000e+00
1.000000000000000000e+00
1.000000000000000000e+00
1.000000000000000000e+00
1.000000000000000000e+00
1.000000000000000000e+00
1.000000000000000000e+00
1.000000000000000000e+00
1.000000000000000000e+00
1.000000000000000000e+00
1.000000000000000000e+00
1.000000000000000000e+00
1.000000000000000000e+00
1.000000000000000000e+00
9.765625000000000000e-03
2.490234375000000000e+00
1.660156250000000000e-01
2.050781250000000000e-01
2.490234375000000000e+00
5.566406250000000000e-01
6.347656250000000000e-01
2.490234375000000000e+00
3.027343750000000000e-01
4.980468750000000000e-01
1.464843750000000000e-01
2.050781250000000000e-01
1.552734375000000000e+00
6.835937500000000000e-02
2.490234375000000000e+00
2.441406250000000000e-01
2.490234375000000000e+00
6.738281250000000000e-01
4.882812500000000000e-02
9.765625000000000000e-03
2.490234375000000000e+00
3.613281250000000000e-01
6.347656250000000000e-01
4.589843750000000000e-01
3.222656250000000000e-01
3.808593750000000000e-01
1.240234375000000000e+00
4.394531250000000000e-01
6.347656250000000000e-01
9.277343750000000000e-01
1.855468750000000000e-01
1.904296875000000000e+00
1.074218750000000000e-01
2.929687500000000000e-02
5.371093750000000000e-01
4.003906250000000000e-01
3.808593750000000000e-01
2.177734375000000000e+00
1.162109375000000000e+00
2.490234375000000000e+00
1.269531250000000000e-01
1.884765625000000000e+00
4.589843750000000000e-01
5.566406250000000000e-01
4.785156250000000000e-01
8.789062500000000000e-02
9.765625000000000000e-03
2.490234375000000000e+00
2.490234375000000000e+00
9.765625000000000000e-03
1.708984375000000000e+00
1.083984375000000000e+00
2.441406250000000000e-01
4.785156250000000000e-01
2.080078125000000000e+00
1.083984375000000000e+00
9.765625000000000000e-03
4.882812500000000000e-02
2.246093750000000000e-01
1.142578125000000000e+00
6.835937500000000000e-02
4.199218750000000000e-01
2.832031250000000000e-01
2.490234375000000000e+00
2.929687500000000000e-02
2.832031250000000000e-01
8.886718750000000000e-01
2.451171875000000000e+00
4.589843750000000000e-01
2.490234375000000000e+00
1.855468750000000000e-01
2.353515625000000000e+00
2.470703125000000000e+00
3.222656250000000000e-01
9.765625000000000000e-03
2.490234375000000000e+00
1.240234375000000000e+00
2.490234375000000000e+00
9.765625000000000000e-03
2.490234375000000000e+00
1.660156250000000000e-01
6.347656250000000000e-01
9.082031250000000000e-01
9.765625000000000000e-03
4.882812500000000000e-02
3.808593750000000000e-01
3.222656250000000000e-01
6.152343750000000000e-01
1.074218750000000000e-01
4.589843750000000000e-01
1.269531250000000000e-01
1.201171875000000000e+00
6.347656250000000000e-01
2.490234375000000000e+00
6.347656250000000000e-01
7.910156250000000000e-01
5.175781250000000000e-01
2.490234375000000000e+00
5.371093750000000000e-01
4.199218750000000000e-01
2.636718750000000000e-01
1.103515625000000000e+00
2.929687500000000000e-02
2.490234375000000000e+00
1.464843750000000000e-01
4.785156250000000000e-01
2.050781250000000000e-01
2.490234375000000000e+00
1.044921875000000000e+00
4.882812500000000000e-02
1.855468750000000000e-01
4.394531250000000000e-01
2.490234375000000000e+00
9.765625000000000000e-03
6.738281250000000000e-01
2.490234375000000000e+00
2.490234375000000000e+00
1.025390625000000000e+00
1.240234375000000000e+00
5.175781250000000000e-01
2.490234375000000000e+00
6.835937500000000000e-02
2.636718750000000000e-01
9.765625000000000000e-03
1.083984375000000000e+00
4.882812500000000000e-02
1.162109375000000000e+00
9.765625000000000000e-03
5.371093750000000000e-01
1.269531250000000000e-01
2.490234375000000000e+00
2.255859375000000000e+00
1.240234375000000000e+00
4.199218750000000000e-01
1.123046875000000000e+00
1.240234375000000000e+00
2.490234375000000000e+00
2.832031250000000000e-01
3.417968750000000000e-01
2.490234375000000000e+00
6.152343750000000000e-01
7.324218750000000000e-01
1.962890625000000000e+00
8.496093750000000000e-01
2.490234375000000000e+00
3.613281250000000000e-01
2.177734375000000000e+00
3.417968750000000000e-01
3.417968750000000000e-01
4.882812500000000000e-02
2.490234375000000000e+00
2.490234375000000000e+00
2.490234375000000000e+00
2.412109375000000000e+00
9.472656250000000000e-01
1.142578125000000000e+00
6.152343750000000000e-01
1.650390625000000000e+00
3.027343750000000000e-01
1.552734375000000000e+00
1.464843750000000000e-01
9.472656250000000000e-01
9.765625000000000000e-03
2.490234375000000000e+00
1.572265625000000000e+00
2.490234375000000000e+00
2.490234375000000000e+00
2.431640625000000000e+00
8.691406250000000000e-01
1.201171875000000000e+00
2.490234375000000000e+00
2.490234375000000000e+00
6.152343750000000000e-01
2.314453125000000000e+00
2.412109375000000000e+00
9.277343750000000000e-01
9.765625000000000000e-03
2.050781250000000000e-01
9.765625000000000000e-03
1.660156250000000000e-01
8.789062500000000000e-02
3.222656250000000000e-01
4.589843750000000000e-01
2.490234375000000000e+00
8.300781250000000000e-01
5.175781250000000000e-01
3.027343750000000000e-01
2.490234375000000000e+00
2.451171875000000000e+00
2.490234375000000000e+00
2.490234375000000000e+00
4.785156250000000000e-01
2.929687500000000000e-02
2.490234375000000000e+00
1.660156250000000000e-01
2.490234375000000000e+00
3.222656250000000000e-01
2.490234375000000000e+00
2.490234375000000000e+00
5.175781250000000000e-01
2.929687500000000000e-02
1.884765625000000000e+00
4.980468750000000000e-01
6.347656250000000000e-01
2.929687500000000000e-02
2.490234375000000000e+00
4.882812500000000000e-02
6.542968750000000000e-01
9.765625000000000000e-03
2.490234375000000000e+00
9.765625000000000000e-03
1.464843750000000000e-01
9.082031250000000000e-01
8.105468750000000000e-01
7.714843750000000000e-01
2.490234375000000000e+00
1.855468750000000000e-01
2.490234375000000000e+00
4.882812500000000000e-02
9.472656250000000000e-01
2.490234375000000000e+00
2.490234375000000000e+00
2.490234375000000000e+00
2.490234375000000000e+00
7.519531250000000000e-01
4.882812500000000000e-02
1.074218750000000000e-01
8.886718750000000000e-01
2.490234375000000000e+00
1.464843750000000000e-01
2.490234375000000000e+00
2.490234375000000000e+00
2.929687500000000000e-02
4.394531250000000000e-01
2.490234375000000000e+00
7.324218750000000000e-01
3.808593750000000000e-01
2.246093750000000000e-01
2.441406250000000000e-01
2.353515625000000000e+00
3.027343750000000000e-01
9.863281250000000000e-01
2.490234375000000000e+00
2.197265625000000000e+00
2.929687500000000000e-02
8.789062500000000000e-02
2.832031250000000000e-01
2.490234375000000000e+00
9.765625000000000000e-03
9.765625000000000000e-03
2.246093750000000000e-01
2.490234375000000000e+00
2.490234375000000000e+00
6.835937500000000000e-02
2.490234375000000000e+00
5.957031250000000000e-01
