0.000000000000000000e+00	1.771528126926897239e-03	1.240078718265491542e-01	3.567488311794456135e-01	2.000000000000000111e-01	1.199999999999999956e+00	3.172758941482944905e-03
1.000000000000000000e+00	8.755209263351369266e-04	8.554490662916139354e-02	4.753247818281962633e-01	2.000000000000000111e-01	1.199999999999999956e+00	3.243988549403793893e-03
2.000000000000000000e+00	3.961406281689723412e-03	2.169113560722665812e-01	5.542028741785821194e-02	2.000000000000000111e-01	1.199999999999999956e+00	7.307055164249384727e-03
3.000000000000000000e+00	3.038377787000216389e-03	7.646921156404842823e-02	4.660436535336615060e-01	2.000000000000000111e-01	1.199999999999999956e+00	9.014087539681709532e-03
4.000000000000000000e+00	1.194573221392189943e-03	8.865107446864929630e-02	5.535985717392656325e-01	2.000000000000000111e-01	1.199999999999999956e+00	6.008226246138075391e-03
5.000000000000000000e+00	-1.452637641605148354e-04	2.558087745791430279e-01	2.823249711787309893e-02	2.000000000000000111e-01	1.199999999999999956e+00	1.119122968786314884e-02
6.000000000000000000e+00	3.934322719335673355e-04	3.252703761513733860e-01	-9.000565055134431003e-02	2.000000000000000111e-01	1.199999999999999956e+00	1.101991755267617279e-02
7.000000000000000000e+00	1.488915447632145703e-03	9.303749010498178762e-02	4.957653043087588696e-01	2.000000000000000111e-01	1.199999999999999956e+00	6.883057197383619583e-03
8.000000000000000000e+00	4.384162845570725026e-03	1.842525199233252808e-01	1.528529024625244759e-01	2.000000000000000111e-01	1.199999999999999956e+00	3.689498838694751925e-03
9.000000000000000000e+00	1.221520016662158876e-03	1.111574306072611873e-01	4.524911479384464696e-01	2.000000000000000111e-01	1.199999999999999956e+00	3.142801593799838915e-03
1.000000000000000000e+01	2.562216575015631870e-03	1.405295818577258771e-01	2.635669207966071514e-01	2.000000000000000111e-01	1.199999999999999956e+00	2.276020077123626622e-03
1.100000000000000000e+01	2.151324834772672893e-03	9.565104039582196516e-02	4.308803964157496003e-01	2.000000000000000111e-01	1.199999999999999956e+00	4.815870962996987581e-03
1.200000000000000000e+01	-4.166964615497242581e-04	2.428256276433030936e-01	1.669108215123108752e-01	2.000000000000000111e-01	1.199999999999999956e+00	2.421239725079992518e-03
1.300000000000000000e+01	1.304566360123634097e-03	2.246363053861086534e-01	1.057712168722028112e-01	2.000000000000000111e-01	1.199999999999999956e+00	1.788743747742420256e-03
1.400000000000000000e+01	3.718434513710351663e-03	1.519874790387516772e-01	3.427892556291311510e-01	2.000000000000000111e-01	1.199999999999999956e+00	4.040341400084531721e-03
1.500000000000000000e+01	1.589836389113627024e-03	1.683546504736938565e-01	3.124268102981317963e-01	2.000000000000000111e-01	1.199999999999999956e+00	5.219235178471046122e-03
1.600000000000000000e+01	2.621424100332919727e-03	6.525078789696647785e-02	4.860704365894191192e-01	2.000000000000000111e-01	1.199999999999999956e+00	3.017504333780990106e-03
1.700000000000000000e+01	4.939890384189060506e-03	1.064968288278571040e-01	4.384311533922951587e-01	2.000000000000000111e-01	1.199999999999999956e+00	3.420302742574863643e-03
1.800000000000000000e+01	1.134871378760540046e-03	2.989795939928890367e-01	-1.530410612329668497e-02	2.000000000000000111e-01	1.199999999999999956e+00	8.398851130559215061e-03
1.900000000000000000e+01	1.876369252950165498e-03	1.455204583241271332e-01	3.780108095867689144e-01	2.000000000000000111e-01	1.199999999999999956e+00	5.564878517890619811e-03
2.000000000000000000e+01	3.412352738248868728e-04	1.433603884760378533e-01	3.821577374891612089e-01	2.000000000000000111e-01	1.199999999999999956e+00	6.507541447312353323e-03
2.100000000000000000e+01	1.860051132978779182e-03	1.089639309060454336e-01	2.298614473982925899e-01	2.000000000000000111e-01	1.199999999999999956e+00	1.909114371555827288e-03
2.200000000000000000e+01	2.683241741884982538e-03	1.875917787244668067e-01	3.103958303561395529e-02	2.000000000000000111e-01	1.199999999999999956e+00	3.626159829666577520e-03
2.300000000000000000e+01	3.692702158948004028e-03	1.141222483879477945e-01	4.767643545488144952e-01	2.000000000000000111e-01	1.199999999999999956e+00	7.513174628156264918e-03
2.400000000000000000e+01	-2.545484207728824144e-04	2.876145883961672700e-01	-1.803261862690252182e-01	2.000000000000000111e-01	1.199999999999999956e+00	4.832726886533638029e-03
2.500000000000000000e+01	7.135016694040135143e-04	1.658801286008962372e-01	3.033554540408670008e-01	2.000000000000000111e-01	1.199999999999999956e+00	3.802230607514605221e-03
2.600000000000000000e+01	-2.986300642658052101e-03	2.769971457475798871e-01	-6.299357918743379026e-01	2.000000000000000111e-01	1.199999999999999956e+00	6.018044366661397249e-02
2.700000000000000000e+01	5.183339770249973093e-04	1.464537522829979788e-01	2.094774316328752994e-01	2.000000000000000111e-01	1.199999999999999956e+00	3.066358210749427389e-03
2.800000000000000000e+01	2.579917733986237822e-03	2.236673739318394416e-01	6.220672502755644068e-02	2.000000000000000111e-01	1.199999999999999956e+00	8.067314406061374538e-03
2.900000000000000000e+01	-2.211060181847714448e-04	2.197559920348948204e-01	1.673597363771216484e-01	2.000000000000000111e-01	1.199999999999999956e+00	8.796422305936493075e-03
3.000000000000000000e+01	1.271688230810225084e-03	1.152178751292050191e-01	4.241486579566663417e-01	2.000000000000000111e-01	1.199999999999999956e+00	3.383176102617314277e-03
3.100000000000000000e+01	9.492027805246916559e-04	9.204053939651633820e-02	4.560011236449378336e-01	2.000000000000000111e-01	1.199999999999999956e+00	5.630269704225703171e-03
3.200000000000000000e+01	1.631571833422291312e-03	9.610420856837856296e-02	4.646905416806467737e-01	2.000000000000000111e-01	1.199999999999999956e+00	4.271603454220483827e-03
3.300000000000000000e+01	7.384994471362618185e-04	1.405852401786769901e-01	2.321581433038079345e-01	2.000000000000000111e-01	1.199999999999999956e+00	4.336685465122467296e-03
3.400000000000000000e+01	-2.058204316547002262e-03	2.657724414910049293e-01	1.332013467105806481e-01	2.000000000000000111e-01	1.199999999999999956e+00	3.832908983627791085e-03
3.500000000000000000e+01	9.925240345172417662e-04	1.516251122132175611e-01	3.969510138192239301e-01	2.000000000000000111e-01	1.199999999999999956e+00	5.940240040907142534e-03
3.600000000000000000e+01	1.735700800002694475e-03	1.057221033529257281e-01	3.476350535855808332e-01	2.000000000000000111e-01	1.199999999999999956e+00	1.946913264017406664e-03
3.700000000000000000e+01	2.274989340837296151e-03	1.584605382237920801e-01	3.140206487371586808e-01	2.000000000000000111e-01	1.199999999999999956e+00	2.270926416812567034e-03
3.800000000000000000e+01	2.871270877965856685e-03	9.842481257222553126e-02	4.806102648651769393e-01	2.000000000000000111e-01	1.199999999999999956e+00	2.372925090391232034e-02
3.900000000000000000e+01	5.892578636980264420e-04	1.250660124668467321e-01	5.033535806096786080e-01	2.000000000000000111e-01	1.199999999999999956e+00	7.872618167275765785e-03
4.000000000000000000e+01	1.541619636031089707e-03	2.482771188625314540e-01	-2.109918212069520141e-02	2.000000000000000111e-01	1.199999999999999956e+00	3.172586060057668283e-03
4.100000000000000000e+01	3.650340626918544169e-03	1.653162052459025977e-01	2.928566866980275574e-01	2.000000000000000111e-01	1.199999999999999956e+00	4.494757334743878716e-03
4.200000000000000000e+01	1.820337142977298183e-03	2.744851548502163507e-01	1.229878141502044678e-04	2.000000000000000111e-01	1.199999999999999956e+00	4.704313509609469104e-03
4.300000000000000000e+01	6.995906643990922741e-03	2.843935705915681678e-01	-6.518585589442005279e-01	2.000000000000000111e-01	1.199999999999999956e+00	5.400897997759422815e-03
4.400000000000000000e+01	-8.609136512226194925e-04	3.680541004031598340e-01	-9.635138886480379417e-02	2.000000000000000111e-01	1.199999999999999956e+00	5.144806796458474725e-03
4.500000000000000000e+01	1.518981481104777738e-03	1.267291164404752146e-01	5.229922141847446193e-01	2.000000000000000111e-01	1.199999999999999956e+00	1.157168764657513955e-02
4.600000000000000000e+01	4.866804158831799891e-03	1.523376791220648618e-01	2.951812101141717548e-01	2.000000000000000111e-01	1.199999999999999956e+00	5.877575855988902490e-03
4.700000000000000000e+01	9.367017869475567768e-04	8.376675843371758634e-02	5.276878807891512979e-01	2.000000000000000111e-01	1.199999999999999956e+00	6.584064273863296339e-03
4.800000000000000000e+01	6.746475828875035489e-03	1.183783427799280225e-01	2.657956462443816226e-01	2.000000000000000111e-01	1.199999999999999956e+00	1.215583551011903407e-02
4.900000000000000000e+01	1.352493149216501753e-03	1.717090990778756543e-01	2.929498696065072627e-01	2.000000000000000111e-01	1.199999999999999956e+00	8.648641335187333065e-03
5.000000000000000000e+01	1.355552102052294018e-03	4.577463792873929377e-02	5.352497874219821483e-01	2.000000000000000111e-01	1.199999999999999956e+00	2.393996915765973267e-03
5.100000000000000000e+01	-2.533116657666397223e-03	3.308456056331074424e-01	-8.529048519167890807e-02	2.000000000000000111e-01	1.199999999999999956e+00	1.175054491729530040e-02
5.200000000000000000e+01	2.445844875626161825e-03	3.946643779386994205e-02	5.652844919145888491e-01	2.000000000000000111e-01	1.199999999999999956e+00	4.287137138839475399e-03
5.300000000000000000e+01	2.457614376003147564e-04	8.850668268557403129e-02	4.533343250789448886e-01	2.000000000000000111e-01	1.199999999999999956e+00	7.200935052111075325e-03
5.400000000000000000e+01	2.320156298236738992e-03	1.511249266030369187e-01	3.789928839242295844e-01	2.000000000000000111e-01	1.199999999999999956e+00	6.833140860282954816e-03
5.500000000000000000e+01	-4.829689604539788746e-03	3.753946476121280407e-01	-5.632084682731322012e-01	2.000000000000000111e-01	1.199999999999999956e+00	3.808598735993458384e-02
5.600000000000000000e+01	6.444233033918051476e-04	1.229277508267413166e-01	1.019415452502217684e-01	2.000000000000000111e-01	1.199999999999999956e+00	2.385023280833171826e-03
5.700000000000000000e+01	1.964115218339927086e-03	1.712714698210691389e-01	2.764961123929977060e-01	2.000000000000000111e-01	1.199999999999999956e+00	1.518325377220443089e-03
5.800000000000000000e+01	2.484804155354908154e-04	2.269424386898494794e-01	1.637528209021880121e-01	2.000000000000000111e-01	1.199999999999999956e+00	1.240838398646182048e-02
5.900000000000000000e+01	2.146625274176231727e-03	5.983465235602236643e-02	5.289583919206549689e-01	2.000000000000000111e-01	1.199999999999999956e+00	4.902652304972787874e-03
6.000000000000000000e+01	6.226945030845211157e-04	2.116295560234262851e-01	6.879981997233443336e-02	2.000000000000000111e-01	1.199999999999999956e+00	3.175743948706784975e-03
6.100000000000000000e+01	1.729666047322000197e-03	2.450258951447873701e-01	9.379457531991267083e-02	2.000000000000000111e-01	1.199999999999999956e+00	1.054821742115981051e-02
6.200000000000000000e+01	-4.057524295554861687e-03	4.777468973494532478e-01	-4.575043010291918733e-01	2.000000000000000111e-01	1.199999999999999956e+00	6.733355434086515760e-03
6.300000000000000000e+01	6.671017557689128607e-05	1.787268486495487974e-01	2.324436181634509657e-01	2.000000000000000111e-01	1.199999999999999956e+00	5.732552336708206589e-03
6.400000000000000000e+01	1.609885275673416305e-03	1.255356149773985130e-01	2.280867404322455272e-01	2.000000000000000111e-01	1.199999999999999956e+00	8.432757472879148092e-03
6.500000000000000000e+01	7.329336859830975397e-04	1.537337792816919901e-01	3.739477084512965455e-01	2.000000000000000111e-01	1.199999999999999956e+00	6.780377037316388453e-03
6.600000000000000000e+01	4.437612294490196618e-03	2.218220194700014081e-01	-1.965233921151333107e-01	2.000000000000000111e-01	1.199999999999999956e+00	2.907944169344954272e-03
6.700000000000000000e+01	-2.243735679164035515e-03	2.122113309370597667e-01	-1.155597057595613396e-02	2.000000000000000111e-01	1.199999999999999956e+00	1.814580883355875959e-02
6.800000000000000000e+01	1.340323112471796235e-03	8.531143426625915904e-02	5.815510809200092890e-01	2.000000000000000111e-01	1.199999999999999956e+00	6.735881948996274779e-03
6.900000000000000000e+01	-4.873149206856407668e-04	2.459979027804924112e-01	2.826445834363188747e-01	2.000000000000000111e-01	1.199999999999999956e+00	9.309171226178355324e-03
7.000000000000000000e+01	7.848693352491483170e-04	2.585181451497197136e-01	-8.426569671651082394e-02	2.000000000000000111e-01	1.199999999999999956e+00	6.159424796135085957e-03
7.100000000000000000e+01	1.029025181487422131e-03	9.248016224387720086e-02	4.463217524281508641e-01	2.000000000000000111e-01	1.199999999999999956e+00	6.655134042042846684e-03
7.200000000000000000e+01	2.059521358053567619e-03	1.019295396098072320e-01	4.643256815155451522e-01	2.000000000000000111e-01	1.199999999999999956e+00	3.777934379710463312e-03
7.300000000000000000e+01	-3.179509839636746917e-03	4.118388250760824376e-01	-2.884108492120626699e-01	2.000000000000000111e-01	1.199999999999999956e+00	5.632259947961110354e-03
7.400000000000000000e+01	1.472776936654376749e-03	1.890795279364839987e-01	1.245027600939599549e-01	2.000000000000000111e-01	1.199999999999999956e+00	3.225807304841837343e-03
7.500000000000000000e+01	2.076977985869596713e-03	3.707429971357771858e-01	-1.337307702928491882e-01	2.000000000000000111e-01	1.199999999999999956e+00	6.573828548348621161e-03
7.600000000000000000e+01	6.235406917715084676e-04	1.133576475175961246e-01	3.699350600212447104e-01	2.000000000000000111e-01	1.199999999999999956e+00	2.786467905670920141e-03
7.700000000000000000e+01	1.652841387864975543e-03	1.030183904796639627e-01	5.613710370632463142e-01	2.000000000000000111e-01	1.199999999999999956e+00	1.308203743965222557e-02
7.800000000000000000e+01	5.620434467002684894e-04	7.369567161455339854e-02	5.268901048608446436e-01	2.000000000000000111e-01	1.199999999999999956e+00	2.721547342397302727e-03
7.900000000000000000e+01	2.042978127265574796e-03	8.057158770822191174e-02	4.394147001395681262e-01	2.000000000000000111e-01	1.199999999999999956e+00	1.361459901830758615e-02
8.000000000000000000e+01	1.294179422545650498e-03	1.356323687856608728e-01	1.729478942890240178e-01	2.000000000000000111e-01	1.199999999999999956e+00	2.092102255773840673e-03
8.100000000000000000e+01	6.063552651242240521e-03	1.487750711140961302e-01	3.908496901222018316e-01	2.000000000000000111e-01	1.199999999999999956e+00	1.054655832432664815e-02
8.200000000000000000e+01	1.662895022298095399e-03	9.367238665725616253e-02	4.925989050413857595e-01	2.000000000000000111e-01	1.199999999999999956e+00	4.525778119816337673e-03
8.300000000000000000e+01	2.121113335565623023e-03	7.363850449687819877e-02	3.281011329214486572e-01	2.000000000000000111e-01	1.199999999999999956e+00	7.438103912310691131e-03
8.400000000000000000e+01	1.381998088074162931e-03	1.352947769783418575e-01	3.946580389030190372e-01	2.000000000000000111e-01	1.199999999999999956e+00	4.742370497630418735e-03
8.500000000000000000e+01	1.588421008111685169e-03	1.248560095930517505e-01	3.510391799091262532e-01	2.000000000000000111e-01	1.199999999999999956e+00	2.370080392727485184e-03
8.600000000000000000e+01	1.862937217223067932e-03	5.992532559441934858e-02	5.202983610908119561e-01	2.000000000000000111e-01	1.199999999999999956e+00	4.753120461616773887e-03
8.700000000000000000e+01	1.259898593825478988e-03	1.055047779735220348e-01	3.669807739851167483e-01	2.000000000000000111e-01	1.199999999999999956e+00	5.237636447013672113e-03
8.800000000000000000e+01	1.630375914772799273e-03	2.044020971757578020e-01	4.237682418568269188e-02	2.000000000000000111e-01	1.199999999999999956e+00	3.770535770565311851e-03
8.900000000000000000e+01	2.972173257887662009e-03	9.249546269480153626e-02	5.054017111963786668e-01	2.000000000000000111e-01	1.199999999999999956e+00	1.187285505562339118e-02
9.000000000000000000e+01	3.336952953708506499e-03	1.503601741183205331e-01	3.300871623757966611e-01	2.000000000000000111e-01	1.199999999999999956e+00	8.588100855792622085e-03
9.100000000000000000e+01	2.166458014795204570e-03	1.247234428032342884e-01	4.447378557690105372e-01	2.000000000000000111e-01	1.199999999999999956e+00	9.683588637477693814e-03
9.200000000000000000e+01	1.631398853684907753e-03	1.760529054777773550e-01	1.999767742205316445e-01	2.000000000000000111e-01	1.199999999999999956e+00	3.846106239463881627e-03
9.300000000000000000e+01	-6.072421694939068902e-04	1.944909103347667589e-01	2.652705556473465842e-01	2.000000000000000111e-01	1.199999999999999956e+00	4.154671656450436082e-03
9.400000000000000000e+01	-3.061173080727909749e-04	2.366391459929091390e-01	-1.300852744967201380e-01	2.000000000000000111e-01	1.199999999999999956e+00	3.913562297353680511e-03
9.500000000000000000e+01	-1.569339806533782272e-02	6.291105196928619137e-01	-1.250102206556781503e+00	2.000000000000000111e-01	1.199999999999999956e+00	2.193474954052198125e-02
9.600000000000000000e+01	-6.770218935657304829e-03	4.355156810343651097e-01	-3.310298244933066458e-01	2.000000000000000111e-01	1.199999999999999956e+00	6.230724545303940008e-03
9.700000000000000000e+01	1.688800372419179113e-03	1.524461173067096220e-01	2.060182906552551207e-01	2.000000000000000111e-01	1.199999999999999956e+00	4.071244688720531898e-03
9.800000000000000000e+01	8.723734101386910935e-04	1.249173295417999735e-01	3.527236487567200762e-01	2.000000000000000111e-01	1.199999999999999956e+00	4.545498380529734705e-03
9.900000000000000000e+01	-3.552992539668451137e-04	3.353626499412769024e-01	-4.058743884992744300e-01	2.000000000000000111e-01	1.199999999999999956e+00	7.496628172872519223e-03
1.000000000000000000e+02	1.024166649470174221e-03	1.355428524333782692e-01	4.576723903494006596e-01	2.000000000000000111e-01	1.199999999999999956e+00	6.665805396605490978e-03
1.010000000000000000e+02	1.806836637863187432e-03	5.807710420584635824e-02	6.614589829735091353e-01	2.000000000000000111e-01	1.199999999999999956e+00	9.784795426989909353e-03
1.020000000000000000e+02	2.070568891349530705e-03	3.938495333524503761e-01	-3.299328348234579211e-01	2.000000000000000111e-01	1.199999999999999956e+00	7.968019903324397718e-03
1.030000000000000000e+02	-2.821200465608086905e-02	8.853117788685291867e-01	-1.891969245461434745e+00	2.000000000000000111e-01	1.199999999999999956e+00	1.775614789260651291e-02
1.040000000000000000e+02	8.274517238507911668e-03	3.544315137394985632e-02	5.302896131241400246e-01	2.000000000000000111e-01	1.199999999999999956e+00	1.054164674382919269e-02
1.050000000000000000e+02	1.231654914563722275e-03	1.578670812957789771e-01	3.493385386773962820e-01	2.000000000000000111e-01	1.199999999999999956e+00	5.781726993516885134e-03
1.060000000000000000e+02	2.518066042772018794e-03	9.940201751456605173e-02	3.560059514408138726e-01	2.000000000000000111e-01	1.199999999999999956e+00	3.787917035534622574e-03
1.070000000000000000e+02	1.220969047382703364e-03	2.430845153456811791e-01	1.847790611958438356e-01	2.000000000000000111e-01	1.199999999999999956e+00	5.516254737936308362e-03
1.080000000000000000e+02	8.514772241800941995e-04	1.399364570752150982e-01	3.045816962219735080e-01	2.000000000000000111e-01	1.199999999999999956e+00	3.563389272617030652e-03
1.090000000000000000e+02	1.032146084521484708e-03	2.618488532011967185e-01	1.177213757515464809e-01	2.000000000000000111e-01	1.199999999999999956e+00	5.311754047482107784e-03
1.100000000000000000e+02	1.339074939765696245e-03	1.726537971273870709e-01	3.590463232945533267e-01	2.000000000000000111e-01	1.199999999999999956e+00	1.398798030749775871e-02
1.110000000000000000e+02	-9.363434445240006879e-04	3.949510191121021196e-01	-7.704364118057425159e-01	2.000000000000000111e-01	1.199999999999999956e+00	2.676934698858921425e-03
1.120000000000000000e+02	-3.790043991081515893e-04	8.987915943618207670e-02	3.570607651970501562e-01	2.000000000000000111e-01	1.199999999999999956e+00	2.640567169286942364e-02
1.130000000000000000e+02	6.396268511257575430e-03	8.020662203758920084e-02	5.029176048864313353e-01	2.000000000000000111e-01	1.199999999999999956e+00	6.685446071281439355e-03
1.140000000000000000e+02	1.691737726694301103e-03	8.584801354464234591e-02	5.193758637488389285e-01	2.000000000000000111e-01	1.199999999999999956e+00	6.014107978807611658e-03
1.150000000000000000e+02	-2.699989287549328393e-03	3.342413183414882361e-01	-1.013621277595871534e-01	2.000000000000000111e-01	1.199999999999999956e+00	7.503733227253098562e-03
1.160000000000000000e+02	1.453802374937727699e-03	9.858264448147170678e-02	3.236878074272785955e-01	2.000000000000000111e-01	1.199999999999999956e+00	5.355758062220702942e-03
1.170000000000000000e+02	4.955539504266795545e-04	6.362070255936345953e-02	5.632135221401817216e-01	2.000000000000000111e-01	1.199999999999999956e+00	3.720516239020992769e-03
1.180000000000000000e+02	1.818493627862345521e-04	2.032799195502912604e-01	3.310598743605774885e-02	2.000000000000000111e-01	1.199999999999999956e+00	4.639264180429969291e-03
1.190000000000000000e+02	1.309571857528037554e-03	1.054206677492446342e-01	3.932815464360560620e-01	2.000000000000000111e-01	1.199999999999999956e+00	1.772149753688459940e-03
1.200000000000000000e+02	1.348475710232771704e-03	1.751397187075902917e-01	1.280283975476653180e-01	2.000000000000000111e-01	1.199999999999999956e+00	4.794726706014044992e-03
1.210000000000000000e+02	2.223214855315888260e-03	1.279799125293460405e-01	4.423332760423664411e-01	2.000000000000000111e-01	1.199999999999999956e+00	6.582227802363445172e-03
1.220000000000000000e+02	-1.998827523664661876e-03	2.041002695350657425e-01	1.779399361125426904e-01	2.000000000000000111e-01	1.199999999999999956e+00	3.390922607799917027e-02
1.230000000000000000e+02	-5.572638383597039967e-03	4.825215247989383394e-01	-2.428220996450681235e-01	2.000000000000000111e-01	1.199999999999999956e+00	8.842326939246327594e-03
1.240000000000000000e+02	7.058940630494716371e-05	3.106836208354110673e-01	8.154155542800320400e-02	2.000000000000000111e-01	1.199999999999999956e+00	9.600638971261126961e-03
1.250000000000000000e+02	7.725315878773648644e-04	8.692342324945609433e-02	3.404681700079449369e-01	2.000000000000000111e-01	1.199999999999999956e+00	2.878874596972385604e-03
1.260000000000000000e+02	4.835210681411549307e-04	1.366049087452129163e-01	3.056625591081469917e-01	2.000000000000000111e-01	1.199999999999999956e+00	4.851025966943464662e-03
1.270000000000000000e+02	7.926888525821325490e-04	1.193436564864663874e-01	4.496951108545955145e-01	2.000000000000000111e-01	1.199999999999999956e+00	7.122950287830325834e-03
1.280000000000000000e+02	4.962108000035339583e-03	2.861352336760978887e-01	2.777957079638804921e-02	2.000000000000000111e-01	1.199999999999999956e+00	1.628443644176818736e-02
1.290000000000000000e+02	-4.392885892902405678e-03	2.389374503968192676e-01	-5.091304183659284277e-02	3.428571428571428048e-01	1.199999999999999956e+00	2.458769291027902704e-03
1.300000000000000000e+02	-5.516299924444544034e-03	3.337555070276954639e-01	-2.517080003361789053e-01	2.000000000000000111e-01	1.199999999999999956e+00	5.331638035400582121e-02
1.310000000000000000e+02	1.546026916554435904e-03	2.690280160990701219e-01	-3.211285280595996966e-02	2.000000000000000111e-01	1.199999999999999956e+00	3.982239485666457836e-03
1.320000000000000000e+02	2.235707765201283385e-04	1.246486027625191978e-01	4.043149598036382963e-01	2.322580645161289870e-01	1.199999999999999956e+00	4.879369242457097522e-03
1.330000000000000000e+02	-1.872065577831203133e-05	2.390402637329010205e-01	7.922782221397625668e-02	2.000000000000000111e-01	1.199999999999999956e+00	5.252280053315511524e-03
1.340000000000000000e+02	-2.682263017950839001e-03	2.266364612580117621e-01	-4.341880238023819727e-01	2.322580645161289870e-01	1.199999999999999956e+00	7.575141227279905479e-03
1.350000000000000000e+02	7.448490594883474180e-04	1.785466461758386525e-01	3.263800612917321375e-01	2.000000000000000111e-01	1.199999999999999956e+00	5.860019356504990624e-03
1.360000000000000000e+02	-5.255049163836276495e-03	3.211638838314929134e-01	-1.980835466790558663e-01	2.000000000000000111e-01	1.199999999999999956e+00	4.893736046855376443e-02
1.370000000000000000e+02	3.073787387213020895e-04	5.425122974382928093e-02	5.844179997990732733e-01	2.769230769230768829e-01	1.199999999999999956e+00	3.430510730185706934e-03
1.380000000000000000e+02	1.933425813227024901e-03	2.142920476688601472e-01	6.793496751672632727e-02	2.322580645161289870e-01	1.199999999999999956e+00	4.943203393660311994e-03
1.390000000000000000e+02	-2.665236230044475303e-03	2.274631367185400710e-01	1.787897639794333859e-01	2.000000000000000111e-01	1.199999999999999956e+00	1.197316834521892914e-02
1.400000000000000000e+02	-1.151098618604238935e-03	1.997109220237936467e-01	4.326843951079706319e-02	2.769230769230768829e-01	1.199999999999999956e+00	1.802708666562843854e-03
1.410000000000000000e+02	-6.866651154348227433e-03	4.693340950557091662e-01	-4.414578090677342970e-01	2.000000000000000111e-01	1.199999999999999956e+00	1.168621501162140155e-02
1.420000000000000000e+02	2.425290285129664755e-03	3.866566432536136522e-02	7.017116340151879905e-01	2.000000000000000111e-01	1.199999999999999956e+00	1.579996656471403110e-02
1.430000000000000000e+02	-4.030090453518001318e-04	2.342188727882733301e-01	1.485495481343926394e-01	2.000000000000000111e-01	1.199999999999999956e+00	8.687035966413505714e-03
1.440000000000000000e+02	-9.319835665196250785e-03	4.151803394543453485e-01	-6.953527248707183084e-01	3.428571428571428048e-01	1.199999999999999956e+00	6.071849920890864255e-04
1.450000000000000000e+02	4.743540977989757512e-04	8.964559112591800882e-02	3.788846714592164489e-01	2.769230769230768829e-01	1.199999999999999956e+00	9.736215536194265958e-04
1.460000000000000000e+02	-1.185441536154317309e-03	2.157901136937492304e-01	1.953458044942165406e-01	2.000000000000000111e-01	1.199999999999999956e+00	2.727192738012564066e-03
1.470000000000000000e+02	-2.301096776787901613e-04	1.281734459382958546e-01	2.742338644926978208e-01	2.322580645161289870e-01	1.199999999999999956e+00	1.916695362925222804e-03
1.480000000000000000e+02	-4.033156456035496347e-04	1.342624145216040343e-01	5.955594471944236634e-01	2.000000000000000111e-01	1.199999999999999956e+00	6.293362586950233817e-02
1.490000000000000000e+02	-1.343670787820810909e-03	2.585301826183880047e-01	-3.772153087630619739e-02	2.322580645161289870e-01	1.199999999999999956e+00	5.819308842054414510e-03
1.500000000000000000e+02	-8.394169404666201526e-03	5.832143505453898369e-01	-8.596399727982979577e-01	2.000000000000000111e-01	1.199999999999999956e+00	8.626107620854261276e-03
1.510000000000000000e+02	6.776447560518108169e-03	2.210178213536194980e-01	1.384232737177386596e-01	2.000000000000000111e-01	1.199999999999999956e+00	1.079101112743577340e-02
1.520000000000000000e+02	7.282158772003152758e-03	-6.544226808325488698e-02	1.172097065299669172e+00	2.000000000000000111e-01	1.199999999999999956e+00	1.318233326550550255e-01
1.530000000000000000e+02	-2.145982143346920976e-03	3.168783652533186945e-01	1.008081036788816554e-01	2.000000000000000111e-01	1.199999999999999956e+00	8.041478979587388110e-03
1.540000000000000000e+02	2.436055002817428053e-03	-1.052089899982418426e-02	8.920522417741342247e-01	2.769230769230768829e-01	1.199999999999999956e+00	3.103218731192420102e-02
1.550000000000000000e+02	4.917689990973880473e-03	6.052143706680462865e-01	-1.027415965524083763e+00	2.000000000000000111e-01	1.199999999999999956e+00	4.080088038773989172e-03
1.560000000000000000e+02	5.122633782431591223e-04	1.001498906520592869e-01	6.399672741238396911e-01	2.000000000000000111e-01	1.199999999999999956e+00	2.540615572256245125e-01
1.570000000000000000e+02	2.057403973460795663e-03	2.299030303703756412e-02	9.994231327311389190e-01	2.000000000000000111e-01	1.199999999999999956e+00	1.948878616394880969e-01
1.580000000000000000e+02	2.648122154161720431e-03	2.201194232247506433e-01	1.191414143397366981e-01	2.000000000000000111e-01	1.199999999999999956e+00	9.195732001945126216e-03
1.590000000000000000e+02	1.806906134019668026e-03	1.664924433132936865e-01	3.197735157375267701e-01	2.000000000000000111e-01	1.199999999999999956e+00	2.557589827660437885e-03
1.600000000000000000e+02	1.341251332906932174e-03	1.781478007170739231e-01	1.274606337695239899e-01	2.769230769230768829e-01	1.199999999999999956e+00	2.482455429166501547e-03
1.610000000000000000e+02	-2.295967507594083839e-03	2.124249418278074675e-01	-6.536101651006034352e-01	2.000000000000000111e-01	1.199999999999999956e+00	3.532502139253998474e-01
1.620000000000000000e+02	-7.146000673927059132e-04	5.648335055015892836e-01	-8.275126393807231695e-01	2.000000000000000111e-01	1.199999999999999956e+00	2.319164327350466039e-03
1.630000000000000000e+02	2.948002648652165315e-03	-4.093894837531870251e-02	1.268327529455136160e+00	2.000000000000000111e-01	1.199999999999999956e+00	8.054263730488266104e-02
1.640000000000000000e+02	-1.065362513492935492e-03	1.508391211795871711e-01	2.283582618776730244e-01	2.322580645161289870e-01	1.199999999999999956e+00	3.628085771528171549e-02
1.650000000000000000e+02	-4.830572548024564955e-03	3.256255322355733339e-01	-4.075307441933118668e-01	2.000000000000000111e-01	1.199999999999999956e+00	3.851582076813068588e-04
1.660000000000000000e+02	1.090296158784794488e-03	4.213998406799026458e-02	5.890782782266754669e-01	2.000000000000000111e-01	1.199999999999999956e+00	9.974026832509552687e-02
1.670000000000000000e+02	-8.119048195758079471e-04	1.216267607519596478e-01	4.763036968258633347e-02	2.322580645161289870e-01	1.199999999999999956e+00	5.447790125042958898e-02
1.680000000000000000e+02	6.257489998995648985e-03	-6.460934489771145983e-02	1.304902444828776931e+00	2.000000000000000111e-01	1.199999999999999956e+00	1.697432134374142476e-01
1.690000000000000000e+02	-3.100184548193315689e-04	1.290133872758812417e-01	4.983018783266244256e-01	2.000000000000000111e-01	1.199999999999999956e+00	3.375329958132370495e-02
1.700000000000000000e+02	3.716391569582645250e-03	1.003007741355927129e-01	4.632719561875451308e-01	2.000000000000000111e-01	1.199999999999999956e+00	1.162413320513766210e-02
1.710000000000000000e+02	1.491349851136065322e-04	1.499569506566336974e-01	2.776391519333696323e-01	2.322580645161289870e-01	1.199999999999999956e+00	2.774599540109333462e-02
1.720000000000000000e+02	-3.466306032784795873e-04	2.334563378370589914e-01	2.286644657377079615e-01	2.000000000000000111e-01	1.199999999999999956e+00	1.443678923635131547e-02
1.730000000000000000e+02	9.958423194639892358e-05	7.818962097009057866e-02	5.413713604564576176e-01	2.322580645161289870e-01	1.199999999999999956e+00	1.809740920135482212e-01
1.740000000000000000e+02	2.400214719042966568e-03	7.931013506070100361e-02	5.252284698928817441e-01	2.000000000000000111e-01	1.199999999999999956e+00	3.302624520252778889e-03
1.750000000000000000e+02	-6.389498999701298705e-04	2.222337453108661764e-01	2.165090297117649443e-01	2.000000000000000111e-01	1.199999999999999956e+00	1.335739159519114087e-02
1.760000000000000000e+02	6.709779630207623200e-04	6.348586398837810507e-02	6.827149199811143321e-01	2.000000000000000111e-01	1.199999999999999956e+00	1.847145134396537339e-02
1.770000000000000000e+02	-7.616600291612132074e-04	1.178670880371332635e-01	-3.571914233644212650e-02	2.000000000000000111e-01	1.199999999999999956e+00	4.243543487283659710e-01
1.780000000000000000e+02	2.348816299495350493e-03	1.732888268306066737e-01	1.835722818781131138e-01	2.322580645161289870e-01	1.199999999999999956e+00	3.731354435198763839e-03
1.790000000000000000e+02	-2.026540637631015981e-03	2.105004841605228882e-01	1.695912202598071905e-01	2.000000000000000111e-01	1.199999999999999956e+00	4.029767185888217390e-02
1.800000000000000000e+02	-2.398877073458530705e-03	2.156707790825511395e-01	4.342079295317876619e-01	2.000000000000000111e-01	1.199999999999999956e+00	4.712880570987676432e-02
1.810000000000000000e+02	-1.379877908459523376e-03	3.204283491666731210e-01	6.895124840177303815e-02	2.000000000000000111e-01	1.199999999999999956e+00	9.215183948118694721e-03
1.820000000000000000e+02	-2.569434905140290624e-03	2.200739629369691808e-01	2.390483951419855937e-02	2.769230769230768829e-01	1.199999999999999956e+00	3.199567999919659175e-03
1.830000000000000000e+02	-4.084039788745809363e-03	2.833629122289426094e-01	-5.946076902904943173e-01	2.000000000000000111e-01	1.199999999999999956e+00	4.953294115981186629e-01
1.840000000000000000e+02	2.476010169164683840e-03	6.171458516064022570e-02	6.520331998637125537e-01	2.000000000000000111e-01	1.199999999999999956e+00	1.898377562131572938e-02
1.850000000000000000e+02	-3.937106553524048541e-04	1.414353713425252068e-01	2.879297209623436493e-01	2.769230769230768829e-01	1.199999999999999956e+00	3.446919959366401102e-03
1.860000000000000000e+02	5.618985512820906351e-04	2.878564779887382574e-01	3.735985446373699809e-02	2.000000000000000111e-01	1.199999999999999956e+00	9.283874373781081726e-03
1.870000000000000000e+02	1.741647737015207574e-03	1.681654965360173948e-01	2.171962028284807056e-01	2.000000000000000111e-01	1.199999999999999956e+00	6.963373630423206825e-03
1.880000000000000000e+02	2.066470975382867729e-03	3.035847583328393218e-01	-6.531701431132019842e-02	2.000000000000000111e-01	1.199999999999999956e+00	7.399416966326827390e-03
1.890000000000000000e+02	4.928770255590329136e-03	-7.613483745423436921e-02	1.403488143689918699e+00	2.322580645161289870e-01	1.199999999999999956e+00	1.201588282486954207e-01
1.900000000000000000e+02	1.573965954619608058e-03	3.393507627806081894e-02	6.610597489159945050e-01	2.322580645161289870e-01	1.199999999999999956e+00	1.730989722619360668e-02
1.910000000000000000e+02	-5.674798510006589906e-03	5.859754289900065416e-01	-7.663058752797010653e-01	2.000000000000000111e-01	1.199999999999999956e+00	2.937758123935906625e-03
1.920000000000000000e+02	2.197447012780154372e-04	1.891887991013674331e-01	1.675268051661254476e-01	2.000000000000000111e-01	1.199999999999999956e+00	5.003825040799924143e-03
1.930000000000000000e+02	3.829366133174591427e-03	2.301484060063881953e-01	1.517382222842536821e-01	2.000000000000000111e-01	1.199999999999999956e+00	6.673644685258911524e-03
1.940000000000000000e+02	1.065826879684951805e-03	1.232961657383958159e-01	5.210576806062705568e-01	2.000000000000000111e-01	1.199999999999999956e+00	1.643194885072104400e-02
1.950000000000000000e+02	9.084520225805530966e-03	2.460198690691962065e-01	-1.977774221367652185e-01	2.000000000000000111e-01	1.199999999999999956e+00	8.167211832917678146e-03
1.960000000000000000e+02	9.121213804807704831e-04	1.987503204499096454e-01	2.651193129559379150e-02	2.000000000000000111e-01	1.199999999999999956e+00	3.112495473241925093e-03
1.970000000000000000e+02	-2.115604614652570256e-03	3.551732533134591141e-01	-2.363953563349477927e-01	2.000000000000000111e-01	1.199999999999999956e+00	5.037376593691088138e-03
1.980000000000000000e+02	1.571960501662645953e-03	1.390187612260078698e-01	3.109782865323346690e-01	2.000000000000000111e-01	1.199999999999999956e+00	4.096795864738620417e-03
1.990000000000000000e+02	7.864584549926560437e-04	1.445680737748266387e-01	3.286424319332042487e-01	2.000000000000000111e-01	1.199999999999999956e+00	5.306385405556195665e-03
2.000000000000000000e+02	-2.309642485818640123e-02	7.819969791152912020e-01	-2.030815945864716365e+00	2.000000000000000111e-01	1.199999999999999956e+00	1.152863523912143473e-01
2.010000000000000000e+02	-1.705696967546384139e-04	1.313839409186341733e-01	3.861313066323232013e-01	2.000000000000000111e-01	1.199999999999999956e+00	2.908027483748287095e-02
2.020000000000000000e+02	9.311546127158087634e-04	9.983780040438226810e-02	4.964328660294130002e-01	2.000000000000000111e-01	1.199999999999999956e+00	5.057159262340212361e-03
2.030000000000000000e+02	-2.296103680334651322e-04	3.062635478302812020e-01	-6.890907574744936648e-02	2.000000000000000111e-01	1.199999999999999956e+00	6.352038109095135658e-03
2.040000000000000000e+02	4.191703276617341628e-03	1.131302216039364317e-01	2.424665537180875075e-01	2.000000000000000111e-01	1.199999999999999956e+00	7.102444150978161688e-03
2.050000000000000000e+02	1.983507243152224722e-03	1.798325113887259130e-01	2.724196184241743923e-01	2.000000000000000111e-01	1.199999999999999956e+00	6.677776704768537651e-03
2.060000000000000000e+02	-4.439247200739579804e-03	5.012520106990709934e-01	-6.747912622755689593e-01	2.000000000000000111e-01	1.199999999999999956e+00	7.267078952735764145e-03
2.070000000000000000e+02	2.729610077448542740e-03	1.700723997108834484e-01	1.165630403538414489e-01	2.000000000000000111e-01	1.199999999999999956e+00	4.018568964080969710e-03
2.080000000000000000e+02	3.596457590787147020e-03	2.178220127114276761e-01	2.019632380969501803e-02	2.000000000000000111e-01	1.199999999999999956e+00	4.739875103082968541e-03
2.090000000000000000e+02	1.194403611990233578e-03	3.557821303809823310e-01	-1.107687186546482960e-01	2.000000000000000111e-01	1.199999999999999956e+00	5.878615459802767271e-03
2.100000000000000000e+02	3.110652460310721606e-03	4.021175098538171122e-02	6.063236570036572015e-01	2.000000000000000111e-01	1.199999999999999956e+00	4.962452616645072687e-03
2.110000000000000000e+02	-1.244329481384611608e-03	1.577067874725150698e-01	9.550026479298474869e-02	2.000000000000000111e-01	1.199999999999999956e+00	8.686425740346712110e-02
2.120000000000000000e+02	2.099879917066816120e-04	5.658861092736863774e-02	6.221372272632244016e-01	2.000000000000000111e-01	1.199999999999999956e+00	1.263485809793626347e-01
2.130000000000000000e+02	6.070790095981189530e-03	3.910127320549302565e-01	-3.020534534419007100e-01	2.000000000000000111e-01	1.199999999999999956e+00	5.869214876283898076e-03
2.140000000000000000e+02	6.459544189629491152e-03	3.536746512141531462e-01	-1.599596289261789039e-01	2.000000000000000111e-01	1.199999999999999956e+00	2.524645505000262802e-03
2.150000000000000000e+02	1.498332789278786215e-03	1.523568234025027279e-01	3.281698813681234728e-01	2.000000000000000111e-01	1.199999999999999956e+00	5.803238393789820690e-03
2.160000000000000000e+02	1.046604757759632843e-03	1.449378831187614625e-01	2.947179716302067431e-01	2.000000000000000111e-01	1.199999999999999956e+00	5.219840498642061566e-03
2.170000000000000000e+02	4.461374719497275228e-05	1.569476327028702101e-01	2.474684723118318608e-01	2.000000000000000111e-01	1.199999999999999956e+00	1.453238522168688075e-02
2.180000000000000000e+02	1.569925263413985079e-03	9.182112572407712114e-02	4.298953963907792830e-01	2.000000000000000111e-01	1.199999999999999956e+00	3.393964227464548594e-02
2.190000000000000000e+02	2.772378599552316036e-03	1.548631305142665893e-01	2.016848782107090177e-01	2.000000000000000111e-01	1.199999999999999956e+00	2.955129486260351344e-03
2.200000000000000000e+02	-5.716075501525984086e-04	1.209393577906734962e-01	2.926969482757252883e-01	2.000000000000000111e-01	1.199999999999999956e+00	5.071437717668912659e-02
2.210000000000000000e+02	4.404540331445647161e-03	1.752092220493625951e-01	1.890189052687818727e-01	2.000000000000000111e-01	1.199999999999999956e+00	4.759004475677619528e-03
2.220000000000000000e+02	1.434267102720094070e-03	1.535039040915927022e-01	3.174433794658507169e-01	2.000000000000000111e-01	1.199999999999999956e+00	5.056349552193107125e-03
2.230000000000000000e+02	1.219785589156429295e-03	6.934572740365087251e-02	6.057783974253574399e-01	2.000000000000000111e-01	1.199999999999999956e+00	5.682520848351258966e-03
2.240000000000000000e+02	8.508265299243082669e-04	1.245782256455046921e-01	4.221829441637039437e-01	2.000000000000000111e-01	1.199999999999999956e+00	4.565694605156074906e-03
2.250000000000000000e+02	3.306368401435929162e-04	1.386861904952444990e-01	3.742079609769031756e-01	2.000000000000000111e-01	1.199999999999999956e+00	9.069546637319755508e-03
2.260000000000000000e+02	1.223605183567635707e-03	1.855950550202025984e-01	1.252927939956704484e-01	2.000000000000000111e-01	1.199999999999999956e+00	2.484122702490016744e-03
2.270000000000000000e+02	7.980655356316080501e-03	1.184887646998275118e-01	3.973251116062863075e-01	2.000000000000000111e-01	1.199999999999999956e+00	2.248126113112747931e-02
2.280000000000000000e+02	1.839541745632366056e-03	1.632324437394514216e-01	3.979649905760244133e-01	2.000000000000000111e-01	1.199999999999999956e+00	5.466778312914386505e-03
2.290000000000000000e+02	-4.171039967825944036e-03	3.219529433537732799e-01	-7.672309323886367105e-01	2.000000000000000111e-01	1.199999999999999956e+00	2.747929656311190114e-02
2.300000000000000000e+02	8.135385166802421453e-04	1.394755960992207500e-01	2.558967190808310033e-01	2.000000000000000111e-01	1.199999999999999956e+00	2.421385313612311324e-03
2.310000000000000000e+02	-7.515488558439324153e-03	5.731112460469156566e-01	-7.330941675934203872e-01	2.000000000000000111e-01	1.199999999999999956e+00	7.992269885142538888e-03
2.320000000000000000e+02	1.562570087678431243e-03	1.208093117241539616e-01	2.838500455213198159e-01	2.000000000000000111e-01	1.199999999999999956e+00	5.095049516077000511e-03
2.330000000000000000e+02	5.099853877730487145e-04	1.486090635496475354e-01	1.555938750233642476e-01	2.000000000000000111e-01	1.199999999999999956e+00	3.763088365632827770e-03
2.340000000000000000e+02	1.692010649642174559e-03	1.553474408984140964e-01	1.427031988337699175e-01	2.000000000000000111e-01	1.199999999999999956e+00	1.838316184129487260e-03
2.350000000000000000e+02	-8.162423087052625339e-04	2.293106475114632947e-01	2.203696717346687872e-01	2.000000000000000111e-01	1.199999999999999956e+00	9.402305240063687369e-03
2.360000000000000000e+02	1.343086314988718982e-03	8.795840308317139089e-02	4.953105502051622366e-01	2.000000000000000111e-01	1.199999999999999956e+00	4.758293440916895253e-03
2.370000000000000000e+02	-9.562738917344547210e-04	2.593453728787870616e-01	-3.948509593681532974e-03	2.000000000000000111e-01	1.199999999999999956e+00	6.582388164982294100e-03
2.380000000000000000e+02	5.937811624758483533e-04	1.122511782143730680e-01	4.647412959401714949e-01	2.000000000000000111e-01	1.199999999999999956e+00	3.900642931425477283e-03
2.390000000000000000e+02	-2.234142569592081559e-04	1.045951831372734508e-01	2.770017254139038321e-01	2.000000000000000111e-01	1.199999999999999956e+00	1.937101691119448854e-01
2.400000000000000000e+02	5.177234084024301582e-03	3.185597616676848903e-02	6.675298828244601301e-01	2.000000000000000111e-01	1.199999999999999956e+00	1.893528865926532093e-02
2.410000000000000000e+02	2.305859665078707332e-03	2.389973053287379190e-01	3.134496673636483904e-02	2.000000000000000111e-01	1.199999999999999956e+00	4.569837992776019583e-03
2.420000000000000000e+02	-4.240993435290284913e-03	3.114795579431858252e-01	-6.464269893337821760e-01	2.000000000000000111e-01	1.199999999999999956e+00	3.712622097277185756e-02
2.430000000000000000e+02	1.143473838490110427e-04	5.247732305599198677e-01	-1.082419977221794394e+00	2.000000000000000111e-01	1.199999999999999956e+00	4.204030603452175475e-03
2.440000000000000000e+02	2.637691719268231948e-03	1.110603218499121858e-01	5.445280279069908413e-01	2.000000000000000111e-01	1.199999999999999956e+00	9.049850388994916048e-03
2.450000000000000000e+02	2.951210627212306299e-04	9.125325855842830736e-02	3.958180927314804975e-01	2.000000000000000111e-01	1.199999999999999956e+00	1.470035551558842787e-02
2.460000000000000000e+02	-3.536574516885446998e-03	2.844791181428384386e-01	-4.529194325993456394e-01	2.000000000000000111e-01	1.199999999999999956e+00	1.906383996345549850e-02
2.470000000000000000e+02	4.750322684078042874e-03	2.560638574399621836e-01	-3.416780725952115599e-02	2.000000000000000111e-01	1.199999999999999956e+00	7.564814792506187845e-03
2.480000000000000000e+02	5.773931615394950652e-03	1.942589367803996270e-01	1.873343339096139315e-01	2.000000000000000111e-01	1.199999999999999956e+00	5.670190070815331329e-03
2.490000000000000000e+02	1.351318208813248167e-03	1.075054380154427391e-01	3.389079421086475530e-01	2.000000000000000111e-01	1.199999999999999956e+00	1.225077670596966825e-03
2.500000000000000000e+02	2.257657942179715910e-03	8.389325957697947589e-02	4.681256513195551361e-01	2.000000000000000111e-01	1.199999999999999956e+00	9.349400521282387813e-03
2.510000000000000000e+02	2.097443403594423123e-03	1.211681572102519810e-01	4.324056194030004296e-01	2.000000000000000111e-01	1.199999999999999956e+00	4.589104891031922824e-03
2.520000000000000000e+02	1.536592337960769649e-03	8.260097356764982413e-02	6.012112890945746635e-01	2.000000000000000111e-01	1.199999999999999956e+00	9.350716558571088924e-03
2.530000000000000000e+02	1.067523127181481618e-03	1.157896628439427505e-01	3.275337298006692488e-01	2.000000000000000111e-01	1.199999999999999956e+00	2.075505580694439640e-03
2.540000000000000000e+02	-1.485348324630610638e-03	1.913154478503029388e-01	-3.458427057753232781e-01	2.000000000000000111e-01	1.199999999999999956e+00	3.216879310946618720e-02
2.550000000000000000e+02	3.435562720521555258e-03	1.062442793615665099e-01	3.979806781431393659e-01	2.000000000000000111e-01	1.199999999999999956e+00	4.030023980079607514e-03
2.560000000000000000e+02	3.296527912201933615e-04	2.623941578557797971e-01	-1.263059204105393130e-01	2.000000000000000111e-01	1.199999999999999956e+00	1.419944465319029859e-03
2.570000000000000000e+02	2.397572206837920213e-03	2.080775633266178648e-01	-4.342256686444918162e-02	2.000000000000000111e-01	1.199999999999999956e+00	3.029002274570425680e-03
2.580000000000000000e+02	9.355638222701457857e-04	5.801351643688513332e-02	5.664127398212019937e-01	2.000000000000000111e-01	1.199999999999999956e+00	3.750683588509855747e-03
2.590000000000000000e+02	2.036770297926648876e-03	6.465913168076144191e-02	6.883277201555489944e-01	2.000000000000000111e-01	1.199999999999999956e+00	3.596833258447880433e-02
2.600000000000000000e+02	7.619702903784371893e-03	1.843946402294426024e-01	2.963305220386723907e-02	2.000000000000000111e-01	1.199999999999999956e+00	4.012141839401434963e-03
2.610000000000000000e+02	-5.602162871742690561e-04	1.857202000414396592e-01	1.430736068797683683e-02	2.000000000000000111e-01	1.199999999999999956e+00	2.903485192343074894e-02
2.620000000000000000e+02	2.550124444840948766e-03	9.762680999362555179e-02	5.478501016922669997e-01	2.000000000000000111e-01	1.199999999999999956e+00	1.192318566579028336e-02
2.630000000000000000e+02	-6.085518627122707760e-03	5.724868354839427464e-01	-7.128685531682750209e-01	2.000000000000000111e-01	1.199999999999999956e+00	7.691137205308338706e-03
2.640000000000000000e+02	2.500717542180860061e-03	1.019229730248568250e-01	5.191095736738452482e-01	2.000000000000000111e-01	1.199999999999999956e+00	8.281865910406843029e-03
2.650000000000000000e+02	1.260783727327363830e-02	2.962883726749382385e-01	-5.121031190638984931e-01	2.000000000000000111e-01	1.199999999999999956e+00	1.452983003806667794e-03
2.660000000000000000e+02	2.597327605804119945e-03	3.208486072027662006e-01	-1.001345961813764895e-01	2.000000000000000111e-01	1.199999999999999956e+00	5.500102128428083041e-03
2.670000000000000000e+02	1.071227039662321504e-03	1.129954137139283915e-01	4.751966297110962745e-01	2.000000000000000111e-01	1.199999999999999956e+00	8.631996649098160057e-03
2.680000000000000000e+02	-2.578904907391603614e-03	3.899390598755729243e-01	-2.765327280191843262e-01	2.000000000000000111e-01	1.199999999999999956e+00	7.340586789224170898e-03
2.690000000000000000e+02	3.159154954810364084e-05	2.011048165356073836e-01	2.407363600769641399e-01	2.000000000000000111e-01	1.199999999999999956e+00	8.603181319467276961e-03
2.700000000000000000e+02	-7.653890845288933249e-04	1.382706309123995503e-01	5.727958563837803191e-02	2.000000000000000111e-01	1.199999999999999956e+00	3.096250480694822116e-01
2.710000000000000000e+02	4.599445342540888632e-03	7.733191760108946988e-02	5.449492598952950795e-01	2.000000000000000111e-01	1.199999999999999956e+00	9.339984626713909027e-03
2.720000000000000000e+02	1.935726203871591727e-03	9.171410659978962432e-02	4.619991554794386501e-01	2.000000000000000111e-01	1.199999999999999956e+00	5.764131492345669038e-03
2.730000000000000000e+02	5.200163989339902371e-03	1.620211396209256249e-01	1.572710312515291087e-01	2.000000000000000111e-01	1.199999999999999956e+00	7.303577157225861136e-03
2.740000000000000000e+02	3.655259628727405754e-03	9.632775267573212563e-02	3.692288002832954663e-01	2.000000000000000111e-01	1.199999999999999956e+00	2.338481805946409763e-03
2.750000000000000000e+02	2.550516520277532496e-03	7.755194355591943367e-02	5.602738867244474452e-01	2.000000000000000111e-01	1.199999999999999956e+00	7.707779758735215821e-03
2.760000000000000000e+02	1.867389347892852228e-03	2.578370802038562615e-01	-9.378757409527933853e-02	2.000000000000000111e-01	1.199999999999999956e+00	4.686979388210900897e-03
2.770000000000000000e+02	1.241381729319851468e-02	1.253918134208852342e-01	2.088730650967906277e-01	2.000000000000000111e-01	1.199999999999999956e+00	3.321153813390360140e-03
2.780000000000000000e+02	3.178729470064390987e-03	2.338973301111499370e-01	-1.099027814801735448e-01	2.000000000000000111e-01	1.199999999999999956e+00	2.705107582270459710e-03
2.790000000000000000e+02	1.206792924976586145e-03	1.895592241067936556e-01	2.029851825471827576e-01	2.000000000000000111e-01	1.199999999999999956e+00	6.493265709163630398e-03
2.800000000000000000e+02	-1.366859623579348205e-04	2.084567003110801287e-01	1.827649994106244624e-01	2.000000000000000111e-01	1.199999999999999956e+00	3.145319839625156100e-02
2.810000000000000000e+02	6.281022746666478467e-03	2.136553089698254027e-01	1.773752488006360151e-01	2.000000000000000111e-01	1.199999999999999956e+00	5.648600811416003113e-03
2.820000000000000000e+02	7.785048808725144286e-03	1.781713457923274624e-01	2.079668648585256407e-01	2.000000000000000111e-01	1.199999999999999956e+00	1.004284854039680895e-02
2.830000000000000000e+02	3.538857764155732034e-03	7.927801691127663031e-02	3.972332186355007067e-01	2.000000000000000111e-01	1.199999999999999956e+00	5.642126803830751006e-03
2.840000000000000000e+02	1.905884319846202699e-02	6.046937719910463332e-02	4.087451991583263000e-01	2.000000000000000111e-01	1.199999999999999956e+00	4.623414993176074538e-03
2.850000000000000000e+02	5.229757151899244727e-03	3.099926569329344156e-02	6.418470563559884878e-01	2.000000000000000111e-01	1.199999999999999956e+00	1.105906215017389387e-02
2.860000000000000000e+02	1.379512401451426574e-04	8.675498638453156552e-02	5.658140889577475408e-01	2.000000000000000111e-01	1.199999999999999956e+00	4.144545589156492169e-03
2.870000000000000000e+02	1.016853602239758091e-02	1.552372212989387990e-01	1.229930750673731560e-01	2.000000000000000111e-01	1.199999999999999956e+00	5.725803999794142236e-03
2.880000000000000000e+02	1.715086299125055886e-03	2.059953882730014216e-02	7.210109557203139286e-01	2.000000000000000111e-01	1.199999999999999956e+00	8.857933831285599510e-03
2.890000000000000000e+02	2.114934433650463366e-03	2.469454571535736886e-02	7.257860832164240161e-01	2.000000000000000111e-01	1.199999999999999956e+00	7.338989826064537710e-03
2.900000000000000000e+02	1.733900751417956961e-03	9.942451296510332326e-02	4.986073838649472401e-01	2.000000000000000111e-01	1.199999999999999956e+00	4.792351489886719114e-03
2.910000000000000000e+02	1.399689837065908526e-03	1.684656226568624626e-01	1.226865971054856008e-01	2.000000000000000111e-01	1.199999999999999956e+00	1.414205439753876518e-02
2.920000000000000000e+02	4.790354527697004289e-03	2.043624663190428681e-01	-1.776184325080537585e-01	2.000000000000000111e-01	1.199999999999999956e+00	1.313203870681161831e-02
2.930000000000000000e+02	1.412097105364801047e-03	9.612702666355651959e-02	4.673028789841741637e-01	2.000000000000000111e-01	1.199999999999999956e+00	5.573031066315306536e-03
2.940000000000000000e+02	1.261316478428517896e-03	1.294919655206143994e-01	4.017015517072263786e-01	2.000000000000000111e-01	1.199999999999999956e+00	4.689622991639732195e-03
2.950000000000000000e+02	5.604420106720632479e-04	1.839815910307773250e-01	2.875969806820690700e-01	2.000000000000000111e-01	1.199999999999999956e+00	8.936754620630071519e-03
2.960000000000000000e+02	8.927394952962861355e-03	1.521136836104951262e-01	1.890188243588691308e-01	2.000000000000000111e-01	1.199999999999999956e+00	5.627315947499674995e-03
2.970000000000000000e+02	1.157944122964118215e-03	4.607141344952514483e-02	6.062199475180082286e-01	2.000000000000000111e-01	1.199999999999999956e+00	4.941895125698125488e-03
2.980000000000000000e+02	1.446867020367136047e-03	1.228148058965977535e-01	3.590452174644193084e-01	2.000000000000000111e-01	1.199999999999999956e+00	4.983341679789885480e-03
2.990000000000000000e+02	2.125343876636178603e-03	2.744629266376470422e-01	-9.895482088473955828e-02	2.000000000000000111e-01	1.199999999999999956e+00	4.745328454711687620e-03
3.000000000000000000e+02	-4.582556996283041958e-03	3.238910104282216040e-01	-5.743310114830002533e-01	2.000000000000000111e-01	1.199999999999999956e+00	4.372338045009378782e-02
3.010000000000000000e+02	1.482571980358898985e-02	-3.619293805075951553e-02	8.293501770813621610e-01	2.000000000000000111e-01	1.199999999999999956e+00	3.685022470200847305e-02
3.020000000000000000e+02	5.408306507391809868e-03	2.266485029812985996e-01	6.544609850770977122e-02	2.000000000000000111e-01	1.199999999999999956e+00	6.570491501175246621e-03
3.030000000000000000e+02	3.266995931225045828e-03	1.733068365873894831e-02	6.898840232247774873e-01	2.000000000000000111e-01	1.199999999999999956e+00	4.714920406130319527e-03
3.040000000000000000e+02	2.027151363514744387e-03	1.309273804782039030e-01	2.327864826590003711e-01	2.000000000000000111e-01	1.199999999999999956e+00	2.675785541250898236e-03
3.050000000000000000e+02	1.378259665756398312e-03	4.362671020945996236e-02	5.869882238702057720e-01	2.000000000000000111e-01	1.199999999999999956e+00	5.024406028924971283e-03
3.060000000000000000e+02	4.217659236963032000e-03	8.459672772683542175e-02	4.042281794645447013e-01	2.000000000000000111e-01	1.199999999999999956e+00	1.944389338457689839e-02
3.070000000000000000e+02	-2.184628922938491348e-03	2.102889179669272524e-01	-2.081074546710076634e-01	2.000000000000000111e-01	1.199999999999999956e+00	3.846126595445015922e-02
3.080000000000000000e+02	5.095022574105604468e-03	3.784366265262367746e-02	6.500214970431510420e-01	2.000000000000000111e-01	1.199999999999999956e+00	6.813097680741246956e-03
3.090000000000000000e+02	9.918383182030436965e-03	9.160499951051839784e-02	3.472220437631320378e-01	2.000000000000000111e-01	1.199999999999999956e+00	1.543270969007355491e-02
3.100000000000000000e+02	9.934644566436385063e-03	5.361501397967817217e-01	-5.772950539389918312e-01	2.000000000000000111e-01	1.199999999999999956e+00	5.512176278039705550e-03
3.110000000000000000e+02	3.812377088233663471e-03	1.030808070028961659e-01	4.898255691839685788e-01	2.000000000000000111e-01	1.199999999999999956e+00	1.391198253595834176e-02
3.120000000000000000e+02	-5.229222803145524429e-03	3.592332022727659502e-01	-1.006328034664014437e+00	2.000000000000000111e-01	1.199999999999999956e+00	3.449573490981711760e-02
3.130000000000000000e+02	-7.456843212884379504e-04	1.982016622443756038e-01	2.826329284961995314e-01	2.000000000000000111e-01	1.199999999999999956e+00	4.780480975385145194e-03
3.140000000000000000e+02	5.831359931124941408e-03	1.083186734916111726e-01	3.656428284591701217e-01	2.000000000000000111e-01	1.199999999999999956e+00	4.058639234970435640e-03
3.150000000000000000e+02	2.117188426150062169e-03	1.581529622616320019e-01	2.771629442799125598e-01	2.000000000000000111e-01	1.199999999999999956e+00	3.194099583549089415e-03
3.160000000000000000e+02	1.591278069055956706e-03	1.949383759314735898e-01	6.313110530250899688e-02	2.000000000000000111e-01	1.199999999999999956e+00	2.249734243607229203e-03
3.170000000000000000e+02	6.549751898371970922e-03	8.515878196342421824e-02	4.905268493686791853e-01	2.000000000000000111e-01	1.199999999999999956e+00	5.878147828589716170e-03
3.180000000000000000e+02	-3.592778249576496463e-05	1.433695016072746853e-01	4.459608174460523711e-01	2.000000000000000111e-01	1.199999999999999956e+00	9.877918626300306176e-03
3.190000000000000000e+02	4.687199460230745407e-03	1.697623539765038270e-01	2.277355369567681809e-01	2.000000000000000111e-01	1.199999999999999956e+00	3.932601844276135093e-03
3.200000000000000000e+02	9.126008384524458839e-04	5.637752412632576066e-02	7.315529412887049610e-01	2.000000000000000111e-01	1.199999999999999956e+00	4.816709511489197099e-02
3.210000000000000000e+02	5.190055360981655867e-03	9.388409631314861836e-02	3.710925396160285605e-01	2.000000000000000111e-01	1.199999999999999956e+00	1.050996493903185065e-02
3.220000000000000000e+02	2.000121205823897526e-03	1.985663485042125087e-01	-5.644479722211530326e-02	2.000000000000000111e-01	1.199999999999999956e+00	2.854470616041572800e-03
3.230000000000000000e+02	3.631746317025982655e-03	7.227578927522471108e-02	5.791992853370289129e-01	2.000000000000000111e-01	1.199999999999999956e+00	7.299473633837126781e-03
3.240000000000000000e+02	3.018003246386979400e-03	3.357282966527663781e-01	-2.522646189846424192e-01	2.000000000000000111e-01	1.199999999999999956e+00	5.495355216975827441e-03
3.250000000000000000e+02	2.436342448588108383e-05	1.559848525339070091e-01	3.702938822103328809e-01	2.000000000000000111e-01	1.199999999999999956e+00	8.894570472330413577e-03
3.260000000000000000e+02	-1.632494208691449844e-02	6.604932555175947462e-01	-1.407561458871746218e+00	2.000000000000000111e-01	1.199999999999999956e+00	2.724035353837929788e-02
3.270000000000000000e+02	5.538018044501534856e-03	1.252964408503633442e-01	4.829151272245362225e-01	2.000000000000000111e-01	1.199999999999999956e+00	1.507648904261533508e-02
3.280000000000000000e+02	1.423005300228349533e-03	8.401479619356415351e-02	4.918937285067078169e-01	2.000000000000000111e-01	1.199999999999999956e+00	5.894026084201277153e-03
3.290000000000000000e+02	-1.005094509858108290e-02	5.005721011410839694e-01	-1.106990538368050059e+00	2.000000000000000111e-01	1.199999999999999956e+00	2.684509432752446578e-02
3.300000000000000000e+02	5.563384335432130200e-03	6.174058541710146508e-02	5.583551942478790497e-01	2.000000000000000111e-01	1.199999999999999956e+00	1.087898754898468552e-02
3.310000000000000000e+02	-1.446375600469156977e-05	3.125116747552518226e-01	-2.040216728775638977e-01	2.000000000000000111e-01	1.199999999999999956e+00	5.956183560182444145e-03
3.320000000000000000e+02	-3.940498205879060939e-03	3.226577331537447413e-01	1.440962510311201983e-01	2.000000000000000111e-01	1.199999999999999956e+00	1.269323818793650395e-02
3.330000000000000000e+02	1.674506485745409204e-04	1.390080901567724847e-01	4.628385189274394351e-01	2.000000000000000111e-01	1.199999999999999956e+00	3.739976060078139836e-03
3.340000000000000000e+02	1.789296637685638350e-03	1.421358741163759876e-01	3.571163450883920731e-01	2.000000000000000111e-01	1.199999999999999956e+00	4.042325789952731958e-03
3.350000000000000000e+02	5.328826918830801423e-03	1.821632431498169946e-01	-5.134128420834331574e-02	2.000000000000000111e-01	1.199999999999999956e+00	4.223906467136776671e-03
3.360000000000000000e+02	1.366785175777464985e-03	1.367219756355733395e-01	2.544651971936696677e-01	2.000000000000000111e-01	1.199999999999999956e+00	1.824106786493255323e-03
3.370000000000000000e+02	3.012682318200915303e-03	1.225460424498430734e-01	4.612300999951934877e-01	2.000000000000000111e-01	1.199999999999999956e+00	9.073364777918192098e-03
3.380000000000000000e+02	3.611274257607329820e-03	1.750822355706480593e-01	-1.239427310409260963e-01	2.000000000000000111e-01	1.199999999999999956e+00	5.872639713774251320e-03
3.390000000000000000e+02	4.103948997414087578e-03	1.322601597293208975e-01	2.433580377544303230e-01	2.000000000000000111e-01	1.199999999999999956e+00	5.501837542716742080e-03
3.400000000000000000e+02	7.342507727583902485e-04	2.876067070292903094e-01	-1.619831281669734113e-01	2.000000000000000111e-01	1.199999999999999956e+00	4.036071590362435603e-03
3.410000000000000000e+02	4.865449043421833826e-03	1.645253927031177510e-01	2.789723668772897680e-01	2.000000000000000111e-01	1.199999999999999956e+00	1.015205321128225327e-02
3.420000000000000000e+02	1.136905412544184264e-03	1.073928561298243822e-01	4.709797905555557773e-01	2.000000000000000111e-01	1.199999999999999956e+00	4.977853355071881584e-03
3.430000000000000000e+02	1.979422949372719974e-03	1.547720546954553522e-01	1.663218247382241832e-01	2.000000000000000111e-01	1.199999999999999956e+00	2.197908706463725780e-03
3.440000000000000000e+02	-4.875115688786876671e-03	4.443374857750308493e-01	-3.992577560114556334e-01	2.000000000000000111e-01	1.199999999999999956e+00	6.664403364583335043e-03
3.450000000000000000e+02	4.028871680939074933e-03	5.017356363566633642e-02	5.961960657481824022e-01	2.000000000000000111e-01	1.199999999999999956e+00	1.231150381076279686e-02
3.460000000000000000e+02	7.706189481937876333e-04	5.460802159311879678e-02	5.199676738382605912e-01	2.000000000000000111e-01	1.199999999999999956e+00	3.228142977255895382e-03
3.470000000000000000e+02	8.561229277688364335e-04	6.882769333481345009e-02	5.982095987926424607e-01	2.000000000000000111e-01	1.199999999999999956e+00	5.404734447814490798e-03
3.480000000000000000e+02	3.958047719117041216e-03	7.312322091100106891e-02	5.827185797831605507e-01	2.000000000000000111e-01	1.199999999999999956e+00	1.539776753810838221e-02
3.490000000000000000e+02	-1.839561768537352005e-04	2.369182361597478026e-01	2.283092606144603576e-01	2.000000000000000111e-01	1.199999999999999956e+00	1.292039955209626015e-02
3.500000000000000000e+02	1.279912787834025468e-03	1.848845171512051577e-01	1.949341681782276459e-01	2.000000000000000111e-01	1.199999999999999956e+00	3.994519434679456686e-03
3.510000000000000000e+02	1.927243220515698508e-03	1.008063605792416939e-02	7.946901232893742728e-01	2.000000000000000111e-01	1.199999999999999956e+00	9.865698896584867983e-03
3.520000000000000000e+02	8.437885320420787075e-05	1.598201979522284044e-01	4.478515057837196278e-01	2.000000000000000111e-01	1.199999999999999956e+00	7.837085921116282786e-03
3.530000000000000000e+02	-3.158871600048532183e-04	9.071651724736108646e-02	4.282225344387010080e-01	2.000000000000000111e-01	1.199999999999999956e+00	2.056064220960462929e-02
3.540000000000000000e+02	3.054093946246582737e-03	4.341929397765308812e-02	7.366914080738209414e-01	2.000000000000000111e-01	1.199999999999999956e+00	1.802576130625086967e-02
3.550000000000000000e+02	-1.069178372297399779e-03	1.719910123995772311e-01	-7.734827735687820061e-02	2.000000000000000111e-01	1.199999999999999956e+00	7.257719708862596375e-02
3.560000000000000000e+02	3.054728706683626591e-03	2.371702194197056746e-01	1.126171039026729326e-01	2.000000000000000111e-01	1.199999999999999956e+00	5.848650072679113972e-03
3.570000000000000000e+02	6.672756971501958914e-03	1.944829729368820204e-01	7.046146041009959671e-02	2.000000000000000111e-01	1.199999999999999956e+00	4.206219900644928185e-03
3.580000000000000000e+02	-4.063659908511156778e-04	8.934310016270843868e-02	2.671367814560940968e-01	2.000000000000000111e-01	1.199999999999999956e+00	2.787081208058670226e-02
3.590000000000000000e+02	-4.539210748928398584e-03	3.326848263559762375e-01	-7.184413519728614084e-01	2.000000000000000111e-01	1.199999999999999956e+00	7.706342200663143793e-02
3.600000000000000000e+02	2.552486810218823100e-03	1.563992766578090055e-01	1.154802375144934473e-01	2.000000000000000111e-01	1.199999999999999956e+00	2.791558945755136505e-03
3.610000000000000000e+02	4.012664399142412144e-04	2.658514051703612657e-01	-6.098384812207936767e-02	2.000000000000000111e-01	1.199999999999999956e+00	6.093235698626954695e-03
3.620000000000000000e+02	3.144171009077244023e-03	1.313105110488586857e-01	3.305546145144744319e-01	2.000000000000000111e-01	1.199999999999999956e+00	3.979079909912221040e-03
3.630000000000000000e+02	1.586867395667065353e-03	1.434901726051200921e-01	3.365621896478707686e-01	2.000000000000000111e-01	1.199999999999999956e+00	6.964067350583100745e-03
3.640000000000000000e+02	2.875638562197370494e-03	2.062589960449746074e-01	1.233561457957957352e-01	2.000000000000000111e-01	1.199999999999999956e+00	3.935863279543005445e-03
3.650000000000000000e+02	2.524354341667773855e-03	1.299027002241524564e-01	2.141787843096848443e-01	2.000000000000000111e-01	1.199999999999999956e+00	4.334534077917256978e-03
3.660000000000000000e+02	8.860334446088009505e-03	1.674681226868306450e-01	2.650710853853411320e-01	2.000000000000000111e-01	1.199999999999999956e+00	1.048587937556364098e-02
3.670000000000000000e+02	4.208343868555953528e-03	2.444655630673183144e-01	-1.901512333437456112e-02	2.000000000000000111e-01	1.199999999999999956e+00	2.583721563395673191e-03
3.680000000000000000e+02	2.707418357619241489e-02	2.100483258300698541e-01	-1.205111524004195828e-01	2.000000000000000111e-01	1.199999999999999956e+00	1.184296484605665625e-02
3.690000000000000000e+02	2.383145203677081853e-03	1.899302849090910295e-01	-6.257525176453387905e-02	2.000000000000000111e-01	1.199999999999999956e+00	1.105911829978198022e-02
3.700000000000000000e+02	5.744290496452926498e-03	4.396130467076513754e-02	6.732066194640329293e-01	2.000000000000000111e-01	1.199999999999999956e+00	1.018919407587643225e-02
3.710000000000000000e+02	5.354574176823673507e-04	1.379470561985136901e-01	4.864385572132987057e-01	2.000000000000000111e-01	1.199999999999999956e+00	8.118218569264848763e-03
3.720000000000000000e+02	8.623049796028476677e-04	2.251394897908583215e-01	2.134139175134364130e-02	2.000000000000000111e-01	1.199999999999999956e+00	4.433585110875582457e-03
3.730000000000000000e+02	4.067493503678078562e-03	1.973820769891360405e-01	1.350522967786885464e-01	2.000000000000000111e-01	1.199999999999999956e+00	8.530799233517417576e-03
3.740000000000000000e+02	6.162921019776818879e-04	2.435695830859357369e-01	5.622426381478941998e-02	2.000000000000000111e-01	1.199999999999999956e+00	5.349202045992836226e-03
3.750000000000000000e+02	1.224005848612147148e-03	8.385007227930688090e-02	4.946846471204884854e-01	2.000000000000000111e-01	1.199999999999999956e+00	5.186659018325388663e-03
3.760000000000000000e+02	1.030994911571179789e-03	1.400462200752514708e-01	4.403664449282461146e-01	2.000000000000000111e-01	1.199999999999999956e+00	5.198863420103527234e-03
3.770000000000000000e+02	2.412932599390081524e-04	2.041862929072379707e-01	2.152583925387455688e-01	2.000000000000000111e-01	1.199999999999999956e+00	5.184094311641217374e-03
3.780000000000000000e+02	2.213973267629312097e-03	1.024987795784822742e-01	4.936214788446345314e-01	2.000000000000000111e-01	1.199999999999999956e+00	6.589906592189683117e-03
3.790000000000000000e+02	8.189394813536759131e-05	1.319513981462431262e-01	2.834894375490388252e-01	2.000000000000000111e-01	1.199999999999999956e+00	3.846146481203258170e-03
3.800000000000000000e+02	3.522958118853886989e-04	1.101121425608684867e-01	4.288922378105622379e-01	2.000000000000000111e-01	1.199999999999999956e+00	1.194615795278071262e-02
3.810000000000000000e+02	2.845635497958965299e-03	5.182385407046725956e-02	6.481956052180974925e-01	2.000000000000000111e-01	1.199999999999999956e+00	8.891905058524359265e-03
3.820000000000000000e+02	9.833313987912645996e-04	1.327729806597394424e-01	3.613486232861997660e-01	2.000000000000000111e-01	1.199999999999999956e+00	2.079244987484723389e-03
3.830000000000000000e+02	3.285535375240044350e-03	6.745203375565690662e-02	4.995539153860917847e-01	2.000000000000000111e-01	1.199999999999999956e+00	1.084889011683264071e-02
